0.871266 0.0111843 0.0503824 0.0364346 0.00358548 0.00118875 0.0259585 
0.867638 0.0121132 0.0505975 0.0338112 0.00254579 0.00156459 0.0317302 
0.853853 0.0113002 0.0619038 0.0323534 0.00300245 0.00130604 0.0362807 
0.851833 0.0128059 0.0550838 0.0480432 0.00339858 0.00108349 0.0277525 
0.87159 0.0115614 0.0499769 0.0352973 0.00396274 0.00125225 0.0263597 
0.858173 0.012017 0.0517512 0.0392516 0.00230844 0.00152241 0.034976 
0.85124 0.0116159 0.052392 0.049628 0.00205956 0.00148432 0.0315801 
0.85065 0.0105012 0.0568107 0.0460307 0.00186347 0.00183539 0.032309 
0.842205 0.0106379 0.0502441 0.0602759 0.00304097 0.00173672 0.0318598 
0.845015 0.0113444 0.0456412 0.058928 0.00366214 0.00200929 0.0334003 
0.855502 0.0114217 0.047041 0.0522383 0.00235191 0.001976 0.0294691 
0.862283 0.0118256 0.042451 0.0278706 0.00478748 0.00226858 0.0485139 
0.825958 0.0345682 0.0360754 0.00439367 0.00877439 0.0102168 0.0800137 
0.872744 0.0236807 0.0365353 0.010629 0.0052908 0.00292594 0.0481943 
0.869685 0.0235827 0.0382572 0.00850779 0.0049615 0.00399087 0.0510149 
0.852714 0.0342813 0.0338911 0.00416228 0.00618385 0.0121384 0.0566295 
0.882436 0.0273258 0.0331439 0.0115897 0.00525242 0.00393431 0.0363176 
0.887576 0.0262037 0.0306539 0.0172347 0.0048864 0.00293954 0.0305054 
0.89036 0.0285179 0.027777 0.0176536 0.00489637 0.00361706 0.0271784 
0.884516 0.0258252 0.0284332 0.0267288 0.0039412 0.00310804 0.0274477 
0.875076 0.0200728 0.0378587 0.0265957 0.00293181 0.00201754 0.0354475 
0.862862 0.0276834 0.0302671 0.0442204 0.00410381 0.00263813 0.0282256 
0.866515 0.0197705 0.0356028 0.043979 0.00284121 0.00194306 0.0293489 
0.850356 0.0196148 0.0295361 0.0700266 0.00463632 0.00204359 0.0237866 
0.857662 0.0197568 0.0333169 0.0637996 0.00332006 0.0015012 0.0206434 
0.827159 0.0169973 0.0341476 0.0917273 0.00443519 0.00158918 0.0239445 
0.79877 0.019597 0.0368883 0.105619 0.00379489 0.00197445 0.0333569 
0.856714 0.0194353 0.0371323 0.0573539 0.00326453 0.00137501 0.0247249 
0.843039 0.0140821 0.0430877 0.0597897 0.00244504 0.00146497 0.0360916 
0.820732 0.0147445 0.0484659 0.0544601 0.00233105 0.00160495 0.0576611 
0.841655 0.01431 0.0434373 0.0539494 0.00251337 0.00167561 0.0424589 
0.847107 0.0134216 0.0431345 0.0387595 0.00320764 0.00154876 0.052821 
0.846027 0.014026 0.0440772 0.0519732 0.00322741 0.00124653 0.039423 
0.834312 0.0161552 0.0454709 0.0586351 0.00191116 0.00178154 0.0417345 
0.856071 0.0157009 0.044834 0.0330427 0.00198942 0.00149357 0.0468686 
0.845019 0.0147551 0.046547 0.0415878 0.00180513 0.00148841 0.0487976 
0.840617 0.0120388 0.0573563 0.0405493 0.00204062 0.00124554 0.0461527 
0.843072 0.0123485 0.0536916 0.0318192 0.00166923 0.00170339 0.055696 
0.830728 0.0107877 0.0569862 0.0309737 0.00149084 0.00180755 0.0672264 
0.868714 0.015235 0.0434803 0.0221039 0.0018652 0.00211259 0.0464889 
0.900365 0.0179629 0.0304033 0.0204687 0.00175168 0.00345562 0.0255933 
0.880812 0.0146748 0.0364448 0.0349477 0.00186839 0.0023886 0.0288642 
0.871266 0.0111843 0.0503824 0.0364346 0.00358548 0.00118875 0.0259585 
0.867638 0.0121132 0.0505975 0.0338112 0.00254579 0.00156459 0.0317302 
0.853853 0.0113002 0.0619038 0.0323534 0.00300245 0.00130604 0.0362807 
0.851833 0.0128059 0.0550838 0.0480432 0.00339858 0.00108349 0.0277525 
0.87159 0.0115614 0.0499769 0.0352973 0.00396274 0.00125225 0.0263597 
0.858173 0.012017 0.0517512 0.0392516 0.00230844 0.00152241 0.034976 
0.85124 0.0116159 0.052392 0.049628 0.00205956 0.00148432 0.0315801 
0.85065 0.0105012 0.0568107 0.0460307 0.00186347 0.00183539 0.032309 
0.842205 0.0106379 0.0502441 0.0602759 0.00304097 0.00173672 0.0318598 
0.845015 0.0113444 0.0456412 0.058928 0.00366214 0.00200929 0.0334003 
0.855502 0.0114217 0.047041 0.0522383 0.00235191 0.001976 0.0294691 
0.862283 0.0118256 0.042451 0.0278706 0.00478748 0.00226858 0.0485139 
0.825958 0.0345682 0.0360754 0.00439367 0.00877439 0.0102168 0.0800137 
0.872744 0.0236807 0.0365353 0.010629 0.0052908 0.00292594 0.0481943 
0.869685 0.0235827 0.0382572 0.00850779 0.0049615 0.00399087 0.0510149 
0.852714 0.0342813 0.0338911 0.00416228 0.00618385 0.0121384 0.0566295 
0.882436 0.0273258 0.0331439 0.0115897 0.00525242 0.00393431 0.0363176 
0.887576 0.0262037 0.0306539 0.0172347 0.0048864 0.00293954 0.0305054 
0.89036 0.0285179 0.027777 0.0176536 0.00489637 0.00361706 0.0271784 
0.884516 0.0258252 0.0284332 0.0267288 0.0039412 0.00310804 0.0274477 
0.875076 0.0200728 0.0378587 0.0265957 0.00293181 0.00201754 0.0354475 
0.862862 0.0276834 0.0302671 0.0442204 0.00410381 0.00263813 0.0282256 
0.866515 0.0197705 0.0356028 0.043979 0.00284121 0.00194306 0.0293489 
0.850356 0.0196148 0.0295361 0.0700266 0.00463632 0.00204359 0.0237866 
0.857662 0.0197568 0.0333169 0.0637996 0.00332006 0.0015012 0.0206434 
0.827159 0.0169973 0.0341476 0.0917273 0.00443519 0.00158918 0.0239445 
0.79877 0.019597 0.0368883 0.105619 0.00379489 0.00197445 0.0333569 
0.856714 0.0194353 0.0371323 0.0573539 0.00326453 0.00137501 0.0247249 
0.843039 0.0140821 0.0430877 0.0597897 0.00244504 0.00146497 0.0360916 
0.820732 0.0147445 0.0484659 0.0544601 0.00233105 0.00160495 0.0576611 
0.841655 0.01431 0.0434373 0.0539494 0.00251337 0.00167561 0.0424589 
0.847107 0.0134216 0.0431345 0.0387595 0.00320764 0.00154876 0.052821 
0.846027 0.014026 0.0440772 0.0519732 0.00322741 0.00124653 0.039423 
0.834312 0.0161552 0.0454709 0.0586351 0.00191116 0.00178154 0.0417345 
0.856071 0.0157009 0.044834 0.0330427 0.00198942 0.00149357 0.0468686 
0.845019 0.0147551 0.046547 0.0415878 0.00180513 0.00148841 0.0487976 
0.840617 0.0120388 0.0573563 0.0405493 0.00204062 0.00124554 0.0461527 
0.843072 0.0123485 0.0536916 0.0318192 0.00166923 0.00170339 0.055696 
0.830728 0.0107877 0.0569862 0.0309737 0.00149084 0.00180755 0.0672264 
0.868714 0.015235 0.0434803 0.0221039 0.0018652 0.00211259 0.0464889 
0.900365 0.0179629 0.0304033 0.0204687 0.00175168 0.00345562 0.0255933 
0.880812 0.0146748 0.0364448 0.0349477 0.00186839 0.0023886 0.0288642 
0.0159081 0.929721 2.61928E-4 0.0151363 0.0303285 0.0053892 0.00325473 
0.022966 0.936488 3.19511E-4 0.0174925 0.015828 0.00377728 0.0031291 
0.0283008 0.905384 3.63686E-4 0.0203211 0.0366022 0.00547504 0.00355309 
0.0569171 0.88843 8.26672E-4 0.0294548 0.0125068 0.00622038 0.00564409 
0.0942119 0.831627 0.00153137 0.0501823 0.0104542 0.00532957 0.00666335 
0.138331 0.796014 0.00275086 0.0397087 0.00507087 0.00911317 0.00901143 
0.211704 0.712568 0.00482311 0.0412454 0.00431408 0.0121471 0.0131984 
0.426298 0.442391 0.0111803 0.0758521 0.00779793 0.0105561 0.0259237 
0.495135 0.383117 0.0140939 0.0593899 0.00663342 0.0118653 0.0297649 
0.516183 0.32171 0.0165945 0.103927 0.00509134 0.0157304 0.0207634 
0.494738 0.296647 0.0198368 0.149789 0.00525636 0.0132343 0.0204985 
0.444801 0.322548 0.0160723 0.182776 0.00667091 0.0107459 0.0163859 
0.424862 0.327658 0.018662 0.184249 0.00672587 0.0183065 0.0195357 
0.37229 0.305192 0.0181553 0.266521 0.00711133 0.0121774 0.0185535 
0.407853 0.299398 0.0179224 0.239716 0.00650218 0.0107395 0.0178678 
0.521661 0.209236 0.0155632 0.220462 0.00813507 0.00651894 0.0184238 
0.515814 0.232154 0.0165726 0.202807 0.00800912 0.00638655 0.0182568 
0.568534 0.19865 0.0168973 0.178769 0.00864801 0.0055331 0.0229682 
0.526783 0.221433 0.0155519 0.198912 0.0102082 0.00533561 0.0217768 
0.5837 0.206597 0.0172445 0.164876 0.00653989 0.00387295 0.0171693 
0.555773 0.234893 0.0167945 0.163947 0.00681515 0.00466034 0.0171171 
0.56556 0.222495 0.0170829 0.160147 0.00715971 0.0064286 0.0211275 
0.582624 0.219752 0.0151005 0.152097 0.00711765 0.00562194 0.0176872 
0.59769 0.17713 0.0150242 0.179361 0.00877614 0.00398486 0.0180343 
0.579838 0.209745 0.0154937 0.160838 0.00860292 0.00402964 0.0214534 
0.626359 0.186875 0.0168813 0.135656 0.00750621 0.00450137 0.0222212 
0.605918 0.128505 0.0203429 0.208824 0.00582917 0.00637839 0.0242031 
0.596453 0.162545 0.0195639 0.189616 0.00609366 0.00507768 0.0206501 
0.641205 0.171857 0.0209295 0.128852 0.00544044 0.00886077 0.0228558 
0.657629 0.137124 0.0200414 0.149733 0.00635983 0.00848885 0.0206232 
0.663987 0.103921 0.0200682 0.18131 0.00491721 0.00736059 0.0184358 
0.674879 0.102948 0.0245925 0.160693 0.00399432 0.0088342 0.0240582 
0.69423 0.0995396 0.0248419 0.151851 0.00395627 0.006905 0.0186759 
0.701355 0.118245 0.0220486 0.122724 0.004852 0.00963013 0.0211461 
0.73485 0.105642 0.023234 0.0925407 0.00568232 0.0109293 0.027121 
0.756967 0.111135 0.0247719 0.0649272 0.00441455 0.0129358 0.0248487 
0.743932 0.0882357 0.0260682 0.103516 0.00497337 0.00875803 0.0245169 
0.782311 0.0725659 0.0320381 0.0780782 0.00353599 0.00626906 0.0252018 
0.78633 0.0800137 0.026909 0.0703979 0.0036855 0.0102581 0.0224061 
0.778729 0.0687348 0.0258553 0.101745 0.00433158 0.00486084 0.0157433 
0.798617 0.0632126 0.0270581 0.0794986 0.00404501 0.00670888 0.0208601 
0.805951 0.043391 0.030381 0.0880809 0.00287555 0.00440668 0.0249141 
0.831118 0.0389747 0.0286568 0.0635918 0.00316619 0.00285078 0.0316422 
0.813198 0.030117 0.0340043 0.0869256 0.00276392 0.0022907 0.0307001 
0.80677 0.0231801 0.0378901 0.0951518 0.0026525 0.0020419 0.0323139 
0.823484 0.0258885 0.0324499 0.0791161 0.00349726 0.0021552 0.0334085 
0.819384 0.0177609 0.0484049 0.0407042 0.00194174 0.00213315 0.0696709 
0.821379 0.0192146 0.041098 0.0690529 0.00236878 0.00195253 0.0449341 
0.8278 0.0155588 0.0508603 0.0454487 0.0018627 0.00185377 0.0566155 
0.828001 0.0154817 0.051348 0.0425649 0.00178261 0.00232726 0.0584942 
0.824504 0.017928 0.0458559 0.0465209 0.00239172 0.00256393 0.0602352 
0.8561 0.0191881 0.0381645 0.0355696 0.00231108 0.00248812 0.0461787 
0.850994 0.0172115 0.0433077 0.0351585 0.00243583 0.00240325 0.048489 
0.826622 0.0146318 0.0446333 0.0328984 0.0028659 0.00194046 0.0764076 
0.840927 0.0214686 0.0440387 0.0362579 0.0020113 0.00220479 0.0530912 
0.808462 0.0196862 0.0561873 0.0588459 0.00156884 0.0015871 0.053663 
0.809982 0.017155 0.0484519 0.0605548 0.00251029 0.00162945 0.0597168 
0.801882 0.0136197 0.056906 0.0693389 0.00216831 0.00144095 0.0546445 
0.742731 0.013012 0.070175 0.105805 0.0017942 0.00156902 0.0649137 
0.799109 0.0102369 0.0621 0.0552922 0.00163404 0.0021355 0.0694922 
0.806477 0.0116305 0.0645572 0.057333 0.00172687 0.00164993 0.0566257 
0.747895 0.0151328 0.0745475 0.0692254 0.00130867 0.00203158 0.0898593 
0.787156 0.0125538 0.0689424 0.0411412 0.00111132 0.00212774 0.0869676 
0.746237 0.0120435 0.0693746 0.0398966 0.00131897 0.00232733 0.128802 
0.780015 0.0128708 0.0671623 0.0350918 0.00168352 0.00215838 0.101018 
0.809813 0.0154292 0.0513112 0.0690007 0.0023352 0.00226843 0.0498418 
0.802037 0.0186698 0.0529267 0.0659708 0.00205349 0.00238591 0.0559564 
0.824282 0.0158683 0.0453219 0.0333694 0.00224265 0.00297273 0.0759434 
0.817384 0.0170864 0.0461451 0.0574292 0.00307858 0.00201081 0.0568657 
0.838068 0.0167119 0.0455103 0.0418974 0.00285936 0.00209288 0.0528607 
0.84821 0.0172582 0.0428911 0.0446691 0.00241344 0.00227366 0.0422841 
0.835188 0.0256811 0.0401577 0.0467554 0.00228769 0.00362429 0.0463059 
0.817007 0.0239801 0.0429117 0.065864 0.00227228 0.00322405 0.044741 
0.839509 0.0229121 0.0404655 0.060097 0.00228628 0.00309626 0.0316336 
0.840091 0.0272823 0.0376016 0.0615778 0.00237412 0.00272436 0.0283493 
0.816538 0.0270566 0.0345722 0.0924913 0.00333779 0.0024064 0.0235976 
0.830151 0.0216784 0.035138 0.0794107 0.00297897 0.0025488 0.0280943 
0.822914 0.0209125 0.0384916 0.0797063 0.00248236 0.00245704 0.0330362 
0.820774 0.0322646 0.0322865 0.0813897 0.00417872 0.00232893 0.0267776 
0.802353 0.025495 0.0391586 0.0966381 0.00266899 0.00252429 0.0311624 
0.809896 0.0262472 0.0381025 0.092791 0.0025948 0.00252064 0.0278479 
0.820016 0.0250079 0.0370943 0.0785646 0.00228687 0.00279949 0.0342312 
0.862933 0.0436932 0.028697 0.0143608 0.00491708 0.00633564 0.0390634 
0.863754 0.0323723 0.0268522 0.0321623 0.00440868 0.00485568 0.0355948 
0.84781 0.0279454 0.0336084 0.0509447 0.00254621 0.00442983 0.0327157 
0.832564 0.0263007 0.0321834 0.0759941 0.0033524 0.00244475 0.0271602 
0.849038 0.0297284 0.0307767 0.0524563 0.00467493 0.00273083 0.0305946 
0.842897 0.0231286 0.0344945 0.0447334 0.00367527 0.00333229 0.0477386 
0.86677 0.0255447 0.0306296 0.0325378 0.00291957 0.00313762 0.0384604 
0.868626 0.0247954 0.0310228 0.0334275 0.00396318 0.00227568 0.0358897 
0.869698 0.0233504 0.0353371 0.0283129 0.00298161 0.00286415 0.0374556 
0.862206 0.0218545 0.0333881 0.0437753 0.00375051 0.00192463 0.0331014 
0.840389 0.0191136 0.0394094 0.0505843 0.00301822 0.00191213 0.0455737 
0.828141 0.0225362 0.0425402 0.0671353 0.00246909 0.00230649 0.0348718 
0.842862 0.0206296 0.0459678 0.0596256 0.0023353 0.0016652 0.0269145 
0.860064 0.0285089 0.036451 0.0439941 0.00347655 0.0024948 0.025011 
0.867601 0.0246292 0.039108 0.0415831 0.00224986 0.00252343 0.022305 
0.85244 0.0244589 0.039501 0.0433137 0.00259177 0.00330884 0.0343861 
0.862944 0.0204889 0.0423938 0.0403345 0.00195461 0.00253261 0.0293518 
0.85472 0.022155 0.0483078 0.0371948 0.0017276 0.00270307 0.0331919 
0.0159081 0.929721 2.61928E-4 0.0151363 0.0303285 0.0053892 0.00325473 
0.022966 0.936488 3.19511E-4 0.0174925 0.015828 0.00377728 0.0031291 
0.0283008 0.905384 3.63686E-4 0.0203211 0.0366022 0.00547504 0.00355309 
0.0569171 0.88843 8.26672E-4 0.0294548 0.0125068 0.00622038 0.00564409 
0.0942119 0.831627 0.00153137 0.0501823 0.0104542 0.00532957 0.00666335 
0.138331 0.796014 0.00275086 0.0397087 0.00507087 0.00911317 0.00901143 
0.211704 0.712568 0.00482311 0.0412454 0.00431408 0.0121471 0.0131984 
0.426298 0.442391 0.0111803 0.0758521 0.00779793 0.0105561 0.0259237 
0.495135 0.383117 0.0140939 0.0593899 0.00663342 0.0118653 0.0297649 
0.516183 0.32171 0.0165945 0.103927 0.00509134 0.0157304 0.0207634 
0.494738 0.296647 0.0198368 0.149789 0.00525636 0.0132343 0.0204985 
0.444801 0.322548 0.0160723 0.182776 0.00667091 0.0107459 0.0163859 
0.424862 0.327658 0.018662 0.184249 0.00672587 0.0183065 0.0195357 
0.37229 0.305192 0.0181553 0.266521 0.00711133 0.0121774 0.0185535 
0.407853 0.299398 0.0179224 0.239716 0.00650218 0.0107395 0.0178678 
0.521661 0.209236 0.0155632 0.220462 0.00813507 0.00651894 0.0184238 
0.515814 0.232154 0.0165726 0.202807 0.00800912 0.00638655 0.0182568 
0.568534 0.19865 0.0168973 0.178769 0.00864801 0.0055331 0.0229682 
0.526783 0.221433 0.0155519 0.198912 0.0102082 0.00533561 0.0217768 
0.5837 0.206597 0.0172445 0.164876 0.00653989 0.00387295 0.0171693 
0.555773 0.234893 0.0167945 0.163947 0.00681515 0.00466034 0.0171171 
0.56556 0.222495 0.0170829 0.160147 0.00715971 0.0064286 0.0211275 
0.582624 0.219752 0.0151005 0.152097 0.00711765 0.00562194 0.0176872 
0.59769 0.17713 0.0150242 0.179361 0.00877614 0.00398486 0.0180343 
0.579838 0.209745 0.0154937 0.160838 0.00860292 0.00402964 0.0214534 
0.626359 0.186875 0.0168813 0.135656 0.00750621 0.00450137 0.0222212 
0.605918 0.128505 0.0203429 0.208824 0.00582917 0.00637839 0.0242031 
0.596453 0.162545 0.0195639 0.189616 0.00609366 0.00507768 0.0206501 
0.641205 0.171857 0.0209295 0.128852 0.00544044 0.00886077 0.0228558 
0.657629 0.137124 0.0200414 0.149733 0.00635983 0.00848885 0.0206232 
0.663987 0.103921 0.0200682 0.18131 0.00491721 0.00736059 0.0184358 
0.674879 0.102948 0.0245925 0.160693 0.00399432 0.0088342 0.0240582 
0.69423 0.0995396 0.0248419 0.151851 0.00395627 0.006905 0.0186759 
0.701355 0.118245 0.0220486 0.122724 0.004852 0.00963013 0.0211461 
0.73485 0.105642 0.023234 0.0925407 0.00568232 0.0109293 0.027121 
0.756967 0.111135 0.0247719 0.0649272 0.00441455 0.0129358 0.0248487 
0.743932 0.0882357 0.0260682 0.103516 0.00497337 0.00875803 0.0245169 
0.782311 0.0725659 0.0320381 0.0780782 0.00353599 0.00626906 0.0252018 
0.78633 0.0800137 0.026909 0.0703979 0.0036855 0.0102581 0.0224061 
0.778729 0.0687348 0.0258553 0.101745 0.00433158 0.00486084 0.0157433 
0.798617 0.0632126 0.0270581 0.0794986 0.00404501 0.00670888 0.0208601 
0.805951 0.043391 0.030381 0.0880809 0.00287555 0.00440668 0.0249141 
0.831118 0.0389747 0.0286568 0.0635918 0.00316619 0.00285078 0.0316422 
0.813198 0.030117 0.0340043 0.0869256 0.00276392 0.0022907 0.0307001 
0.80677 0.0231801 0.0378901 0.0951518 0.0026525 0.0020419 0.0323139 
0.823484 0.0258885 0.0324499 0.0791161 0.00349726 0.0021552 0.0334085 
0.819384 0.0177609 0.0484049 0.0407042 0.00194174 0.00213315 0.0696709 
0.821379 0.0192146 0.041098 0.0690529 0.00236878 0.00195253 0.0449341 
0.8278 0.0155588 0.0508603 0.0454487 0.0018627 0.00185377 0.0566155 
0.828001 0.0154817 0.051348 0.0425649 0.00178261 0.00232726 0.0584942 
0.824504 0.017928 0.0458559 0.0465209 0.00239172 0.00256393 0.0602352 
0.8561 0.0191881 0.0381645 0.0355696 0.00231108 0.00248812 0.0461787 
0.850994 0.0172115 0.0433077 0.0351585 0.00243583 0.00240325 0.048489 
0.826622 0.0146318 0.0446333 0.0328984 0.0028659 0.00194046 0.0764076 
0.840927 0.0214686 0.0440387 0.0362579 0.0020113 0.00220479 0.0530912 
0.808462 0.0196862 0.0561873 0.0588459 0.00156884 0.0015871 0.053663 
0.809982 0.017155 0.0484519 0.0605548 0.00251029 0.00162945 0.0597168 
0.801882 0.0136197 0.056906 0.0693389 0.00216831 0.00144095 0.0546445 
0.742731 0.013012 0.070175 0.105805 0.0017942 0.00156902 0.0649137 
0.799109 0.0102369 0.0621 0.0552922 0.00163404 0.0021355 0.0694922 
0.806477 0.0116305 0.0645572 0.057333 0.00172687 0.00164993 0.0566257 
0.747895 0.0151328 0.0745475 0.0692254 0.00130867 0.00203158 0.0898593 
0.787156 0.0125538 0.0689424 0.0411412 0.00111132 0.00212774 0.0869676 
0.746237 0.0120435 0.0693746 0.0398966 0.00131897 0.00232733 0.128802 
0.780015 0.0128708 0.0671623 0.0350918 0.00168352 0.00215838 0.101018 
0.809813 0.0154292 0.0513112 0.0690007 0.0023352 0.00226843 0.0498418 
0.802037 0.0186698 0.0529267 0.0659708 0.00205349 0.00238591 0.0559564 
0.824282 0.0158683 0.0453219 0.0333694 0.00224265 0.00297273 0.0759434 
0.817384 0.0170864 0.0461451 0.0574292 0.00307858 0.00201081 0.0568657 
0.838068 0.0167119 0.0455103 0.0418974 0.00285936 0.00209288 0.0528607 
0.84821 0.0172582 0.0428911 0.0446691 0.00241344 0.00227366 0.0422841 
0.835188 0.0256811 0.0401577 0.0467554 0.00228769 0.00362429 0.0463059 
0.817007 0.0239801 0.0429117 0.065864 0.00227228 0.00322405 0.044741 
0.839509 0.0229121 0.0404655 0.060097 0.00228628 0.00309626 0.0316336 
0.840091 0.0272823 0.0376016 0.0615778 0.00237412 0.00272436 0.0283493 
0.816538 0.0270566 0.0345722 0.0924913 0.00333779 0.0024064 0.0235976 
0.830151 0.0216784 0.035138 0.0794107 0.00297897 0.0025488 0.0280943 
0.822914 0.0209125 0.0384916 0.0797063 0.00248236 0.00245704 0.0330362 
0.820774 0.0322646 0.0322865 0.0813897 0.00417872 0.00232893 0.0267776 
0.802353 0.025495 0.0391586 0.0966381 0.00266899 0.00252429 0.0311624 
0.809896 0.0262472 0.0381025 0.092791 0.0025948 0.00252064 0.0278479 
0.820016 0.0250079 0.0370943 0.0785646 0.00228687 0.00279949 0.0342312 
0.862933 0.0436932 0.028697 0.0143608 0.00491708 0.00633564 0.0390634 
0.863754 0.0323723 0.0268522 0.0321623 0.00440868 0.00485568 0.0355948 
0.84781 0.0279454 0.0336084 0.0509447 0.00254621 0.00442983 0.0327157 
0.832564 0.0263007 0.0321834 0.0759941 0.0033524 0.00244475 0.0271602 
0.849038 0.0297284 0.0307767 0.0524563 0.00467493 0.00273083 0.0305946 
0.842897 0.0231286 0.0344945 0.0447334 0.00367527 0.00333229 0.0477386 
0.86677 0.0255447 0.0306296 0.0325378 0.00291957 0.00313762 0.0384604 
0.868626 0.0247954 0.0310228 0.0334275 0.00396318 0.00227568 0.0358897 
0.869698 0.0233504 0.0353371 0.0283129 0.00298161 0.00286415 0.0374556 
0.862206 0.0218545 0.0333881 0.0437753 0.00375051 0.00192463 0.0331014 
0.840389 0.0191136 0.0394094 0.0505843 0.00301822 0.00191213 0.0455737 
0.828141 0.0225362 0.0425402 0.0671353 0.00246909 0.00230649 0.0348718 
0.842862 0.0206296 0.0459678 0.0596256 0.0023353 0.0016652 0.0269145 
0.860064 0.0285089 0.036451 0.0439941 0.00347655 0.0024948 0.025011 
0.867601 0.0246292 0.039108 0.0415831 0.00224986 0.00252343 0.022305 
0.85244 0.0244589 0.039501 0.0433137 0.00259177 0.00330884 0.0343861 
0.862944 0.0204889 0.0423938 0.0403345 0.00195461 0.00253261 0.0293518 
0.85472 0.022155 0.0483078 0.0371948 0.0017276 0.00270307 0.0331919 
0.833452 0.0101306 0.0568665 0.0395367 0.00164822 0.00181144 0.0565548 
0.825869 0.00839459 0.0643045 0.0324441 0.00199238 0.00155443 0.0654414 
0.826548 0.011308 0.0527519 0.0540704 0.00196771 0.00166765 0.0516861 
0.805937 0.00858156 0.0615629 0.0354736 0.00185336 0.00196373 0.0846277 
0.830284 0.00958854 0.0546108 0.0459897 0.00220552 0.00197323 0.0553484 
0.823926 0.00872968 0.0623461 0.027738 0.00200585 0.00177986 0.0734749 
0.798418 0.00717898 0.0738321 0.0292527 0.00163117 0.00158853 0.0880983 
0.798737 0.0091856 0.0606244 0.0271028 0.0017988 0.0022205 0.100331 
0.818541 0.00771034 0.0656598 0.0399818 0.00201665 0.00145519 0.0646357 
0.813906 0.00826345 0.0658974 0.0324085 0.00181502 0.00157678 0.0761332 
0.805369 0.00834882 0.0748714 0.0279508 0.00158577 0.00168131 0.0801933 
0.776515 0.00742039 0.0851414 0.0388191 0.00127001 0.00147184 0.0893627 
0.806367 0.00773751 0.0807466 0.047329 0.0015001 0.00152993 0.0547895 
0.808725 0.00796825 0.073245 0.0627659 0.00153973 0.00116065 0.0445958 
0.826383 0.00874835 0.0650293 0.031062 0.00179317 0.00143801 0.0655462 
0.0159081 0.929721 2.61928E-4 0.0151363 0.0303285 0.0053892 0.00325473 
0.022966 0.936488 3.19511E-4 0.0174925 0.015828 0.00377728 0.0031291 
0.0283008 0.905384 3.63686E-4 0.0203211 0.0366022 0.00547504 0.00355309 
0.0569171 0.88843 8.26672E-4 0.0294548 0.0125068 0.00622038 0.00564409 
0.0942119 0.831627 0.00153137 0.0501823 0.0104542 0.00532957 0.00666335 
0.138331 0.796014 0.00275086 0.0397087 0.00507087 0.00911317 0.00901143 
0.211704 0.712568 0.00482311 0.0412454 0.00431408 0.0121471 0.0131984 
0.426298 0.442391 0.0111803 0.0758521 0.00779793 0.0105561 0.0259237 
0.495135 0.383117 0.0140939 0.0593899 0.00663342 0.0118653 0.0297649 
0.516183 0.32171 0.0165945 0.103927 0.00509134 0.0157304 0.0207634 
0.494738 0.296647 0.0198368 0.149789 0.00525636 0.0132343 0.0204985 
0.444801 0.322548 0.0160723 0.182776 0.00667091 0.0107459 0.0163859 
0.424862 0.327658 0.018662 0.184249 0.00672587 0.0183065 0.0195357 
0.37229 0.305192 0.0181553 0.266521 0.00711133 0.0121774 0.0185535 
0.407853 0.299398 0.0179224 0.239716 0.00650218 0.0107395 0.0178678 
0.521661 0.209236 0.0155632 0.220462 0.00813507 0.00651894 0.0184238 
0.515814 0.232154 0.0165726 0.202807 0.00800912 0.00638655 0.0182568 
0.568534 0.19865 0.0168973 0.178769 0.00864801 0.0055331 0.0229682 
0.526783 0.221433 0.0155519 0.198912 0.0102082 0.00533561 0.0217768 
0.5837 0.206597 0.0172445 0.164876 0.00653989 0.00387295 0.0171693 
0.555773 0.234893 0.0167945 0.163947 0.00681515 0.00466034 0.0171171 
0.56556 0.222495 0.0170829 0.160147 0.00715971 0.0064286 0.0211275 
0.582624 0.219752 0.0151005 0.152097 0.00711765 0.00562194 0.0176872 
0.59769 0.17713 0.0150242 0.179361 0.00877614 0.00398486 0.0180343 
0.579838 0.209745 0.0154937 0.160838 0.00860292 0.00402964 0.0214534 
0.626359 0.186875 0.0168813 0.135656 0.00750621 0.00450137 0.0222212 
0.605918 0.128505 0.0203429 0.208824 0.00582917 0.00637839 0.0242031 
0.596453 0.162545 0.0195639 0.189616 0.00609366 0.00507768 0.0206501 
0.641205 0.171857 0.0209295 0.128852 0.00544044 0.00886077 0.0228558 
0.657629 0.137124 0.0200414 0.149733 0.00635983 0.00848885 0.0206232 
0.663987 0.103921 0.0200682 0.18131 0.00491721 0.00736059 0.0184358 
0.674879 0.102948 0.0245925 0.160693 0.00399432 0.0088342 0.0240582 
0.69423 0.0995396 0.0248419 0.151851 0.00395627 0.006905 0.0186759 
0.701355 0.118245 0.0220486 0.122724 0.004852 0.00963013 0.0211461 
0.73485 0.105642 0.023234 0.0925407 0.00568232 0.0109293 0.027121 
0.756967 0.111135 0.0247719 0.0649272 0.00441455 0.0129358 0.0248487 
0.743932 0.0882357 0.0260682 0.103516 0.00497337 0.00875803 0.0245169 
0.782311 0.0725659 0.0320381 0.0780782 0.00353599 0.00626906 0.0252018 
0.78633 0.0800137 0.026909 0.0703979 0.0036855 0.0102581 0.0224061 
0.778729 0.0687348 0.0258553 0.101745 0.00433158 0.00486084 0.0157433 
0.798617 0.0632126 0.0270581 0.0794986 0.00404501 0.00670888 0.0208601 
0.805951 0.043391 0.030381 0.0880809 0.00287555 0.00440668 0.0249141 
0.831118 0.0389747 0.0286568 0.0635918 0.00316619 0.00285078 0.0316422 
0.813198 0.030117 0.0340043 0.0869256 0.00276392 0.0022907 0.0307001 
0.80677 0.0231801 0.0378901 0.0951518 0.0026525 0.0020419 0.0323139 
0.823484 0.0258885 0.0324499 0.0791161 0.00349726 0.0021552 0.0334085 
0.819384 0.0177609 0.0484049 0.0407042 0.00194174 0.00213315 0.0696709 
0.821379 0.0192146 0.041098 0.0690529 0.00236878 0.00195253 0.0449341 
0.8278 0.0155588 0.0508603 0.0454487 0.0018627 0.00185377 0.0566155 
0.828001 0.0154817 0.051348 0.0425649 0.00178261 0.00232726 0.0584942 
0.824504 0.017928 0.0458559 0.0465209 0.00239172 0.00256393 0.0602352 
0.8561 0.0191881 0.0381645 0.0355696 0.00231108 0.00248812 0.0461787 
0.850994 0.0172115 0.0433077 0.0351585 0.00243583 0.00240325 0.048489 
0.826622 0.0146318 0.0446333 0.0328984 0.0028659 0.00194046 0.0764076 
0.840927 0.0214686 0.0440387 0.0362579 0.0020113 0.00220479 0.0530912 
0.808462 0.0196862 0.0561873 0.0588459 0.00156884 0.0015871 0.053663 
0.809982 0.017155 0.0484519 0.0605548 0.00251029 0.00162945 0.0597168 
0.801882 0.0136197 0.056906 0.0693389 0.00216831 0.00144095 0.0546445 
0.742731 0.013012 0.070175 0.105805 0.0017942 0.00156902 0.0649137 
0.799109 0.0102369 0.0621 0.0552922 0.00163404 0.0021355 0.0694922 
0.806477 0.0116305 0.0645572 0.057333 0.00172687 0.00164993 0.0566257 
0.747895 0.0151328 0.0745475 0.0692254 0.00130867 0.00203158 0.0898593 
0.787156 0.0125538 0.0689424 0.0411412 0.00111132 0.00212774 0.0869676 
0.746237 0.0120435 0.0693746 0.0398966 0.00131897 0.00232733 0.128802 
0.780015 0.0128708 0.0671623 0.0350918 0.00168352 0.00215838 0.101018 
0.809813 0.0154292 0.0513112 0.0690007 0.0023352 0.00226843 0.0498418 
0.802037 0.0186698 0.0529267 0.0659708 0.00205349 0.00238591 0.0559564 
0.824282 0.0158683 0.0453219 0.0333694 0.00224265 0.00297273 0.0759434 
0.817384 0.0170864 0.0461451 0.0574292 0.00307858 0.00201081 0.0568657 
0.838068 0.0167119 0.0455103 0.0418974 0.00285936 0.00209288 0.0528607 
0.84821 0.0172582 0.0428911 0.0446691 0.00241344 0.00227366 0.0422841 
0.835188 0.0256811 0.0401577 0.0467554 0.00228769 0.00362429 0.0463059 
0.817007 0.0239801 0.0429117 0.065864 0.00227228 0.00322405 0.044741 
0.839509 0.0229121 0.0404655 0.060097 0.00228628 0.00309626 0.0316336 
0.840091 0.0272823 0.0376016 0.0615778 0.00237412 0.00272436 0.0283493 
0.816538 0.0270566 0.0345722 0.0924913 0.00333779 0.0024064 0.0235976 
0.830151 0.0216784 0.035138 0.0794107 0.00297897 0.0025488 0.0280943 
0.822914 0.0209125 0.0384916 0.0797063 0.00248236 0.00245704 0.0330362 
0.820774 0.0322646 0.0322865 0.0813897 0.00417872 0.00232893 0.0267776 
0.802353 0.025495 0.0391586 0.0966381 0.00266899 0.00252429 0.0311624 
0.809896 0.0262472 0.0381025 0.092791 0.0025948 0.00252064 0.0278479 
0.820016 0.0250079 0.0370943 0.0785646 0.00228687 0.00279949 0.0342312 
0.862933 0.0436932 0.028697 0.0143608 0.00491708 0.00633564 0.0390634 
0.863754 0.0323723 0.0268522 0.0321623 0.00440868 0.00485568 0.0355948 
0.84781 0.0279454 0.0336084 0.0509447 0.00254621 0.00442983 0.0327157 
0.832564 0.0263007 0.0321834 0.0759941 0.0033524 0.00244475 0.0271602 
0.849038 0.0297284 0.0307767 0.0524563 0.00467493 0.00273083 0.0305946 
0.842897 0.0231286 0.0344945 0.0447334 0.00367527 0.00333229 0.0477386 
0.86677 0.0255447 0.0306296 0.0325378 0.00291957 0.00313762 0.0384604 
0.868626 0.0247954 0.0310228 0.0334275 0.00396318 0.00227568 0.0358897 
0.869698 0.0233504 0.0353371 0.0283129 0.00298161 0.00286415 0.0374556 
0.862206 0.0218545 0.0333881 0.0437753 0.00375051 0.00192463 0.0331014 
0.840389 0.0191136 0.0394094 0.0505843 0.00301822 0.00191213 0.0455737 
0.828141 0.0225362 0.0425402 0.0671353 0.00246909 0.00230649 0.0348718 
0.842862 0.0206296 0.0459678 0.0596256 0.0023353 0.0016652 0.0269145 
0.860064 0.0285089 0.036451 0.0439941 0.00347655 0.0024948 0.025011 
0.867601 0.0246292 0.039108 0.0415831 0.00224986 0.00252343 0.022305 
0.85244 0.0244589 0.039501 0.0433137 0.00259177 0.00330884 0.0343861 
0.862944 0.0204889 0.0423938 0.0403345 0.00195461 0.00253261 0.0293518 
0.85472 0.022155 0.0483078 0.0371948 0.0017276 0.00270307 0.0331919 
0.825452 0.00988874 0.0767471 0.0417378 0.00149131 0.00172413 0.0429594 
0.812982 0.0115331 0.082058 0.0512083 0.00178279 0.00136528 0.039071 
0.816262 0.00888622 0.08238 0.0480406 0.0022235 0.00125413 0.040953 
0.807024 0.0121926 0.0672784 0.072058 0.00293692 0.00138414 0.0371263 
0.827029 0.0101938 0.070448 0.0458282 0.00188119 0.00214081 0.0424788 
0.845898 0.012209 0.0603656 0.0288784 0.00170377 0.00254852 0.0483965 
0.812306 0.0118572 0.0669235 0.0558493 0.00209574 0.00198887 0.0489797 
0.833756 0.00992815 0.0654807 0.0304432 0.00219079 0.00194287 0.0562578 
0.847855 0.0106859 0.0641993 0.0282159 0.001798 0.00207973 0.0451665 
0.851639 0.0103296 0.0658107 0.0251259 0.00214736 0.00186587 0.0430815 
0.845479 0.00992597 0.0664003 0.0327667 0.00189696 0.00171557 0.0418156 
0.841557 0.0119372 0.0640262 0.0358755 0.00210556 0.0016087 0.0428901 
0.843737 0.0117755 0.0658097 0.0306154 0.00219516 0.0016926 0.0441749 
0.83935 0.0111254 0.0749303 0.0319634 0.00247155 0.0019118 0.0382473 
0.847359 0.0116296 0.0669088 0.032723 0.00294791 0.00149988 0.0369317 
0.851151 0.0137011 0.0681454 0.0235362 0.00226782 0.0015886 0.0396099 
0.859728 0.0154871 0.0601123 0.0295682 0.00248144 0.00173853 0.0308843 
0.858169 0.0133649 0.0592739 0.0317719 0.00248382 0.00177237 0.0331639 
0.867895 0.016955 0.051599 0.0241802 0.0030642 0.00166325 0.0346436 
0.86265 0.0142913 0.0597502 0.0274851 0.00197675 0.00161879 0.0322282 
0.867719 0.0109606 0.0601371 0.0271333 0.00253584 0.00167947 0.0298343 
0.861863 0.0131017 0.0630704 0.0289249 0.00238143 0.00120289 0.0294562 
0.861066 0.0114856 0.0601772 0.0362511 0.00229689 0.00154984 0.0271737 
0.829041 0.0113472 0.0758775 0.0441143 0.00175291 0.00156515 0.0363024 
0.84152 0.0124011 0.0619673 0.0480331 0.00313683 0.00138858 0.0315533 
0.849906 0.0109554 0.0700756 0.0308208 0.00261579 0.00148571 0.0341408 
0.84835 0.012718 0.0654948 0.0353445 0.0025113 0.00167185 0.0339099 
0.835747 0.0111696 0.059857 0.0432761 0.00227472 0.0018679 0.0458076 
0.82157 0.00925349 0.0830747 0.0375561 0.00183704 0.00144569 0.0452624 
