0.878616 0.0241514 0.0382755 0.0256434 0.00486631 0.0052462 0.0232008 
0.86812 0.0289849 0.0349113 0.0282224 0.00469339 0.00327135 0.031797 
0.867841 0.0301483 0.0283236 0.0387697 0.00773862 0.00390162 0.0232774 
0.83124 0.041881 0.0231464 0.0661832 0.0144029 0.00425828 0.0188888 
0.84881 0.0467594 0.0242261 0.0454195 0.00923818 0.00520471 0.0203419 
0.877002 0.0282116 0.0306197 0.0283406 0.0058455 0.0042202 0.0257604 
0.854597 0.0386852 0.0343681 0.0325637 0.00630945 0.0047519 0.0287249 
0.860631 0.0375082 0.030897 0.0292318 0.00970465 0.0053927 0.026635 
0.875022 0.0285562 0.0319171 0.0296906 0.00911686 0.00377119 0.0219265 
0.865935 0.0229489 0.0339116 0.0438877 0.00709219 0.0034028 0.0228219 
0.862437 0.0233635 0.0312929 0.0458623 0.00842348 0.00598109 0.0226396 
0.876157 0.0264608 0.0324743 0.0272732 0.00531473 0.0070756 0.0252442 
0.888761 0.0291876 0.0297816 0.0161731 0.00358415 0.00639889 0.026114 
0.872577 0.0273123 0.0371908 0.0266176 0.00322864 0.00531851 0.0277547 
0.86337 0.0222658 0.0377687 0.0340107 0.00601371 0.00389142 0.0326798 
0.85418 0.0281076 0.0337089 0.027769 0.00759635 0.00758456 0.0410538 
0.863822 0.0246953 0.0342511 0.0353455 0.00771157 0.00623031 0.0279443 
0.866559 0.0291581 0.0325462 0.0287498 0.0084043 0.00417546 0.0304068 
0.871908 0.0368868 0.0258233 0.0352203 0.00900328 0.00305183 0.0181067 
0.865884 0.01777 0.0411939 0.0415966 0.00488881 0.00402703 0.02464 
0.887166 0.019738 0.030753 0.0275956 0.00726442 0.00394677 0.0235362 
0.894588 0.0176621 0.0327682 0.01872 0.00537699 0.00482212 0.026063 
0.88792 0.0226249 0.0379071 0.0191124 0.00204448 0.00548652 0.0249043 
0.875215 0.0338275 0.0315758 0.0196215 0.00361238 0.00575479 0.030393 
0.881322 0.0269581 0.0413356 0.0174691 0.00325703 0.00274457 0.0269137 
0.86827 0.0439869 0.0321965 0.0116222 0.0103615 0.00772825 0.0258348 
0.880616 0.0309643 0.0312168 0.016157 0.0078146 0.00721849 0.0260131 
0.880722 0.0192194 0.0412485 0.0219583 0.0056176 0.00365171 0.0275826 
0.880625 0.0203584 0.0388118 0.0211717 0.00508876 0.00405704 0.0298871 
0.865271 0.0176837 0.0413025 0.0400913 0.0048809 0.0028739 0.0278964 
0.755975 0.0790631 0.0154954 0.100943 0.0254646 0.00946186 0.0135969 
0.792025 0.0583776 0.0185029 0.0885012 0.0193545 0.00731521 0.0159237 
0.784421 0.0676805 0.0148513 0.0919998 0.0180283 0.00736712 0.0156524 
0.7492 0.0803521 0.0154072 0.114767 0.0192572 0.00764501 0.0133713 
0.740915 0.0634865 0.0149771 0.119096 0.0368278 0.00709843 0.0175991 
0.795737 0.0487892 0.0149634 0.100359 0.0174067 0.00645161 0.0162929 
0.833245 0.0356199 0.0167902 0.0772582 0.0137989 0.00583824 0.0174492 
0.812708 0.0376018 0.01808 0.0974895 0.0110647 0.00683192 0.0162245 
0.820912 0.0427837 0.0175635 0.0728963 0.0120846 0.00966894 0.0240914 
0.81796 0.0484091 0.0179834 0.0817342 0.010591 0.00745786 0.0158645 
0.69569 0.0579998 0.0148566 0.19429 0.0200957 0.00518018 0.0118879 
0.723396 0.0601689 0.0143316 0.174013 0.0132231 0.00561042 0.00925643 
0.784745 0.0570154 0.0149843 0.112603 0.0140009 0.00563977 0.0110117 
0.717712 0.0876297 0.0162669 0.145135 0.0126955 0.00693044 0.0136302 
0.795626 0.0654606 0.0164761 0.0850552 0.0162143 0.00539681 0.0157712 
0.640031 0.0823151 0.0130966 0.202434 0.040064 0.00929859 0.0127609 
0.705885 0.0877463 0.0129778 0.15055 0.0247222 0.00691459 0.0112051 
0.718423 0.106652 0.0145399 0.118702 0.0223851 0.00494364 0.0143537 
0.746334 0.0840649 0.0175127 0.115233 0.0102888 0.00833787 0.0182291 
0.758546 0.0807779 0.0136806 0.100876 0.0202897 0.0103858 0.0154438 
0.68944 0.0755049 0.0161577 0.177052 0.0137038 0.00903732 0.0191051 
0.6819 0.0787974 0.0167757 0.193394 0.00796252 0.00679764 0.014372 
0.749324 0.0759323 0.0157539 0.122569 0.0174322 0.00561863 0.0133702 
0.747545 0.097818 0.0174801 0.107687 0.0104423 0.00521918 0.0138084 
0.668343 0.0877174 0.0139566 0.175776 0.0341343 0.00533154 0.0147416 
0.718537 0.10357 0.0147843 0.119599 0.0256238 0.00448841 0.0133974 
0.759193 0.100739 0.017474 0.0933372 0.00986922 0.00502987 0.0143576 
0.77505 0.0891853 0.0195755 0.082804 0.00817815 0.00575308 0.0194536 
0.789921 0.0695305 0.0161446 0.0865424 0.0122301 0.00601457 0.0196172 
0.807984 0.0592979 0.0194539 0.0782411 0.00752925 0.00591529 0.0215781 
0.78552 0.0939121 0.0164478 0.069009 0.0108493 0.00548484 0.0187768 
0.794088 0.0654323 0.0160745 0.0948357 0.0104809 0.00414307 0.0149461 
0.804376 0.0527055 0.0180252 0.0919109 0.0105996 0.00438021 0.0180028 
0.814788 0.0359932 0.01486 0.100845 0.0149744 0.00561878 0.0129208 
0.759482 0.0361419 0.0154405 0.148004 0.021429 0.00502336 0.0144799 
0.807103 0.0386373 0.0175374 0.0999406 0.0157323 0.00491496 0.0161342 
0.734498 0.0558321 0.012634 0.131865 0.0427222 0.00544439 0.0170047 
0.647439 0.0623199 0.0119316 0.193554 0.0651481 0.0060691 0.0135385 
0.765285 0.0652591 0.0134582 0.0963798 0.0361996 0.00620508 0.0172129 
0.821989 0.0539859 0.0175361 0.0702317 0.00990947 0.00446207 0.0218857 
0.791682 0.0572076 0.0178292 0.0906258 0.0142152 0.00565558 0.0227847 
0.736413 0.0890497 0.0147249 0.117193 0.0185614 0.00615978 0.0178977 
0.693543 0.103044 0.0144288 0.14673 0.0235319 0.00432828 0.0143937 
0.670822 0.121465 0.014091 0.142604 0.0320625 0.00446045 0.0144958 
0.707654 0.137453 0.016517 0.0935476 0.0186279 0.00688917 0.0193112 
0.755975 0.0790631 0.0154954 0.100943 0.0254646 0.00946186 0.0135969 
0.792025 0.0583776 0.0185029 0.0885012 0.0193545 0.00731521 0.0159237 
0.784421 0.0676805 0.0148513 0.0919998 0.0180283 0.00736712 0.0156524 
0.7492 0.0803521 0.0154072 0.114767 0.0192572 0.00764501 0.0133713 
0.740915 0.0634865 0.0149771 0.119096 0.0368278 0.00709843 0.0175991 
0.795737 0.0487892 0.0149634 0.100359 0.0174067 0.00645161 0.0162929 
0.833245 0.0356199 0.0167902 0.0772582 0.0137989 0.00583824 0.0174492 
0.812708 0.0376018 0.01808 0.0974895 0.0110647 0.00683192 0.0162245 
0.820912 0.0427837 0.0175635 0.0728963 0.0120846 0.00966894 0.0240914 
0.81796 0.0484091 0.0179834 0.0817342 0.010591 0.00745786 0.0158645 
0.69569 0.0579998 0.0148566 0.19429 0.0200957 0.00518018 0.0118879 
0.723396 0.0601689 0.0143316 0.174013 0.0132231 0.00561042 0.00925643 
0.784745 0.0570154 0.0149843 0.112603 0.0140009 0.00563977 0.0110117 
0.717712 0.0876297 0.0162669 0.145135 0.0126955 0.00693044 0.0136302 
0.795626 0.0654606 0.0164761 0.0850552 0.0162143 0.00539681 0.0157712 
0.640031 0.0823151 0.0130966 0.202434 0.040064 0.00929859 0.0127609 
0.705885 0.0877463 0.0129778 0.15055 0.0247222 0.00691459 0.0112051 
0.718423 0.106652 0.0145399 0.118702 0.0223851 0.00494364 0.0143537 
0.746334 0.0840649 0.0175127 0.115233 0.0102888 0.00833787 0.0182291 
0.758546 0.0807779 0.0136806 0.100876 0.0202897 0.0103858 0.0154438 
0.68944 0.0755049 0.0161577 0.177052 0.0137038 0.00903732 0.0191051 
0.6819 0.0787974 0.0167757 0.193394 0.00796252 0.00679764 0.014372 
0.749324 0.0759323 0.0157539 0.122569 0.0174322 0.00561863 0.0133702 
0.747545 0.097818 0.0174801 0.107687 0.0104423 0.00521918 0.0138084 
0.668343 0.0877174 0.0139566 0.175776 0.0341343 0.00533154 0.0147416 
0.718537 0.10357 0.0147843 0.119599 0.0256238 0.00448841 0.0133974 
0.759193 0.100739 0.017474 0.0933372 0.00986922 0.00502987 0.0143576 
0.77505 0.0891853 0.0195755 0.082804 0.00817815 0.00575308 0.0194536 
0.789921 0.0695305 0.0161446 0.0865424 0.0122301 0.00601457 0.0196172 
0.807984 0.0592979 0.0194539 0.0782411 0.00752925 0.00591529 0.0215781 
0.78552 0.0939121 0.0164478 0.069009 0.0108493 0.00548484 0.0187768 
0.794088 0.0654323 0.0160745 0.0948357 0.0104809 0.00414307 0.0149461 
0.804376 0.0527055 0.0180252 0.0919109 0.0105996 0.00438021 0.0180028 
0.814788 0.0359932 0.01486 0.100845 0.0149744 0.00561878 0.0129208 
0.759482 0.0361419 0.0154405 0.148004 0.021429 0.00502336 0.0144799 
0.807103 0.0386373 0.0175374 0.0999406 0.0157323 0.00491496 0.0161342 
0.734498 0.0558321 0.012634 0.131865 0.0427222 0.00544439 0.0170047 
0.647439 0.0623199 0.0119316 0.193554 0.0651481 0.0060691 0.0135385 
0.765285 0.0652591 0.0134582 0.0963798 0.0361996 0.00620508 0.0172129 
0.821989 0.0539859 0.0175361 0.0702317 0.00990947 0.00446207 0.0218857 
0.791682 0.0572076 0.0178292 0.0906258 0.0142152 0.00565558 0.0227847 
0.736413 0.0890497 0.0147249 0.117193 0.0185614 0.00615978 0.0178977 
0.693543 0.103044 0.0144288 0.14673 0.0235319 0.00432828 0.0143937 
0.670822 0.121465 0.014091 0.142604 0.0320625 0.00446045 0.0144958 
0.707654 0.137453 0.016517 0.0935476 0.0186279 0.00688917 0.0193112 
0.746683 0.024111 0.0260517 0.168974 0.00816196 0.00425887 0.0217596 
0.788512 0.0225954 0.03344 0.120291 0.00392652 0.00454584 0.0266891 
0.82638 0.0243809 0.0272525 0.0628814 0.00485125 0.0110284 0.0432252 
0.834395 0.0263252 0.0227842 0.0760569 0.00703419 0.0102536 0.0231511 
0.833051 0.0156227 0.0347566 0.0756001 0.0054146 0.00638974 0.0291651 
0.770693 0.0238422 0.0255601 0.132283 0.00982371 0.00733003 0.0304678 
0.815472 0.0267437 0.0237213 0.0822447 0.0102505 0.00714986 0.0344177 
0.802717 0.0206464 0.0326026 0.0785029 0.00297825 0.00999391 0.0525585 
0.814854 0.0171826 0.0311045 0.0660733 0.00530449 0.00986035 0.0556209 
0.848475 0.0232388 0.0289606 0.049884 0.00405382 0.00670041 0.0386878 
0.784782 0.0283652 0.0344952 0.108533 0.00333582 0.00840517 0.0320842 
0.842843 0.018059 0.035588 0.0566031 0.00235028 0.00667964 0.0378768 
0.798844 0.021663 0.036499 0.0826121 0.00346256 0.0100157 0.0469039 
0.756418 0.0208268 0.0297282 0.139172 0.00674082 0.00963183 0.0374822 
0.81638 0.0178898 0.0302262 0.100665 0.00626831 0.00478709 0.0237834 
0.86056 0.0209048 0.0253458 0.0527696 0.00628286 0.00647983 0.027657 
0.849681 0.0202893 0.0243436 0.055727 0.0106166 0.00839692 0.0309452 
0.842065 0.0291521 0.0272718 0.0430772 0.00696753 0.0106615 0.0408048 
0.827339 0.0268463 0.026598 0.0783346 0.00759729 0.0072651 0.0260192 
0.845136 0.0250016 0.02852 0.0529731 0.00755898 0.00990237 0.0309077 
0.82465 0.0266383 0.0247238 0.074776 0.00590176 0.00978728 0.0335231 
0.840573 0.0239367 0.0271434 0.0615509 0.00456673 0.00902773 0.0332011 
0.848556 0.0295261 0.029291 0.0492719 0.00369344 0.00766595 0.0319957 
0.815563 0.0304405 0.0263839 0.0702393 0.00544875 0.0127792 0.0391455 
0.785493 0.0201413 0.0310401 0.0535459 0.00542232 0.0125806 0.0917764 
0.792718 0.0220251 0.0321576 0.0722265 0.00485741 0.00766007 0.0683553 
0.797481 0.0253664 0.0257618 0.112446 0.00813228 0.00616509 0.0246473 
0.855286 0.0181047 0.0302892 0.0506977 0.00566327 0.00676119 0.0331983 
0.874665 0.0181638 0.0307857 0.0317549 0.00334218 0.00794814 0.0333405 
0.827159 0.0316105 0.0227778 0.0816551 0.00776488 0.00591788 0.0231149 
0.83014 0.0215058 0.0291162 0.0709437 0.00656015 0.00563279 0.0361015 
0.755975 0.0790631 0.0154954 0.100943 0.0254646 0.00946186 0.0135969 
0.792025 0.0583776 0.0185029 0.0885012 0.0193545 0.00731521 0.0159237 
0.784421 0.0676805 0.0148513 0.0919998 0.0180283 0.00736712 0.0156524 
0.7492 0.0803521 0.0154072 0.114767 0.0192572 0.00764501 0.0133713 
0.740915 0.0634865 0.0149771 0.119096 0.0368278 0.00709843 0.0175991 
0.795737 0.0487892 0.0149634 0.100359 0.0174067 0.00645161 0.0162929 
0.833245 0.0356199 0.0167902 0.0772582 0.0137989 0.00583824 0.0174492 
0.812708 0.0376018 0.01808 0.0974895 0.0110647 0.00683192 0.0162245 
0.820912 0.0427837 0.0175635 0.0728963 0.0120846 0.00966894 0.0240914 
0.81796 0.0484091 0.0179834 0.0817342 0.010591 0.00745786 0.0158645 
0.69569 0.0579998 0.0148566 0.19429 0.0200957 0.00518018 0.0118879 
0.723396 0.0601689 0.0143316 0.174013 0.0132231 0.00561042 0.00925643 
0.784745 0.0570154 0.0149843 0.112603 0.0140009 0.00563977 0.0110117 
0.717712 0.0876297 0.0162669 0.145135 0.0126955 0.00693044 0.0136302 
0.795626 0.0654606 0.0164761 0.0850552 0.0162143 0.00539681 0.0157712 
0.640031 0.0823151 0.0130966 0.202434 0.040064 0.00929859 0.0127609 
0.705885 0.0877463 0.0129778 0.15055 0.0247222 0.00691459 0.0112051 
0.718423 0.106652 0.0145399 0.118702 0.0223851 0.00494364 0.0143537 
0.746334 0.0840649 0.0175127 0.115233 0.0102888 0.00833787 0.0182291 
0.758546 0.0807779 0.0136806 0.100876 0.0202897 0.0103858 0.0154438 
0.68944 0.0755049 0.0161577 0.177052 0.0137038 0.00903732 0.0191051 
0.6819 0.0787974 0.0167757 0.193394 0.00796252 0.00679764 0.014372 
0.749324 0.0759323 0.0157539 0.122569 0.0174322 0.00561863 0.0133702 
0.747545 0.097818 0.0174801 0.107687 0.0104423 0.00521918 0.0138084 
0.668343 0.0877174 0.0139566 0.175776 0.0341343 0.00533154 0.0147416 
0.718537 0.10357 0.0147843 0.119599 0.0256238 0.00448841 0.0133974 
0.759193 0.100739 0.017474 0.0933372 0.00986922 0.00502987 0.0143576 
0.77505 0.0891853 0.0195755 0.082804 0.00817815 0.00575308 0.0194536 
0.789921 0.0695305 0.0161446 0.0865424 0.0122301 0.00601457 0.0196172 
0.807984 0.0592979 0.0194539 0.0782411 0.00752925 0.00591529 0.0215781 
0.78552 0.0939121 0.0164478 0.069009 0.0108493 0.00548484 0.0187768 
0.794088 0.0654323 0.0160745 0.0948357 0.0104809 0.00414307 0.0149461 
0.804376 0.0527055 0.0180252 0.0919109 0.0105996 0.00438021 0.0180028 
0.814788 0.0359932 0.01486 0.100845 0.0149744 0.00561878 0.0129208 
0.759482 0.0361419 0.0154405 0.148004 0.021429 0.00502336 0.0144799 
0.807103 0.0386373 0.0175374 0.0999406 0.0157323 0.00491496 0.0161342 
0.734498 0.0558321 0.012634 0.131865 0.0427222 0.00544439 0.0170047 
0.647439 0.0623199 0.0119316 0.193554 0.0651481 0.0060691 0.0135385 
0.765285 0.0652591 0.0134582 0.0963798 0.0361996 0.00620508 0.0172129 
0.821989 0.0539859 0.0175361 0.0702317 0.00990947 0.00446207 0.0218857 
0.791682 0.0572076 0.0178292 0.0906258 0.0142152 0.00565558 0.0227847 
0.736413 0.0890497 0.0147249 0.117193 0.0185614 0.00615978 0.0178977 
0.693543 0.103044 0.0144288 0.14673 0.0235319 0.00432828 0.0143937 
0.670822 0.121465 0.014091 0.142604 0.0320625 0.00446045 0.0144958 
0.707654 0.137453 0.016517 0.0935476 0.0186279 0.00688917 0.0193112 
0.837453 0.0199838 0.0222288 0.0555486 0.0121982 0.0121922 0.0403957 
0.827563 0.024485 0.0192801 0.0920248 0.00755035 0.00817955 0.0209172 
0.834541 0.0257008 0.0204263 0.0527894 0.0105344 0.0132562 0.0427516 
0.76766 0.0243503 0.0237946 0.118876 0.0110549 0.00964937 0.0446154 
0.802025 0.0140456 0.032435 0.072578 0.00602432 0.00804862 0.0648434 
0.767269 0.0160516 0.0314014 0.121791 0.00909052 0.00743069 0.0469655 
0.769657 0.016227 0.0285371 0.135406 0.00601383 0.00812335 0.0360359 
0.829815 0.0206665 0.0260613 0.0596595 0.0054031 0.011011 0.0473834 
0.824454 0.0420085 0.0164476 0.0617435 0.0124901 0.0114606 0.0313954 
0.819291 0.0289498 0.0207933 0.0757671 0.00634097 0.0125655 0.0362925 
0.819302 0.0224246 0.0234773 0.0717367 0.0113546 0.0108293 0.0408753 
0.849519 0.0209995 0.0225276 0.0398983 0.0117691 0.0102868 0.0449997 
0.831273 0.0182293 0.0251384 0.0665566 0.013162 0.00926226 0.0363785 
0.769903 0.0285375 0.0178088 0.126745 0.0155149 0.00991149 0.0315793 
0.78918 0.0223308 0.0235023 0.106735 0.00975333 0.00991003 0.038589 
0.795938 0.0189246 0.0280232 0.0914733 0.00627799 0.00947302 0.0498903 
0.830838 0.0283376 0.0198707 0.0510359 0.0105511 0.013107 0.0462596 
0.843226 0.0240004 0.0224158 0.0377758 0.0101195 0.00957777 0.0528845 
0.728242 0.0221899 0.0225967 0.171991 0.0106518 0.00681101 0.0375176 
0.842747 0.0218252 0.0214874 0.063347 0.0121452 0.0058503 0.0325979 
0.787749 0.0194468 0.0292793 0.0702153 0.00926338 0.011358 0.0726885 
0.813175 0.0281584 0.0217328 0.0678473 0.00977076 0.0104708 0.0488446 
0.808393 0.0219701 0.024026 0.0760449 0.011843 0.0094611 0.048262 
0.823542 0.0191749 0.0252985 0.0370919 0.010719 0.0110805 0.0730933 
0.844033 0.0158304 0.0258824 0.0561398 0.00756394 0.0079589 0.042592 
0.822238 0.0192062 0.0237156 0.0635739 0.0135536 0.00907368 0.048639 
0.801146 0.020952 0.022068 0.0852037 0.0118767 0.0103261 0.0484275 
0.793576 0.031449 0.0241012 0.0878673 0.00825303 0.00944314 0.0453107 
0.840224 0.0227995 0.0219214 0.0580449 0.0102421 0.00707066 0.039697 
0.831151 0.0200776 0.0234437 0.055929 0.0108938 0.00821578 0.0502888 
0.755975 0.0790631 0.0154954 0.100943 0.0254646 0.00946186 0.0135969 
0.792025 0.0583776 0.0185029 0.0885012 0.0193545 0.00731521 0.0159237 
0.784421 0.0676805 0.0148513 0.0919998 0.0180283 0.00736712 0.0156524 
0.7492 0.0803521 0.0154072 0.114767 0.0192572 0.00764501 0.0133713 
0.740915 0.0634865 0.0149771 0.119096 0.0368278 0.00709843 0.0175991 
0.795737 0.0487892 0.0149634 0.100359 0.0174067 0.00645161 0.0162929 
0.833245 0.0356199 0.0167902 0.0772582 0.0137989 0.00583824 0.0174492 
0.812708 0.0376018 0.01808 0.0974895 0.0110647 0.00683192 0.0162245 
0.820912 0.0427837 0.0175635 0.0728963 0.0120846 0.00966894 0.0240914 
0.81796 0.0484091 0.0179834 0.0817342 0.010591 0.00745786 0.0158645 
0.69569 0.0579998 0.0148566 0.19429 0.0200957 0.00518018 0.0118879 
0.723396 0.0601689 0.0143316 0.174013 0.0132231 0.00561042 0.00925643 
0.784745 0.0570154 0.0149843 0.112603 0.0140009 0.00563977 0.0110117 
0.717712 0.0876297 0.0162669 0.145135 0.0126955 0.00693044 0.0136302 
0.795626 0.0654606 0.0164761 0.0850552 0.0162143 0.00539681 0.0157712 
0.640031 0.0823151 0.0130966 0.202434 0.040064 0.00929859 0.0127609 
0.705885 0.0877463 0.0129778 0.15055 0.0247222 0.00691459 0.0112051 
0.718423 0.106652 0.0145399 0.118702 0.0223851 0.00494364 0.0143537 
0.746334 0.0840649 0.0175127 0.115233 0.0102888 0.00833787 0.0182291 
0.758546 0.0807779 0.0136806 0.100876 0.0202897 0.0103858 0.0154438 
0.68944 0.0755049 0.0161577 0.177052 0.0137038 0.00903732 0.0191051 
0.6819 0.0787974 0.0167757 0.193394 0.00796252 0.00679764 0.014372 
0.749324 0.0759323 0.0157539 0.122569 0.0174322 0.00561863 0.0133702 
0.747545 0.097818 0.0174801 0.107687 0.0104423 0.00521918 0.0138084 
0.668343 0.0877174 0.0139566 0.175776 0.0341343 0.00533154 0.0147416 
0.718537 0.10357 0.0147843 0.119599 0.0256238 0.00448841 0.0133974 
0.759193 0.100739 0.017474 0.0933372 0.00986922 0.00502987 0.0143576 
0.77505 0.0891853 0.0195755 0.082804 0.00817815 0.00575308 0.0194536 
0.789921 0.0695305 0.0161446 0.0865424 0.0122301 0.00601457 0.0196172 
0.807984 0.0592979 0.0194539 0.0782411 0.00752925 0.00591529 0.0215781 
0.78552 0.0939121 0.0164478 0.069009 0.0108493 0.00548484 0.0187768 
0.794088 0.0654323 0.0160745 0.0948357 0.0104809 0.00414307 0.0149461 
0.804376 0.0527055 0.0180252 0.0919109 0.0105996 0.00438021 0.0180028 
0.814788 0.0359932 0.01486 0.100845 0.0149744 0.00561878 0.0129208 
0.759482 0.0361419 0.0154405 0.148004 0.021429 0.00502336 0.0144799 
0.807103 0.0386373 0.0175374 0.0999406 0.0157323 0.00491496 0.0161342 
0.734498 0.0558321 0.012634 0.131865 0.0427222 0.00544439 0.0170047 
0.647439 0.0623199 0.0119316 0.193554 0.0651481 0.0060691 0.0135385 
0.765285 0.0652591 0.0134582 0.0963798 0.0361996 0.00620508 0.0172129 
0.821989 0.0539859 0.0175361 0.0702317 0.00990947 0.00446207 0.0218857 
0.791682 0.0572076 0.0178292 0.0906258 0.0142152 0.00565558 0.0227847 
0.736413 0.0890497 0.0147249 0.117193 0.0185614 0.00615978 0.0178977 
0.693543 0.103044 0.0144288 0.14673 0.0235319 0.00432828 0.0143937 
0.670822 0.121465 0.014091 0.142604 0.0320625 0.00446045 0.0144958 
0.707654 0.137453 0.016517 0.0935476 0.0186279 0.00688917 0.0193112 
0.854242 0.0199006 0.035951 0.0123248 0.00583329 0.0165684 0.05518 
0.872368 0.0213905 0.0336954 0.0202276 0.00626143 0.0113434 0.0347139 
0.831444 0.0242774 0.0290212 0.0676666 0.00881272 0.0116307 0.0271472 
0.861924 0.0186281 0.0329394 0.0396605 0.00641627 0.00960628 0.030825 
0.828104 0.0263882 0.0313055 0.0736307 0.0051683 0.00718023 0.0282231 
0.84182 0.0292854 0.0320771 0.0528937 0.0043386 0.00820621 0.0313788 
0.840032 0.019108 0.0283736 0.0696564 0.00635841 0.008455 0.0280162 
0.871191 0.0192032 0.0289959 0.025968 0.00425979 0.00969511 0.0406867 
0.848027 0.018296 0.0347144 0.0468397 0.00555524 0.0115917 0.0349755 
0.853675 0.018679 0.0314714 0.0214121 0.0103021 0.0168892 0.047571 
0.8595 0.0229642 0.0261889 0.0371033 0.00801481 0.0131845 0.0330445 
0.861864 0.0223185 0.0290226 0.0482119 0.00436432 0.010876 0.0233422 
0.83441 0.0230544 0.0294396 0.0383359 0.00649095 0.0220921 0.0461772 
0.822244 0.0144618 0.0401482 0.0457165 0.00480199 0.014083 0.0585448 
0.743355 0.0187974 0.0346002 0.1465 0.0131837 0.0117024 0.0318613 
0.865548 0.0215338 0.0268625 0.0318474 0.00845829 0.0156086 0.0301414 
0.819043 0.0159151 0.0363425 0.0405299 0.00606378 0.0180599 0.0640456 
0.846024 0.0208143 0.0294651 0.0360128 0.011817 0.0182198 0.0376473 
0.808525 0.0331093 0.0234918 0.0842193 0.0128911 0.0119322 0.0258309 
0.814669 0.023115 0.0371044 0.064319 0.00432286 0.0102379 0.0462314 
0.841739 0.0169333 0.0357878 0.0604826 0.00430664 0.00754188 0.0332089 
0.881509 0.0190513 0.0286584 0.0271619 0.00576081 0.00941797 0.0284403 
0.865705 0.0204433 0.0325837 0.0245448 0.00357311 0.0130296 0.0401202 
0.835589 0.0223113 0.0227488 0.0787593 0.0120638 0.00951815 0.0190091 
0.867077 0.0196462 0.0286209 0.0411395 0.00569034 0.0121525 0.0256736 
0.860699 0.0253432 0.0298038 0.0273271 0.00539293 0.0150512 0.0363824 
0.83852 0.0195766 0.0305665 0.0675993 0.00877527 0.0120528 0.0229096 
0.813697 0.0213197 0.0298706 0.0720364 0.012212 0.0140396 0.0368244 
0.841065 0.0202555 0.0303282 0.062794 0.00775743 0.0120385 0.0257613 
0.811084 0.0253487 0.0317697 0.08723 0.0112141 0.00974706 0.0236061 
0.755975 0.0790631 0.0154954 0.100943 0.0254646 0.00946186 0.0135969 
0.792025 0.0583776 0.0185029 0.0885012 0.0193545 0.00731521 0.0159237 
0.784421 0.0676805 0.0148513 0.0919998 0.0180283 0.00736712 0.0156524 
0.7492 0.0803521 0.0154072 0.114767 0.0192572 0.00764501 0.0133713 
0.740915 0.0634865 0.0149771 0.119096 0.0368278 0.00709843 0.0175991 
0.795737 0.0487892 0.0149634 0.100359 0.0174067 0.00645161 0.0162929 
0.833245 0.0356199 0.0167902 0.0772582 0.0137989 0.00583824 0.0174492 
0.812708 0.0376018 0.01808 0.0974895 0.0110647 0.00683192 0.0162245 
0.820912 0.0427837 0.0175635 0.0728963 0.0120846 0.00966894 0.0240914 
0.81796 0.0484091 0.0179834 0.0817342 0.010591 0.00745786 0.0158645 
0.69569 0.0579998 0.0148566 0.19429 0.0200957 0.00518018 0.0118879 
0.723396 0.0601689 0.0143316 0.174013 0.0132231 0.00561042 0.00925643 
0.784745 0.0570154 0.0149843 0.112603 0.0140009 0.00563977 0.0110117 
0.717712 0.0876297 0.0162669 0.145135 0.0126955 0.00693044 0.0136302 
0.795626 0.0654606 0.0164761 0.0850552 0.0162143 0.00539681 0.0157712 
0.640031 0.0823151 0.0130966 0.202434 0.040064 0.00929859 0.0127609 
0.705885 0.0877463 0.0129778 0.15055 0.0247222 0.00691459 0.0112051 
0.718423 0.106652 0.0145399 0.118702 0.0223851 0.00494364 0.0143537 
0.746334 0.0840649 0.0175127 0.115233 0.0102888 0.00833787 0.0182291 
0.758546 0.0807779 0.0136806 0.100876 0.0202897 0.0103858 0.0154438 
0.68944 0.0755049 0.0161577 0.177052 0.0137038 0.00903732 0.0191051 
0.6819 0.0787974 0.0167757 0.193394 0.00796252 0.00679764 0.014372 
0.749324 0.0759323 0.0157539 0.122569 0.0174322 0.00561863 0.0133702 
0.747545 0.097818 0.0174801 0.107687 0.0104423 0.00521918 0.0138084 
0.668343 0.0877174 0.0139566 0.175776 0.0341343 0.00533154 0.0147416 
0.718537 0.10357 0.0147843 0.119599 0.0256238 0.00448841 0.0133974 
0.759193 0.100739 0.017474 0.0933372 0.00986922 0.00502987 0.0143576 
0.77505 0.0891853 0.0195755 0.082804 0.00817815 0.00575308 0.0194536 
0.789921 0.0695305 0.0161446 0.0865424 0.0122301 0.00601457 0.0196172 
0.807984 0.0592979 0.0194539 0.0782411 0.00752925 0.00591529 0.0215781 
0.78552 0.0939121 0.0164478 0.069009 0.0108493 0.00548484 0.0187768 
0.794088 0.0654323 0.0160745 0.0948357 0.0104809 0.00414307 0.0149461 
0.804376 0.0527055 0.0180252 0.0919109 0.0105996 0.00438021 0.0180028 
0.814788 0.0359932 0.01486 0.100845 0.0149744 0.00561878 0.0129208 
0.759482 0.0361419 0.0154405 0.148004 0.021429 0.00502336 0.0144799 
0.807103 0.0386373 0.0175374 0.0999406 0.0157323 0.00491496 0.0161342 
0.734498 0.0558321 0.012634 0.131865 0.0427222 0.00544439 0.0170047 
0.647439 0.0623199 0.0119316 0.193554 0.0651481 0.0060691 0.0135385 
0.765285 0.0652591 0.0134582 0.0963798 0.0361996 0.00620508 0.0172129 
0.821989 0.0539859 0.0175361 0.0702317 0.00990947 0.00446207 0.0218857 
0.791682 0.0572076 0.0178292 0.0906258 0.0142152 0.00565558 0.0227847 
0.736413 0.0890497 0.0147249 0.117193 0.0185614 0.00615978 0.0178977 
0.693543 0.103044 0.0144288 0.14673 0.0235319 0.00432828 0.0143937 
0.670822 0.121465 0.014091 0.142604 0.0320625 0.00446045 0.0144958 
0.707654 0.137453 0.016517 0.0935476 0.0186279 0.00688917 0.0193112 
0.61144 0.0160321 0.0295737 0.292669 0.015747 0.00337096 0.0311673 
0.65475 0.0185349 0.0281957 0.268834 0.0118388 0.00223924 0.0156076 
0.710735 0.0243677 0.0228436 0.195577 0.0220431 0.00534272 0.0190908 
0.687149 0.0187185 0.0225873 0.233067 0.0178904 0.00391926 0.0166685 
0.760281 0.0172528 0.0308888 0.132834 0.0178753 0.00619221 0.0346757 
0.753978 0.0181987 0.0341428 0.142111 0.00774928 0.00430762 0.0395118 
0.777985 0.0191049 0.0318972 0.12908 0.00915827 0.00364087 0.0291338 
0.742875 0.0205195 0.0300476 0.151428 0.0118963 0.0051771 0.0380564 
0.742922 0.0350069 0.0195626 0.150454 0.0217656 0.00857384 0.0217157 
0.719107 0.0125356 0.0438126 0.159817 0.00734777 0.00508603 0.0522937 
0.766831 0.0163954 0.0378228 0.124338 0.00745371 0.00249213 0.0446671 
0.801084 0.0180355 0.0345445 0.0915 0.00822169 0.00247137 0.0441426 
0.792045 0.0174851 0.0275086 0.121352 0.0109458 0.00367556 0.0269883 
0.812962 0.0163935 0.0254285 0.113596 0.00597874 0.00338924 0.0222511 
0.813583 0.0229909 0.0305485 0.0888293 0.00459785 0.00444468 0.0350056 
0.73369 0.0305393 0.0203521 0.176701 0.0106945 0.00497953 0.0230445 
0.686838 0.0345019 0.0213904 0.205779 0.0133357 0.00552982 0.0326248 
0.761621 0.0224693 0.0276924 0.122703 0.0135247 0.0045615 0.0474282 
0.781963 0.0152767 0.0272803 0.105963 0.0140123 0.00295476 0.0525495 
0.697958 0.0221141 0.0213794 0.19148 0.0190046 0.00533974 0.0427247 
0.797534 0.0196141 0.0285581 0.099155 0.00661573 0.00300818 0.0455151 
0.822199 0.0203601 0.0261772 0.0574282 0.00843926 0.00470352 0.0606926 
0.716711 0.0182575 0.0248779 0.184465 0.0133852 0.0027378 0.0395658 
0.760215 0.0130545 0.0364961 0.118459 0.00752568 0.00308234 0.0611671 
0.784736 0.0122973 0.0345977 0.112955 0.00744379 0.00309357 0.0448763 
0.763971 0.0224939 0.0226179 0.165372 0.00726317 0.00185318 0.016429 
0.753561 0.0162418 0.0261282 0.164324 0.0102926 0.00284428 0.0266079 
0.819453 0.0140768 0.0370685 0.0584888 0.0056499 0.00313296 0.0621301 
0.847256 0.0121603 0.0358809 0.0659021 0.00690815 0.00323888 0.0286535 
0.784271 0.0150932 0.0292635 0.134373 0.00928942 0.0039196 0.0237898 
0.755975 0.0790631 0.0154954 0.100943 0.0254646 0.00946186 0.0135969 
0.792025 0.0583776 0.0185029 0.0885012 0.0193545 0.00731521 0.0159237 
0.784421 0.0676805 0.0148513 0.0919998 0.0180283 0.00736712 0.0156524 
0.7492 0.0803521 0.0154072 0.114767 0.0192572 0.00764501 0.0133713 
0.740915 0.0634865 0.0149771 0.119096 0.0368278 0.00709843 0.0175991 
0.795737 0.0487892 0.0149634 0.100359 0.0174067 0.00645161 0.0162929 
0.833245 0.0356199 0.0167902 0.0772582 0.0137989 0.00583824 0.0174492 
0.812708 0.0376018 0.01808 0.0974895 0.0110647 0.00683192 0.0162245 
0.820912 0.0427837 0.0175635 0.0728963 0.0120846 0.00966894 0.0240914 
0.81796 0.0484091 0.0179834 0.0817342 0.010591 0.00745786 0.0158645 
0.69569 0.0579998 0.0148566 0.19429 0.0200957 0.00518018 0.0118879 
0.723396 0.0601689 0.0143316 0.174013 0.0132231 0.00561042 0.00925643 
0.784745 0.0570154 0.0149843 0.112603 0.0140009 0.00563977 0.0110117 
0.717712 0.0876297 0.0162669 0.145135 0.0126955 0.00693044 0.0136302 
0.795626 0.0654606 0.0164761 0.0850552 0.0162143 0.00539681 0.0157712 
0.640031 0.0823151 0.0130966 0.202434 0.040064 0.00929859 0.0127609 
0.705885 0.0877463 0.0129778 0.15055 0.0247222 0.00691459 0.0112051 
0.718423 0.106652 0.0145399 0.118702 0.0223851 0.00494364 0.0143537 
0.746334 0.0840649 0.0175127 0.115233 0.0102888 0.00833787 0.0182291 
0.758546 0.0807779 0.0136806 0.100876 0.0202897 0.0103858 0.0154438 
0.68944 0.0755049 0.0161577 0.177052 0.0137038 0.00903732 0.0191051 
0.6819 0.0787974 0.0167757 0.193394 0.00796252 0.00679764 0.014372 
0.749324 0.0759323 0.0157539 0.122569 0.0174322 0.00561863 0.0133702 
0.747545 0.097818 0.0174801 0.107687 0.0104423 0.00521918 0.0138084 
0.668343 0.0877174 0.0139566 0.175776 0.0341343 0.00533154 0.0147416 
0.718537 0.10357 0.0147843 0.119599 0.0256238 0.00448841 0.0133974 
0.759193 0.100739 0.017474 0.0933372 0.00986922 0.00502987 0.0143576 
0.77505 0.0891853 0.0195755 0.082804 0.00817815 0.00575308 0.0194536 
0.789921 0.0695305 0.0161446 0.0865424 0.0122301 0.00601457 0.0196172 
0.807984 0.0592979 0.0194539 0.0782411 0.00752925 0.00591529 0.0215781 
0.78552 0.0939121 0.0164478 0.069009 0.0108493 0.00548484 0.0187768 
0.794088 0.0654323 0.0160745 0.0948357 0.0104809 0.00414307 0.0149461 
0.804376 0.0527055 0.0180252 0.0919109 0.0105996 0.00438021 0.0180028 
0.814788 0.0359932 0.01486 0.100845 0.0149744 0.00561878 0.0129208 
0.759482 0.0361419 0.0154405 0.148004 0.021429 0.00502336 0.0144799 
0.807103 0.0386373 0.0175374 0.0999406 0.0157323 0.00491496 0.0161342 
0.734498 0.0558321 0.012634 0.131865 0.0427222 0.00544439 0.0170047 
0.647439 0.0623199 0.0119316 0.193554 0.0651481 0.0060691 0.0135385 
0.765285 0.0652591 0.0134582 0.0963798 0.0361996 0.00620508 0.0172129 
0.821989 0.0539859 0.0175361 0.0702317 0.00990947 0.00446207 0.0218857 
0.791682 0.0572076 0.0178292 0.0906258 0.0142152 0.00565558 0.0227847 
0.736413 0.0890497 0.0147249 0.117193 0.0185614 0.00615978 0.0178977 
0.693543 0.103044 0.0144288 0.14673 0.0235319 0.00432828 0.0143937 
0.670822 0.121465 0.014091 0.142604 0.0320625 0.00446045 0.0144958 
0.707654 0.137453 0.016517 0.0935476 0.0186279 0.00688917 0.0193112 
0.783972 0.0331203 0.0182103 0.133978 0.00787425 0.00315518 0.0196902 
0.72058 0.0312162 0.0219431 0.191136 0.00575098 0.00329625 0.0260778 
0.800245 0.0509335 0.0148502 0.0825099 0.0184002 0.00311617 0.0299451 
0.71206 0.0580121 0.0437452 0.0879708 0.00614492 0.0025701 0.0894967 
0.785728 0.0656478 0.0256252 0.0705584 0.00937426 0.00228497 0.0407816 
0.678383 0.0753294 0.0133812 0.189899 0.0256737 0.00287282 0.0144608 
0.68465 0.0628185 0.0116719 0.171688 0.0490176 0.00498971 0.0151638 
0.663176 0.0873647 0.0133956 0.156903 0.0568138 0.00592931 0.0164179 
0.707156 0.143177 0.0113676 0.0760732 0.0405219 0.00478354 0.0169208 
0.652465 0.133992 0.0108951 0.161825 0.0228572 0.0038526 0.0141133 
0.634303 0.115616 0.0118545 0.199835 0.0204985 0.00297066 0.0149228 
0.646982 0.108702 0.0108707 0.196388 0.019873 0.00373923 0.0134447 
0.631972 0.140315 0.0124324 0.179885 0.0142282 0.00431152 0.0168559 
0.656823 0.130593 0.0116212 0.167683 0.0144891 0.00508683 0.0137029 
0.58028 0.180377 0.0119673 0.190007 0.0166982 0.00411671 0.016554 
0.642415 0.0943325 0.0128387 0.21405 0.0131425 0.00570513 0.0175158 
0.542245 0.0928112 0.0119303 0.316195 0.0208275 0.00323434 0.0127563 
0.590631 0.164188 0.0122258 0.198445 0.0159361 0.00394029 0.0146334 
0.593378 0.120742 0.0113778 0.229528 0.0255366 0.00421114 0.0152271 
0.605386 0.152472 0.0101433 0.152016 0.0528355 0.00561933 0.0215271 
0.61878 0.158272 0.011849 0.161539 0.0229454 0.00395399 0.0226603 
0.601108 0.12453 0.0139683 0.225429 0.0131634 0.00357631 0.0182259 
0.612317 0.119976 0.0104847 0.211672 0.0277703 0.00428959 0.0134905 
0.624148 0.0698128 0.0117806 0.263247 0.0165973 0.00327043 0.0111438 
0.608879 0.145859 0.0111134 0.176322 0.0310374 0.00506354 0.021726 
0.581544 0.110413 0.0114793 0.250061 0.0253511 0.00384802 0.0173034 
0.50241 0.132006 0.0109161 0.316199 0.0180708 0.00317902 0.0172188 
0.582008 0.0778487 0.0112142 0.293454 0.0166172 0.00203321 0.0168252 
0.703199 0.110608 0.0128916 0.130761 0.0126556 0.00373665 0.0261478 
0.65559 0.120784 0.011307 0.164548 0.024253 0.00374846 0.0197697 
0.755975 0.0790631 0.0154954 0.100943 0.0254646 0.00946186 0.0135969 
0.792025 0.0583776 0.0185029 0.0885012 0.0193545 0.00731521 0.0159237 
0.784421 0.0676805 0.0148513 0.0919998 0.0180283 0.00736712 0.0156524 
0.7492 0.0803521 0.0154072 0.114767 0.0192572 0.00764501 0.0133713 
0.740915 0.0634865 0.0149771 0.119096 0.0368278 0.00709843 0.0175991 
0.795737 0.0487892 0.0149634 0.100359 0.0174067 0.00645161 0.0162929 
0.833245 0.0356199 0.0167902 0.0772582 0.0137989 0.00583824 0.0174492 
0.812708 0.0376018 0.01808 0.0974895 0.0110647 0.00683192 0.0162245 
0.820912 0.0427837 0.0175635 0.0728963 0.0120846 0.00966894 0.0240914 
0.81796 0.0484091 0.0179834 0.0817342 0.010591 0.00745786 0.0158645 
0.69569 0.0579998 0.0148566 0.19429 0.0200957 0.00518018 0.0118879 
0.723396 0.0601689 0.0143316 0.174013 0.0132231 0.00561042 0.00925643 
0.784745 0.0570154 0.0149843 0.112603 0.0140009 0.00563977 0.0110117 
0.717712 0.0876297 0.0162669 0.145135 0.0126955 0.00693044 0.0136302 
0.795626 0.0654606 0.0164761 0.0850552 0.0162143 0.00539681 0.0157712 
0.640031 0.0823151 0.0130966 0.202434 0.040064 0.00929859 0.0127609 
0.705885 0.0877463 0.0129778 0.15055 0.0247222 0.00691459 0.0112051 
0.718423 0.106652 0.0145399 0.118702 0.0223851 0.00494364 0.0143537 
0.746334 0.0840649 0.0175127 0.115233 0.0102888 0.00833787 0.0182291 
0.758546 0.0807779 0.0136806 0.100876 0.0202897 0.0103858 0.0154438 
0.68944 0.0755049 0.0161577 0.177052 0.0137038 0.00903732 0.0191051 
0.6819 0.0787974 0.0167757 0.193394 0.00796252 0.00679764 0.014372 
0.749324 0.0759323 0.0157539 0.122569 0.0174322 0.00561863 0.0133702 
0.747545 0.097818 0.0174801 0.107687 0.0104423 0.00521918 0.0138084 
0.668343 0.0877174 0.0139566 0.175776 0.0341343 0.00533154 0.0147416 
0.718537 0.10357 0.0147843 0.119599 0.0256238 0.00448841 0.0133974 
0.759193 0.100739 0.017474 0.0933372 0.00986922 0.00502987 0.0143576 
0.77505 0.0891853 0.0195755 0.082804 0.00817815 0.00575308 0.0194536 
0.789921 0.0695305 0.0161446 0.0865424 0.0122301 0.00601457 0.0196172 
0.807984 0.0592979 0.0194539 0.0782411 0.00752925 0.00591529 0.0215781 
0.78552 0.0939121 0.0164478 0.069009 0.0108493 0.00548484 0.0187768 
0.794088 0.0654323 0.0160745 0.0948357 0.0104809 0.00414307 0.0149461 
0.804376 0.0527055 0.0180252 0.0919109 0.0105996 0.00438021 0.0180028 
0.814788 0.0359932 0.01486 0.100845 0.0149744 0.00561878 0.0129208 
0.759482 0.0361419 0.0154405 0.148004 0.021429 0.00502336 0.0144799 
0.807103 0.0386373 0.0175374 0.0999406 0.0157323 0.00491496 0.0161342 
0.734498 0.0558321 0.012634 0.131865 0.0427222 0.00544439 0.0170047 
0.647439 0.0623199 0.0119316 0.193554 0.0651481 0.0060691 0.0135385 
0.765285 0.0652591 0.0134582 0.0963798 0.0361996 0.00620508 0.0172129 
0.821989 0.0539859 0.0175361 0.0702317 0.00990947 0.00446207 0.0218857 
0.791682 0.0572076 0.0178292 0.0906258 0.0142152 0.00565558 0.0227847 
0.736413 0.0890497 0.0147249 0.117193 0.0185614 0.00615978 0.0178977 
0.693543 0.103044 0.0144288 0.14673 0.0235319 0.00432828 0.0143937 
0.670822 0.121465 0.014091 0.142604 0.0320625 0.00446045 0.0144958 
0.707654 0.137453 0.016517 0.0935476 0.0186279 0.00688917 0.0193112 
0.651841 0.0422102 0.0134729 0.230987 0.0419653 0.00284582 0.0166776 
0.588566 0.0599799 0.0136323 0.260061 0.0548291 0.00464756 0.0182841 
0.604924 0.0628981 0.014709 0.269933 0.0272885 0.00391403 0.0163334 
0.352838 0.0322905 0.00893626 0.539173 0.0549031 0.00231251 0.00954712 
0.35879 0.0544176 0.0108818 0.510232 0.0500257 0.00327597 0.0123775 
0.503741 0.0479206 0.0117508 0.351777 0.061466 0.00538569 0.017959 
0.446448 0.0422521 0.0106147 0.390727 0.0913932 0.0053394 0.0132254 
0.429763 0.0425242 0.00951958 0.427465 0.0742506 0.00490783 0.0115693 
0.449395 0.0370263 0.0120649 0.452872 0.0339222 0.00415211 0.0105682 
0.48566 0.0489076 0.0114779 0.395962 0.0411736 0.00494642 0.0118725 
0.562823 0.0465706 0.0120628 0.314602 0.0462194 0.00459998 0.013122 
0.479044 0.033387 0.0114964 0.410482 0.0494758 0.0042903 0.0118245 
0.468859 0.0451569 0.0109773 0.398498 0.0580194 0.00524989 0.0132395 
0.580371 0.0352509 0.0148333 0.30093 0.0437063 0.00604428 0.0188637 
0.672171 0.03259 0.0178975 0.203888 0.0443053 0.00500244 0.0241458 
0.639561 0.0311528 0.0184435 0.222362 0.0490299 0.00799672 0.0314534 
0.738004 0.0391173 0.0191731 0.136876 0.0368999 0.006969 0.0229606 
0.763871 0.0482546 0.0180755 0.115381 0.0242287 0.00527846 0.0249109 
0.782783 0.0255298 0.0281864 0.0938416 0.0193116 0.0056089 0.044739 
0.794907 0.0325912 0.0208804 0.113461 0.0178909 0.00335561 0.0169138 
0.75242 0.0570599 0.0164451 0.127255 0.0230965 0.00733033 0.016393 
0.664209 0.0539727 0.0199443 0.21588 0.018586 0.00464179 0.0227667 
0.674694 0.0366113 0.0195292 0.219492 0.0165407 0.00705158 0.0260814 
0.64676 0.0291794 0.0162486 0.272678 0.0142078 0.00501802 0.0159081 
0.627977 0.0440996 0.0110328 0.286948 0.0124034 0.00582203 0.0117172 
0.692476 0.0414562 0.01206 0.218673 0.0131914 0.00767065 0.0144734 
0.757124 0.0451546 0.0128102 0.144947 0.0110213 0.00980447 0.0191386 
0.745541 0.039062 0.0120982 0.163258 0.0155863 0.00725184 0.0172021 
0.718726 0.0429051 0.0135959 0.194471 0.00920002 0.00460124 0.0164999 
0.789068 0.0492789 0.0110389 0.107828 0.0170194 0.00556725 0.0201994 
0.700198 0.016948 0.026474 0.232379 0.00654696 0.00216949 0.0152843 
0.596401 0.0206528 0.0205827 0.337736 0.00560769 0.00274615 0.0162737 
0.815586 0.0192036 0.0238264 0.0835526 0.00629397 0.00950054 0.0420367 
0.755399 0.0167136 0.0294787 0.143243 0.00436143 0.00945244 0.0413513 
0.816965 0.0189977 0.0250769 0.103452 0.00623066 0.00422275 0.0250547 
0.791866 0.0229062 0.0200391 0.132878 0.0100577 0.00514672 0.0171058 
0.728538 0.024686 0.0175438 0.179038 0.0214197 0.00973257 0.0190419 
0.825599 0.0157524 0.0238614 0.0796705 0.0172449 0.00604579 0.031826 
0.769828 0.0155542 0.026463 0.143174 0.0108256 0.00571789 0.0284368 
0.777528 0.0128518 0.0350576 0.0817256 0.00811282 0.0143653 0.0703588 
0.810976 0.0184369 0.0253094 0.084266 0.0059855 0.0087294 0.0462966 
0.859996 0.0166734 0.0280205 0.0418764 0.00450074 0.00465415 0.0442788 
0.854381 0.0238365 0.0278173 0.0469557 0.00481403 0.00624024 0.0359556 
0.794853 0.02262 0.0371263 0.0448641 0.00261762 0.00447733 0.0934416 
0.807252 0.0166323 0.0332469 0.0778701 0.0035217 0.00364335 0.0578338 
0.807521 0.0206611 0.0281431 0.0666307 0.0071719 0.00361782 0.0662546 
0.799954 0.0192615 0.0275256 0.0850298 0.0135459 0.00496953 0.0497132 
0.774471 0.0143972 0.0359765 0.123365 0.0041291 0.00436652 0.0432942 
0.775959 0.0144231 0.0239006 0.127669 0.0131582 0.00474684 0.0401437 
0.683107 0.0161437 0.0317417 0.207746 0.00647756 0.00508423 0.0496994 
0.700443 0.0192842 0.0238561 0.222146 0.00844682 0.00416742 0.0216558 
0.69627 0.0177862 0.0261886 0.219904 0.00892096 0.00450276 0.0264272 
0.76068 0.015378 0.0245258 0.164178 0.0114878 0.00332112 0.0204289 
0.736948 0.0209912 0.0205386 0.182998 0.0176525 0.00390957 0.0169621 
0.756407 0.014122 0.0302064 0.147417 0.0150805 0.00409699 0.0326697 
0.77817 0.0150467 0.0280796 0.132229 0.0116267 0.00374382 0.0311036 
0.80444 0.0200716 0.0230957 0.112567 0.0157572 0.00323988 0.0208285 
0.795161 0.0182843 0.0290366 0.110764 0.00633572 0.0049268 0.0354915 
0.756934 0.0198233 0.0218275 0.166109 0.0112335 0.00456916 0.019503 
0.707897 0.0241483 0.0198672 0.215828 0.0142279 0.00319914 0.0148329 
0.829797 0.0159909 0.0672767 0.024992 0.00480722 0.0245487 0.0325873 
0.821167 0.0127637 0.0711523 0.0161956 0.00287025 0.0248572 0.0509941 
0.829384 0.018927 0.0581878 0.0230297 0.0054278 0.0321715 0.0328726 
0.826393 0.0187128 0.0497792 0.0402267 0.007596 0.022065 0.0352272 
0.839027 0.0169357 0.0499557 0.0260065 0.00465262 0.0135372 0.049885 
0.857034 0.0212139 0.0355141 0.0325246 0.0099668 0.0162073 0.0275396 
0.767733 0.0208549 0.0415111 0.0994494 0.0171426 0.0173126 0.0359966 
0.823583 0.0230729 0.0402019 0.0671024 0.00870489 0.0147012 0.0226339 
0.854937 0.0200805 0.0302856 0.0498777 0.0114868 0.0138065 0.0195259 
0.836418 0.0157429 0.03787 0.057255 0.0106851 0.0168297 0.0251996 
0.867199 0.0189231 0.0356387 0.0287615 0.00980505 0.0163294 0.0233432 
0.836556 0.0184181 0.0333633 0.0481178 0.00778582 0.0275866 0.0281721 
0.784606 0.0133645 0.0501249 0.105528 0.00805072 0.0155241 0.0228016 
0.849992 0.0124273 0.0397255 0.0320823 0.00632326 0.0273588 0.0320909 
0.867103 0.0135216 0.0346172 0.0401376 0.00460674 0.0189506 0.0210628 
0.829797 0.0159909 0.0672767 0.024992 0.00480722 0.0245487 0.0325873 
0.821167 0.0127637 0.0711523 0.0161956 0.00287025 0.0248572 0.0509941 
0.829384 0.018927 0.0581878 0.0230297 0.0054278 0.0321715 0.0328726 
0.826393 0.0187128 0.0497792 0.0402267 0.007596 0.022065 0.0352272 
0.839027 0.0169357 0.0499557 0.0260065 0.00465262 0.0135372 0.049885 
0.857034 0.0212139 0.0355141 0.0325246 0.0099668 0.0162073 0.0275396 
0.767733 0.0208549 0.0415111 0.0994494 0.0171426 0.0173126 0.0359966 
0.823583 0.0230729 0.0402019 0.0671024 0.00870489 0.0147012 0.0226339 
0.854937 0.0200805 0.0302856 0.0498777 0.0114868 0.0138065 0.0195259 
0.836418 0.0157429 0.03787 0.057255 0.0106851 0.0168297 0.0251996 
0.867199 0.0189231 0.0356387 0.0287615 0.00980505 0.0163294 0.0233432 
0.836556 0.0184181 0.0333633 0.0481178 0.00778582 0.0275866 0.0281721 
0.784606 0.0133645 0.0501249 0.105528 0.00805072 0.0155241 0.0228016 
0.849992 0.0124273 0.0397255 0.0320823 0.00632326 0.0273588 0.0320909 
0.867103 0.0135216 0.0346172 0.0401376 0.00460674 0.0189506 0.0210628 
0.569857 0.0139607 0.0234362 0.356517 0.0183282 0.00517932 0.0127215 
0.351781 0.0169564 0.01181 0.575355 0.029341 0.00555104 0.00920542 
0.44598 0.0200505 0.0147139 0.482077 0.0211225 0.00489074 0.0111652 
0.557911 0.0244844 0.0183254 0.368334 0.0166507 0.00521708 0.00907802 
0.439761 0.0193275 0.0146798 0.501406 0.0144149 0.00348663 0.00692479 
0.483909 0.0178858 0.0182097 0.445349 0.0219215 0.00371422 0.00901067 
0.562131 0.0215668 0.0134639 0.341082 0.0480565 0.00455547 0.00914451 
0.38958 0.0171015 0.0146314 0.54347 0.025133 0.00288391 0.00719964 
0.48124 0.0143443 0.0194765 0.459741 0.0151322 0.00278904 0.00727669 
0.477995 0.024282 0.0160577 0.452714 0.0181569 0.00396133 0.00683346 
0.660991 0.0197703 0.0224589 0.272333 0.0138582 0.00357251 0.00701666 
0.624049 0.0219231 0.0290659 0.298809 0.00540167 0.00696749 0.0137839 
0.65231 0.018008 0.0345755 0.272941 0.00614071 0.00349841 0.0125259 
0.495485 0.0126 0.0400761 0.431545 0.00362576 0.00340711 0.0132605 
0.506002 0.0198242 0.0252181 0.433266 0.00447479 0.00361361 0.00760163 
0.527107 0.0194867 0.0252991 0.41215 0.00432448 0.00272425 0.00890839 
0.383957 0.0236891 0.0152086 0.561879 0.00590412 0.00307897 0.00628302 
0.424057 0.0289509 0.0153642 0.516544 0.00512225 0.00349329 0.00646854 
0.406771 0.0178059 0.0192362 0.542034 0.00418563 0.00282799 0.00713959 
0.43132 0.0104833 0.035479 0.503414 0.00343117 0.0025438 0.0133285 
0.526226 0.0152712 0.0287138 0.413744 0.00454691 0.00217781 0.00932078 
0.482748 0.0149356 0.0296884 0.452893 0.00339147 0.00433169 0.0120119 
0.511142 0.0201523 0.0242696 0.428729 0.00516223 0.00213397 0.00841101 
0.464378 0.0218974 0.0205914 0.477616 0.00427145 0.00260382 0.00864162 
0.55169 0.0278003 0.0181474 0.383479 0.00742228 0.00271584 0.00874499 
0.490989 0.0181015 0.0214773 0.452225 0.00710688 0.00219617 0.0079041 
0.596781 0.0232546 0.0208864 0.334791 0.00990058 0.00297236 0.011414 
0.585036 0.01784 0.0294794 0.346254 0.00723498 0.00229817 0.0118579 
0.47546 0.0129769 0.0299538 0.457838 0.00679987 0.00207957 0.0148911 
0.312304 0.0241262 0.00975443 0.625124 0.0209779 0.00171365 0.00599963 
0.829797 0.0159909 0.0672767 0.024992 0.00480722 0.0245487 0.0325873 
0.821167 0.0127637 0.0711523 0.0161956 0.00287025 0.0248572 0.0509941 
0.829384 0.018927 0.0581878 0.0230297 0.0054278 0.0321715 0.0328726 
0.826393 0.0187128 0.0497792 0.0402267 0.007596 0.022065 0.0352272 
0.839027 0.0169357 0.0499557 0.0260065 0.00465262 0.0135372 0.049885 
0.857034 0.0212139 0.0355141 0.0325246 0.0099668 0.0162073 0.0275396 
0.767733 0.0208549 0.0415111 0.0994494 0.0171426 0.0173126 0.0359966 
0.823583 0.0230729 0.0402019 0.0671024 0.00870489 0.0147012 0.0226339 
0.854937 0.0200805 0.0302856 0.0498777 0.0114868 0.0138065 0.0195259 
0.836418 0.0157429 0.03787 0.057255 0.0106851 0.0168297 0.0251996 
0.867199 0.0189231 0.0356387 0.0287615 0.00980505 0.0163294 0.0233432 
0.836556 0.0184181 0.0333633 0.0481178 0.00778582 0.0275866 0.0281721 
0.784606 0.0133645 0.0501249 0.105528 0.00805072 0.0155241 0.0228016 
0.849992 0.0124273 0.0397255 0.0320823 0.00632326 0.0273588 0.0320909 
0.867103 0.0135216 0.0346172 0.0401376 0.00460674 0.0189506 0.0210628 
0.860089 0.0116358 0.0449687 0.037 0.00388384 0.0134027 0.0290196 
0.820912 0.0159582 0.0461753 0.0665334 0.00261831 0.0213451 0.0264579 
0.827754 0.0206919 0.0393993 0.0865254 0.0034956 0.0111056 0.0110277 
0.817417 0.0221797 0.037552 0.0775032 0.00565527 0.0218536 0.017839 
0.848615 0.0153687 0.0487499 0.0453173 0.00317314 0.0120722 0.0267041 
0.803286 0.0197928 0.0393169 0.103643 0.0102998 0.00737599 0.0162858 
0.862734 0.0200401 0.0335623 0.0502442 0.00614862 0.00889521 0.018376 
0.847966 0.0252955 0.0352463 0.055961 0.00908054 0.00828231 0.0181683 
0.794654 0.0273802 0.0351565 0.0950654 0.0111803 0.0111747 0.0253891 
0.794737 0.031264 0.0264629 0.112424 0.00916892 0.0110952 0.014848 
0.849908 0.0235647 0.0328192 0.0521981 0.00831776 0.00968435 0.023508 
0.852008 0.0310684 0.0317346 0.0498317 0.00861628 0.00766903 0.0190719 
0.840923 0.0332373 0.0289683 0.0449691 0.00912814 0.0171413 0.0256332 
0.826149 0.0292652 0.0306981 0.0495799 0.0116638 0.0116032 0.0410407 
0.873509 0.0253862 0.023254 0.0391618 0.00695195 0.00645637 0.0252805 
0.775145 0.0255975 0.0270109 0.132345 0.00955489 0.00539332 0.0249531 
0.846363 0.021619 0.0316831 0.0517591 0.00672504 0.00944891 0.0324014 
0.792698 0.0382642 0.0289193 0.0717007 0.00576837 0.0285976 0.0340519 
0.82999 0.0204479 0.030492 0.0685261 0.0073282 0.0129571 0.0302583 
0.802875 0.0259287 0.0254436 0.103037 0.0101016 0.0121525 0.0204619 
0.81994 0.0189514 0.0313783 0.0814187 0.00594767 0.0133899 0.0289739 
0.777122 0.0201379 0.0309033 0.127935 0.00575319 0.0100429 0.0281052 
0.780297 0.022704 0.0252419 0.12618 0.0137456 0.0103841 0.0214475 
0.881409 0.0201801 0.0285402 0.0378724 0.00390916 0.00942342 0.0186655 
0.848034 0.0209722 0.0264459 0.0642165 0.00856718 0.00870247 0.0230618 
0.859555 0.0239542 0.0331373 0.0466395 0.00413332 0.00868674 0.0238941 
0.821042 0.0262629 0.0260106 0.0902407 0.0074169 0.00878244 0.020244 
0.828249 0.0280239 0.0228963 0.0805412 0.00956898 0.0119146 0.0188061 
0.859782 0.0192097 0.0316411 0.0469895 0.00380907 0.0126423 0.0259262 
0.810511 0.0284016 0.0202169 0.105809 0.00616144 0.0141216 0.0147781 
0.829797 0.0159909 0.0672767 0.024992 0.00480722 0.0245487 0.0325873 
0.821167 0.0127637 0.0711523 0.0161956 0.00287025 0.0248572 0.0509941 
0.829384 0.018927 0.0581878 0.0230297 0.0054278 0.0321715 0.0328726 
0.826393 0.0187128 0.0497792 0.0402267 0.007596 0.022065 0.0352272 
0.839027 0.0169357 0.0499557 0.0260065 0.00465262 0.0135372 0.049885 
0.857034 0.0212139 0.0355141 0.0325246 0.0099668 0.0162073 0.0275396 
0.767733 0.0208549 0.0415111 0.0994494 0.0171426 0.0173126 0.0359966 
0.823583 0.0230729 0.0402019 0.0671024 0.00870489 0.0147012 0.0226339 
0.854937 0.0200805 0.0302856 0.0498777 0.0114868 0.0138065 0.0195259 
0.836418 0.0157429 0.03787 0.057255 0.0106851 0.0168297 0.0251996 
0.867199 0.0189231 0.0356387 0.0287615 0.00980505 0.0163294 0.0233432 
0.836556 0.0184181 0.0333633 0.0481178 0.00778582 0.0275866 0.0281721 
0.784606 0.0133645 0.0501249 0.105528 0.00805072 0.0155241 0.0228016 
0.849992 0.0124273 0.0397255 0.0320823 0.00632326 0.0273588 0.0320909 
0.867103 0.0135216 0.0346172 0.0401376 0.00460674 0.0189506 0.0210628 
0.861232 0.0213163 0.0291313 0.0375974 0.00321407 0.00494423 0.0425651 
0.842361 0.0202967 0.032974 0.0457438 0.00360618 0.00386716 0.0511514 
0.861747 0.0338025 0.0254044 0.0296107 0.00485178 0.00423473 0.0403486 
0.853127 0.021779 0.0339229 0.0497181 0.0020272 0.00520021 0.0342259 
0.849848 0.0272226 0.0285992 0.0466727 0.00247575 0.00845379 0.0367279 
0.879754 0.0355508 0.0194049 0.0347764 0.00403386 0.00596201 0.0205184 
0.874897 0.029459 0.0222658 0.0397771 0.00379186 0.00703806 0.0227714 
0.863149 0.0305883 0.0228172 0.053558 0.00323746 0.00575358 0.0208968 
0.887182 0.0334348 0.0231072 0.0213484 0.00261565 0.00564459 0.0266672 
0.852383 0.0430589 0.0240577 0.0418394 0.00314266 0.00808362 0.0274351 
0.841735 0.0370486 0.024582 0.0641512 0.00267062 0.00520688 0.024606 
0.854298 0.034554 0.0212167 0.0573628 0.00355705 0.00671563 0.0222954 
0.856451 0.0281882 0.026269 0.0246893 0.0023154 0.00761925 0.0544677 
0.843607 0.0242364 0.0312667 0.0416832 0.00282162 0.00459957 0.051786 
0.87811 0.023583 0.0345546 0.0337186 0.00258088 0.00376194 0.0236906 
0.86675 0.0175524 0.0361101 0.024942 0.00257735 0.00443293 0.0476351 
0.823107 0.0128551 0.0567507 0.0349139 0.00141153 0.0034394 0.0675221 
0.804372 0.013342 0.0479324 0.078406 0.002244 0.00276261 0.0509411 
0.747487 0.0179056 0.0440081 0.129612 0.00261199 0.00295439 0.0554207 
0.804746 0.0183207 0.036582 0.0841501 0.00312385 0.00281663 0.0502611 
0.847007 0.0188577 0.0399929 0.0469461 0.00191662 0.00206654 0.0432131 
0.852099 0.0169243 0.0388106 0.0379708 0.00186659 0.0027784 0.0495503 
0.802435 0.0257738 0.0337699 0.104182 0.00377623 0.00181914 0.0282438 
0.771629 0.0281574 0.0379861 0.11567 0.00292085 0.00236334 0.0412725 
0.754492 0.0255172 0.04154 0.115424 0.00238366 0.00416094 0.0564822 
0.820356 0.0140605 0.0435763 0.0775774 0.00250948 0.00236989 0.0395501 
0.803606 0.0215918 0.0317802 0.117519 0.00214977 0.00245104 0.0209013 
0.823315 0.0212669 0.0331094 0.0763832 0.00172332 0.00484286 0.0393595 
0.787129 0.0251448 0.0261595 0.121473 0.00325242 0.00461511 0.0322262 
0.866489 0.0236909 0.0274566 0.0450311 0.00392127 0.00519733 0.028214 
