0.875736 0.0299688 0.0360251 0.0208587 0.00628227 0.00400082 0.0271282 
0.877808 0.0236813 0.0399321 0.024007 0.00481382 0.00414059 0.0256174 
0.900316 0.0177865 0.0383219 0.0114355 0.00313683 0.00535784 0.0236451 
0.886669 0.0274507 0.0349444 0.0165114 0.00515904 0.00294078 0.0263246 
0.88553 0.0211269 0.0341406 0.0233186 0.00325389 0.00522652 0.0274037 
0.889842 0.0198974 0.03711 0.0184218 0.0031855 0.00419245 0.0273509 
0.876214 0.0210496 0.0385095 0.0235404 0.00425798 0.00667574 0.0297532 
0.859714 0.0414782 0.0310443 0.0247634 0.00767107 0.00969602 0.0256332 
0.876066 0.0304617 0.0300474 0.0187335 0.00507275 0.0103822 0.0292361 
0.864203 0.0287058 0.0309573 0.0383302 0.00946308 0.00552883 0.0228121 
0.884936 0.0264832 0.0371185 0.0200876 0.00520755 0.00470129 0.0214656 
0.872364 0.0260251 0.0304536 0.0363357 0.00724273 0.00538649 0.0221925 
0.88724 0.0238899 0.0326227 0.0192782 0.00568802 0.00655765 0.0247233 
0.899248 0.0185905 0.0320682 0.0191375 0.0056097 0.00404877 0.0212975 
0.879581 0.0227314 0.0328192 0.0294062 0.00628443 0.00448201 0.0246959 
0.690802 0.0970579 0.0133849 0.134826 0.0441858 0.00476287 0.0149812 
0.714 0.0813074 0.0130611 0.127549 0.0457803 0.00435482 0.0139479 
0.748148 0.0996383 0.0167181 0.0991346 0.0178638 0.00393833 0.0145592 
0.810028 0.0706038 0.0159295 0.0576345 0.0209683 0.00582089 0.0190155 
0.701328 0.077102 0.0145145 0.165461 0.0173063 0.0068197 0.0174681 
0.708712 0.0848371 0.0157664 0.146977 0.0171778 0.00921844 0.0173119 
0.754716 0.0917378 0.0170363 0.0970975 0.0108015 0.00852769 0.0200838 
0.748878 0.0951755 0.0173126 0.101057 0.0156191 0.00525374 0.0167041 
0.744901 0.0767091 0.0156731 0.120569 0.0220786 0.00510103 0.0149681 
0.74916 0.0825422 0.0182916 0.115257 0.0120536 0.00443002 0.0182661 
0.79342 0.080791 0.016632 0.0614761 0.0192239 0.00558104 0.0228758 
0.81664 0.0563609 0.0178795 0.0627865 0.0198857 0.00453763 0.0219101 
0.769795 0.0697407 0.0157783 0.0916625 0.0293668 0.0059482 0.0177084 
0.79157 0.0560357 0.0169076 0.0783894 0.0305168 0.00546929 0.0211108 
0.763478 0.0825172 0.0146325 0.0886384 0.0308338 0.0044829 0.0154174 
0.776417 0.0705778 0.0158669 0.0882573 0.028607 0.004674 0.0155996 
0.744077 0.065391 0.0169418 0.133917 0.0202015 0.00507081 0.0144013 
0.80216 0.0400695 0.0151093 0.105729 0.0215342 0.00393661 0.0114616 
0.67042 0.0813365 0.0144314 0.188859 0.0279056 0.00478463 0.0122624 
0.713817 0.129656 0.0152884 0.0890112 0.0274879 0.00691314 0.0178267 
0.779023 0.066382 0.0185014 0.0856379 0.0213354 0.00519789 0.0239225 
0.807601 0.0434628 0.0216505 0.0942865 0.00984584 0.00362389 0.0195298 
0.841004 0.0608864 0.0214139 0.0461302 0.0060848 0.00417763 0.0203035 
0.829766 0.0715295 0.0183568 0.0383181 0.0145868 0.00520045 0.0222428 
0.775302 0.0892026 0.016574 0.0691557 0.0225908 0.00543678 0.0217379 
0.804545 0.0581707 0.0201244 0.0747188 0.0132443 0.00395809 0.0252383 
0.826733 0.0542261 0.0174908 0.0682422 0.00852236 0.00501046 0.0197752 
0.8226 0.0668256 0.0175216 0.0459582 0.0176904 0.0050642 0.0243405 
0.844566 0.0382787 0.0219231 0.0562119 0.00827679 0.00421673 0.0265271 
0.811003 0.0582595 0.0182129 0.0697335 0.0165601 0.00444107 0.0217896 
0.690802 0.0970579 0.0133849 0.134826 0.0441858 0.00476287 0.0149812 
0.714 0.0813074 0.0130611 0.127549 0.0457803 0.00435482 0.0139479 
0.748148 0.0996383 0.0167181 0.0991346 0.0178638 0.00393833 0.0145592 
0.810028 0.0706038 0.0159295 0.0576345 0.0209683 0.00582089 0.0190155 
0.701328 0.077102 0.0145145 0.165461 0.0173063 0.0068197 0.0174681 
0.708712 0.0848371 0.0157664 0.146977 0.0171778 0.00921844 0.0173119 
0.754716 0.0917378 0.0170363 0.0970975 0.0108015 0.00852769 0.0200838 
0.748878 0.0951755 0.0173126 0.101057 0.0156191 0.00525374 0.0167041 
0.744901 0.0767091 0.0156731 0.120569 0.0220786 0.00510103 0.0149681 
0.74916 0.0825422 0.0182916 0.115257 0.0120536 0.00443002 0.0182661 
0.79342 0.080791 0.016632 0.0614761 0.0192239 0.00558104 0.0228758 
0.81664 0.0563609 0.0178795 0.0627865 0.0198857 0.00453763 0.0219101 
0.769795 0.0697407 0.0157783 0.0916625 0.0293668 0.0059482 0.0177084 
0.79157 0.0560357 0.0169076 0.0783894 0.0305168 0.00546929 0.0211108 
0.763478 0.0825172 0.0146325 0.0886384 0.0308338 0.0044829 0.0154174 
0.776417 0.0705778 0.0158669 0.0882573 0.028607 0.004674 0.0155996 
0.744077 0.065391 0.0169418 0.133917 0.0202015 0.00507081 0.0144013 
0.80216 0.0400695 0.0151093 0.105729 0.0215342 0.00393661 0.0114616 
0.67042 0.0813365 0.0144314 0.188859 0.0279056 0.00478463 0.0122624 
0.713817 0.129656 0.0152884 0.0890112 0.0274879 0.00691314 0.0178267 
0.779023 0.066382 0.0185014 0.0856379 0.0213354 0.00519789 0.0239225 
0.807601 0.0434628 0.0216505 0.0942865 0.00984584 0.00362389 0.0195298 
0.841004 0.0608864 0.0214139 0.0461302 0.0060848 0.00417763 0.0203035 
0.829766 0.0715295 0.0183568 0.0383181 0.0145868 0.00520045 0.0222428 
0.775302 0.0892026 0.016574 0.0691557 0.0225908 0.00543678 0.0217379 
0.804545 0.0581707 0.0201244 0.0747188 0.0132443 0.00395809 0.0252383 
0.826733 0.0542261 0.0174908 0.0682422 0.00852236 0.00501046 0.0197752 
0.8226 0.0668256 0.0175216 0.0459582 0.0176904 0.0050642 0.0243405 
0.844566 0.0382787 0.0219231 0.0562119 0.00827679 0.00421673 0.0265271 
0.811003 0.0582595 0.0182129 0.0697335 0.0165601 0.00444107 0.0217896 
0.873218 0.0338568 0.0221182 0.0276745 0.00625365 0.00926057 0.0276178 
0.808057 0.0436299 0.0194997 0.0780004 0.0157263 0.0127136 0.0223735 
0.805105 0.0332476 0.022968 0.0905844 0.00952755 0.0101116 0.0284559 
0.839743 0.0266957 0.0212548 0.0588135 0.0129037 0.00758994 0.0329997 
0.835282 0.025071 0.0248739 0.0695921 0.00937779 0.00547523 0.0303276 
0.834737 0.0274658 0.0243862 0.0524083 0.00495175 0.0131064 0.0429449 
0.83486 0.0330406 0.0256426 0.063153 0.0056207 0.00702802 0.0306554 
0.803179 0.0308666 0.0233348 0.0875111 0.00680951 0.0181994 0.0300997 
0.876502 0.024109 0.0243129 0.042944 0.00409354 0.00852591 0.0195126 
0.87282 0.0287572 0.0215647 0.0360896 0.00689523 0.00784272 0.026031 
0.816861 0.0561801 0.0185533 0.0651663 0.0101947 0.011998 0.0210462 
0.860332 0.0250629 0.0277125 0.0476381 0.00495422 0.00795925 0.0263407 
0.83909 0.034204 0.0223121 0.0626804 0.00733469 0.00892985 0.0254489 
0.831097 0.0376061 0.0227578 0.0444306 0.010697 0.0135105 0.0399013 
0.789035 0.0357408 0.0211469 0.0976497 0.015462 0.0131699 0.0277956 
0.880901 0.0206141 0.0252371 0.0342763 0.00635344 0.00872807 0.0238896 
0.845469 0.0195894 0.0269232 0.0722915 0.00583931 0.0083852 0.0215021 
0.859121 0.0163371 0.028889 0.0566508 0.00818837 0.00973175 0.0210817 
0.799664 0.0249657 0.0278347 0.109266 0.0111258 0.00798468 0.0191594 
0.829816 0.021336 0.0289052 0.0848091 0.00896818 0.00764812 0.0185169 
0.794869 0.0183483 0.0322617 0.112377 0.00856343 0.0098616 0.0237188 
0.828626 0.0191938 0.0346531 0.0757354 0.00588804 0.00904033 0.0268631 
0.775786 0.0207416 0.0298614 0.137606 0.00917603 0.00694827 0.0198799 
0.779828 0.0172742 0.031762 0.127086 0.0112654 0.00705065 0.0257341 
0.724609 0.019897 0.0247993 0.186428 0.0177547 0.00630761 0.0202045 
0.846105 0.0218578 0.0308385 0.0628739 0.00932667 0.00675285 0.0222449 
0.809967 0.0290171 0.0269545 0.094525 0.0128744 0.00634112 0.0203205 
0.827402 0.0290961 0.0270564 0.0809541 0.00805628 0.00777318 0.0196622 
0.822329 0.0253517 0.0287739 0.0812226 0.0104476 0.00800075 0.0238746 
0.80014 0.0232954 0.0305019 0.100461 0.00900429 0.00808276 0.028515 
0.821909 0.026954 0.0303808 0.078377 0.0102498 0.00646951 0.0256598 
0.791799 0.0190052 0.035998 0.0931763 0.00848094 0.0123747 0.0391657 
0.817278 0.0312855 0.0232821 0.07867 0.0154093 0.00792327 0.026152 
0.800718 0.0261972 0.0256581 0.0920626 0.0190142 0.0118458 0.0245036 
0.857576 0.0224086 0.0269663 0.0532039 0.0125781 0.00734488 0.0199221 
0.842611 0.022942 0.0264597 0.0619043 0.0135077 0.00979911 0.0227765 
0.771318 0.0218311 0.0281438 0.133646 0.0184546 0.00673658 0.0198695 
0.823226 0.0163209 0.0408257 0.0727599 0.00917576 0.00505226 0.0326396 
0.850131 0.017735 0.0348546 0.0538347 0.00787081 0.00488344 0.0306909 
0.780842 0.0298596 0.0268998 0.129174 0.0105421 0.00615274 0.0165299 
0.812067 0.0197546 0.0371424 0.085836 0.00698097 0.00936003 0.0288589 
0.779849 0.0183722 0.0354326 0.126615 0.00941229 0.00598897 0.0243299 
0.82648 0.0205694 0.0357759 0.0856886 0.00601499 0.00495118 0.0205201 
0.834032 0.0193248 0.0327783 0.0766205 0.00827234 0.00667005 0.0223016 
0.829706 0.041956 0.0225055 0.0612225 0.00749521 0.00910447 0.0280105 
0.851999 0.0364099 0.0208647 0.049751 0.00693844 0.00884256 0.0251948 
0.856675 0.0338056 0.0201942 0.0455655 0.00713786 0.0111548 0.0254671 
0.859654 0.0313418 0.0243171 0.0414753 0.0050668 0.00724152 0.0309032 
0.847887 0.0332766 0.0252632 0.0531611 0.00421846 0.0102764 0.025917 
0.873753 0.0356016 0.0214905 0.0311823 0.00599626 0.009473 0.0225034 
0.819291 0.0484412 0.018546 0.0649003 0.0123224 0.0135893 0.0229099 
0.782239 0.0433995 0.017659 0.107951 0.0207124 0.0092958 0.018743 
0.817911 0.0446925 0.01926 0.0835584 0.0117066 0.00781484 0.015057 
0.787078 0.0378257 0.0199449 0.10717 0.0143022 0.0140201 0.0196591 
0.816912 0.0336477 0.0240003 0.0815766 0.0173042 0.00636189 0.0201973 
0.826096 0.0315914 0.0227158 0.0623147 0.0174059 0.00875124 0.0311252 
0.820626 0.0459325 0.0194694 0.0547297 0.0314471 0.00653829 0.0212574 
0.833072 0.0490614 0.0175561 0.0550406 0.0255774 0.00533212 0.0143602 
0.84154 0.0421949 0.0200426 0.0413938 0.0166698 0.0163228 0.0218361 
0.797066 0.0582007 0.0186485 0.0385663 0.0428184 0.0284221 0.0162785 
0.729773 0.0674261 0.0263394 0.034321 0.0119761 0.109724 0.0204402 
0.840472 0.0336371 0.0345681 0.012003 0.00330839 0.0481363 0.0278751 
0.78796 0.0430429 0.0371038 0.0353661 0.010816 0.0533504 0.0323613 
0.817836 0.0317568 0.0362946 0.0229078 0.00556064 0.0563039 0.0293403 
0.839345 0.0290964 0.0375006 0.025606 0.00448683 0.039581 0.0243846 
0.779376 0.0297051 0.034168 0.0326198 0.0194383 0.0639335 0.0407593 
0.779785 0.0438745 0.027563 0.0627526 0.0231938 0.0437878 0.0190437 
0.825123 0.0326702 0.0332511 0.0207757 0.00598173 0.0492606 0.0329374 
0.829911 0.0251203 0.0359497 0.0298807 0.00501145 0.0448453 0.0292813 
0.805199 0.0349176 0.031323 0.0461444 0.00509659 0.047314 0.0300051 
0.835679 0.0310397 0.0293029 0.0439524 0.00765093 0.0277888 0.0245864 
0.775683 0.0401406 0.0272626 0.0585302 0.00889895 0.0606756 0.0288089 
0.79978 0.0224093 0.0364451 0.0435328 0.00619807 0.0485542 0.043081 
0.812065 0.0322098 0.0297942 0.0324006 0.00973708 0.0526809 0.0311125 
0.830361 0.0259599 0.0329511 0.0362983 0.00513068 0.0329325 0.0363663 
0.861772 0.0191215 0.0417925 0.0323838 0.00209232 0.0140998 0.0287382 
0.843166 0.0264122 0.0299018 0.0393189 0.00598409 0.0294431 0.0257738 
0.783411 0.0327496 0.0371593 0.0877895 0.00621928 0.0248905 0.0277811 
0.79228 0.032422 0.0288619 0.0778206 0.0131702 0.0292686 0.0261768 
0.851028 0.0211777 0.0351986 0.0346271 0.00818974 0.016848 0.0329312 
0.828261 0.0412445 0.0293435 0.0462227 0.00966254 0.0233132 0.0219523 
0.831718 0.0250162 0.032105 0.0609108 0.00748427 0.0202152 0.0225508 
0.832806 0.0253462 0.0309893 0.0402587 0.00912463 0.028961 0.032514 
0.787895 0.0178538 0.0355633 0.0673071 0.00677271 0.0427385 0.0418691 
0.806008 0.0204371 0.0303774 0.0653498 0.00885509 0.0326792 0.036293 
0.781165 0.0205064 0.0387219 0.0830449 0.00749229 0.0322278 0.0368418 
0.738677 0.0358485 0.0253942 0.104954 0.0270801 0.039638 0.0284078 
0.782166 0.0309091 0.0241229 0.097969 0.016375 0.0238568 0.0246012 
0.829706 0.041956 0.0225055 0.0612225 0.00749521 0.00910447 0.0280105 
0.851999 0.0364099 0.0208647 0.049751 0.00693844 0.00884256 0.0251948 
0.856675 0.0338056 0.0201942 0.0455655 0.00713786 0.0111548 0.0254671 
0.859654 0.0313418 0.0243171 0.0414753 0.0050668 0.00724152 0.0309032 
0.847887 0.0332766 0.0252632 0.0531611 0.00421846 0.0102764 0.025917 
0.873753 0.0356016 0.0214905 0.0311823 0.00599626 0.009473 0.0225034 
0.819291 0.0484412 0.018546 0.0649003 0.0123224 0.0135893 0.0229099 
0.782239 0.0433995 0.017659 0.107951 0.0207124 0.0092958 0.018743 
0.817911 0.0446925 0.01926 0.0835584 0.0117066 0.00781484 0.015057 
0.787078 0.0378257 0.0199449 0.10717 0.0143022 0.0140201 0.0196591 
0.816912 0.0336477 0.0240003 0.0815766 0.0173042 0.00636189 0.0201973 
0.826096 0.0315914 0.0227158 0.0623147 0.0174059 0.00875124 0.0311252 
0.820626 0.0459325 0.0194694 0.0547297 0.0314471 0.00653829 0.0212574 
0.833072 0.0490614 0.0175561 0.0550406 0.0255774 0.00533212 0.0143602 
0.84154 0.0421949 0.0200426 0.0413938 0.0166698 0.0163228 0.0218361 
0.797066 0.0582007 0.0186485 0.0385663 0.0428184 0.0284221 0.0162785 
0.729773 0.0674261 0.0263394 0.034321 0.0119761 0.109724 0.0204402 
0.840472 0.0336371 0.0345681 0.012003 0.00330839 0.0481363 0.0278751 
0.78796 0.0430429 0.0371038 0.0353661 0.010816 0.0533504 0.0323613 
0.817836 0.0317568 0.0362946 0.0229078 0.00556064 0.0563039 0.0293403 
0.839345 0.0290964 0.0375006 0.025606 0.00448683 0.039581 0.0243846 
0.779376 0.0297051 0.034168 0.0326198 0.0194383 0.0639335 0.0407593 
0.779785 0.0438745 0.027563 0.0627526 0.0231938 0.0437878 0.0190437 
0.825123 0.0326702 0.0332511 0.0207757 0.00598173 0.0492606 0.0329374 
0.829911 0.0251203 0.0359497 0.0298807 0.00501145 0.0448453 0.0292813 
0.805199 0.0349176 0.031323 0.0461444 0.00509659 0.047314 0.0300051 
0.835679 0.0310397 0.0293029 0.0439524 0.00765093 0.0277888 0.0245864 
0.775683 0.0401406 0.0272626 0.0585302 0.00889895 0.0606756 0.0288089 
0.79978 0.0224093 0.0364451 0.0435328 0.00619807 0.0485542 0.043081 
0.812065 0.0322098 0.0297942 0.0324006 0.00973708 0.0526809 0.0311125 
0.830361 0.0259599 0.0329511 0.0362983 0.00513068 0.0329325 0.0363663 
0.861772 0.0191215 0.0417925 0.0323838 0.00209232 0.0140998 0.0287382 
0.843166 0.0264122 0.0299018 0.0393189 0.00598409 0.0294431 0.0257738 
0.783411 0.0327496 0.0371593 0.0877895 0.00621928 0.0248905 0.0277811 
0.79228 0.032422 0.0288619 0.0778206 0.0131702 0.0292686 0.0261768 
0.851028 0.0211777 0.0351986 0.0346271 0.00818974 0.016848 0.0329312 
0.828261 0.0412445 0.0293435 0.0462227 0.00966254 0.0233132 0.0219523 
0.831718 0.0250162 0.032105 0.0609108 0.00748427 0.0202152 0.0225508 
0.832806 0.0253462 0.0309893 0.0402587 0.00912463 0.028961 0.032514 
0.787895 0.0178538 0.0355633 0.0673071 0.00677271 0.0427385 0.0418691 
0.806008 0.0204371 0.0303774 0.0653498 0.00885509 0.0326792 0.036293 
0.781165 0.0205064 0.0387219 0.0830449 0.00749229 0.0322278 0.0368418 
0.738677 0.0358485 0.0253942 0.104954 0.0270801 0.039638 0.0284078 
0.782166 0.0309091 0.0241229 0.097969 0.016375 0.0238568 0.0246012 
0.662321 0.0371184 0.014409 0.244219 0.0135191 0.00684892 0.0215641 
0.779603 0.031462 0.0196764 0.116735 0.0110875 0.00728621 0.03415 
0.791458 0.0372321 0.0192637 0.0856203 0.0098395 0.00868962 0.0478974 
0.812183 0.0258392 0.0227188 0.0301885 0.00867552 0.0119403 0.0884548 
0.804403 0.0292835 0.0218086 0.0275127 0.0060972 0.0133242 0.0975708 
0.809045 0.0291625 0.0219308 0.0452066 0.0122528 0.00700407 0.0753985 
0.835729 0.0280106 0.0220942 0.0204339 0.0059255 0.00664701 0.0811594 
0.780702 0.0285613 0.0249107 0.0253375 0.00765042 0.00746295 0.125375 
0.817476 0.0307622 0.0202854 0.05627 0.0118823 0.00793834 0.0553856 
0.846466 0.0371594 0.0178091 0.0290216 0.0096748 0.0103476 0.0495219 
0.82838 0.0353587 0.0186058 0.0386352 0.015042 0.0110034 0.052975 
0.839596 0.0263708 0.0248954 0.0368605 0.0049516 0.00502371 0.0623018 
0.830247 0.0299398 0.016744 0.0465061 0.0286206 0.00665037 0.0412923 
0.8273 0.0222523 0.0224663 0.0479502 0.0110445 0.00653508 0.062452 
0.814645 0.0254864 0.023647 0.0515983 0.0110987 0.00888714 0.0646375 
0.840248 0.0313807 0.0184093 0.062097 0.00924531 0.00718498 0.0314342 
0.846445 0.0316826 0.0232097 0.0307855 0.00338521 0.00792313 0.0565686 
0.83349 0.0229671 0.0232016 0.0196552 0.00998774 0.0117925 0.078906 
0.855712 0.0263442 0.0213494 0.0207211 0.00751295 0.00858984 0.05977 
0.849044 0.0357368 0.0182839 0.021286 0.00526532 0.013311 0.0570727 
0.843122 0.0432139 0.0185794 0.0200893 0.00682701 0.009823 0.0583451 
0.851858 0.0269305 0.0200953 0.0183882 0.00785196 0.0108757 0.0640008 
0.853747 0.0319161 0.0199356 0.0209094 0.00818601 0.00795368 0.0573524 
0.848751 0.0263279 0.0210807 0.0314429 0.0120103 0.007384 0.0530037 
0.837552 0.0311615 0.0197618 0.0378718 0.0138065 0.00799275 0.0518534 
0.850685 0.02736 0.0202564 0.0406047 0.0125636 0.00551552 0.0430144 
0.854036 0.0251339 0.0196077 0.034418 0.00977592 0.00663933 0.050389 
0.846261 0.0299845 0.0213392 0.043142 0.00790114 0.00641204 0.04496 
0.85876 0.0269127 0.0226489 0.0218774 0.00559039 0.00898588 0.0552252 
0.662321 0.0371184 0.014409 0.244219 0.0135191 0.00684892 0.0215641 
0.779603 0.031462 0.0196764 0.116735 0.0110875 0.00728621 0.03415 
0.791458 0.0372321 0.0192637 0.0856203 0.0098395 0.00868962 0.0478974 
0.812183 0.0258392 0.0227188 0.0301885 0.00867552 0.0119403 0.0884548 
0.804403 0.0292835 0.0218086 0.0275127 0.0060972 0.0133242 0.0975708 
0.809045 0.0291625 0.0219308 0.0452066 0.0122528 0.00700407 0.0753985 
0.835729 0.0280106 0.0220942 0.0204339 0.0059255 0.00664701 0.0811594 
0.780702 0.0285613 0.0249107 0.0253375 0.00765042 0.00746295 0.125375 
0.817476 0.0307622 0.0202854 0.05627 0.0118823 0.00793834 0.0553856 
0.846466 0.0371594 0.0178091 0.0290216 0.0096748 0.0103476 0.0495219 
0.82838 0.0353587 0.0186058 0.0386352 0.015042 0.0110034 0.052975 
0.839596 0.0263708 0.0248954 0.0368605 0.0049516 0.00502371 0.0623018 
0.830247 0.0299398 0.016744 0.0465061 0.0286206 0.00665037 0.0412923 
0.8273 0.0222523 0.0224663 0.0479502 0.0110445 0.00653508 0.062452 
0.814645 0.0254864 0.023647 0.0515983 0.0110987 0.00888714 0.0646375 
0.840248 0.0313807 0.0184093 0.062097 0.00924531 0.00718498 0.0314342 
0.846445 0.0316826 0.0232097 0.0307855 0.00338521 0.00792313 0.0565686 
0.83349 0.0229671 0.0232016 0.0196552 0.00998774 0.0117925 0.078906 
0.855712 0.0263442 0.0213494 0.0207211 0.00751295 0.00858984 0.05977 
0.849044 0.0357368 0.0182839 0.021286 0.00526532 0.013311 0.0570727 
0.843122 0.0432139 0.0185794 0.0200893 0.00682701 0.009823 0.0583451 
0.851858 0.0269305 0.0200953 0.0183882 0.00785196 0.0108757 0.0640008 
0.853747 0.0319161 0.0199356 0.0209094 0.00818601 0.00795368 0.0573524 
0.848751 0.0263279 0.0210807 0.0314429 0.0120103 0.007384 0.0530037 
0.837552 0.0311615 0.0197618 0.0378718 0.0138065 0.00799275 0.0518534 
0.850685 0.02736 0.0202564 0.0406047 0.0125636 0.00551552 0.0430144 
0.854036 0.0251339 0.0196077 0.034418 0.00977592 0.00663933 0.050389 
0.846261 0.0299845 0.0213392 0.043142 0.00790114 0.00641204 0.04496 
0.85876 0.0269127 0.0226489 0.0218774 0.00559039 0.00898588 0.0552252 
0.862864 0.0197368 0.0390004 0.0187524 0.00321198 0.00866521 0.0477689 
0.840456 0.0173216 0.0340162 0.0649995 0.00629846 0.00751112 0.0293972 
0.866421 0.0176488 0.0312041 0.0328603 0.00964362 0.00654947 0.0356724 
0.849162 0.0252614 0.0254876 0.0627804 0.00931907 0.006066 0.0219236 
0.83682 0.0253386 0.0240883 0.0691712 0.0106965 0.0101383 0.0237466 
0.851606 0.0253433 0.0246062 0.0641316 0.00891348 0.00736897 0.0180303 
0.807974 0.0241973 0.0224634 0.113636 0.0121974 0.00465469 0.0148766 
0.83095 0.0292179 0.0242165 0.0732725 0.0125328 0.00633832 0.0234722 
0.815231 0.0251307 0.0246257 0.0787479 0.0191491 0.00592489 0.0311905 
0.822805 0.0287489 0.0194689 0.0862765 0.0189245 0.00419234 0.0195837 
0.852766 0.0256448 0.0230389 0.0569493 0.0132481 0.00526414 0.0230892 
0.83879 0.0252692 0.0250772 0.0539649 0.0268683 0.00807616 0.0219538 
0.820808 0.0285009 0.022556 0.0791626 0.0260898 0.0062419 0.0166413 
0.789457 0.0228333 0.0280502 0.10247 0.0158601 0.00511662 0.0362125 
0.839611 0.0221936 0.0359076 0.0491029 0.00764323 0.00627145 0.0392706 
0.827523 0.0230409 0.0331564 0.0632713 0.0169226 0.00570237 0.030384 
0.809545 0.0185718 0.0405547 0.0725428 0.00808465 0.00582219 0.0448788 
0.791718 0.0238859 0.0308237 0.110335 0.0112766 0.005618 0.0263426 
0.846333 0.0256961 0.0307647 0.0486187 0.0114504 0.00491514 0.0322221 
0.768682 0.0247628 0.0290795 0.123042 0.012705 0.00914082 0.0325883 
0.799167 0.0221379 0.0280682 0.103959 0.00996891 0.00538823 0.0313107 
0.858432 0.0166674 0.0341572 0.0474775 0.00689231 0.00663147 0.0297423 
0.860981 0.021255 0.0314712 0.0564705 0.00579493 0.0057725 0.0182544 
0.835478 0.0267755 0.0262042 0.0763878 0.0110804 0.0081336 0.0159405 
0.855261 0.0233528 0.0257859 0.0586718 0.0161836 0.00470896 0.0160356 
0.852051 0.0261093 0.0270479 0.0641843 0.00956643 0.00551296 0.0155284 
0.804499 0.0255121 0.0276299 0.0991554 0.011022 0.0110782 0.0211034 
0.844251 0.0237158 0.0318699 0.0686758 0.00508608 0.00621339 0.0201881 
0.800981 0.0372435 0.0226839 0.100715 0.0163992 0.00511376 0.0168636 
0.886485 0.0238821 0.0330151 0.0287011 0.00560159 0.00517188 0.017143 
0.81905 0.0279859 0.02609 0.0986437 0.00922885 0.00520142 0.0137998 
0.789139 0.0296299 0.0281259 0.12425 0.00668443 0.00433219 0.0178377 
0.820949 0.0175444 0.0296286 0.0895103 0.0110931 0.00514465 0.0261301 
0.760012 0.0331526 0.0334813 0.133252 0.00497955 0.00560915 0.0295134 
0.77358 0.0319387 0.0233317 0.133652 0.0152516 0.00497282 0.0172738 
0.730952 0.0267439 0.0251538 0.178726 0.0166707 0.00560808 0.016145 
0.782462 0.0273415 0.0263775 0.119195 0.0126728 0.0123139 0.0196372 
0.740908 0.0265629 0.0312169 0.166016 0.0117411 0.0080739 0.0154811 
0.726435 0.023419 0.0282005 0.188213 0.0148062 0.00545723 0.0134689 
0.748302 0.0209623 0.0338443 0.159473 0.00948169 0.00455026 0.023386 
0.741695 0.025299 0.0354522 0.14851 0.00779622 0.00968593 0.0315618 
0.74366 0.026676 0.0280799 0.164622 0.0119622 0.00635109 0.0186486 
0.818781 0.0174028 0.0375531 0.0781478 0.00561777 0.00884264 0.0336548 
0.811758 0.0258836 0.0342191 0.0869208 0.00512557 0.00744613 0.0286473 
0.791743 0.038598 0.0277155 0.094757 0.00868202 0.0113995 0.0271054 
0.753252 0.0276225 0.0283288 0.157237 0.00869292 0.00653285 0.0183348 
0.821454 0.0335007 0.0244504 0.0857612 0.0138673 0.00498331 0.0159834 
0.765175 0.022033 0.0312976 0.123146 0.0199851 0.00762731 0.0307356 
0.659273 0.0304745 0.0203063 0.243128 0.0266198 0.00676861 0.0134291 
0.721278 0.0197262 0.0269455 0.182457 0.0213152 0.00826569 0.0200122 
0.760829 0.0464036 0.0203512 0.112656 0.025426 0.0158078 0.0185266 
0.792607 0.0222813 0.0291231 0.0952134 0.01986 0.0124127 0.0285029 
0.836565 0.0230785 0.0333743 0.0626546 0.0107744 0.0075719 0.0259811 
0.845765 0.0190538 0.0345475 0.0523055 0.00821269 0.00613844 0.0339775 
0.830326 0.0206898 0.0316109 0.0723417 0.0124344 0.00615333 0.0264435 
0.791644 0.0286812 0.0287798 0.109256 0.0110335 0.00647197 0.0241336 
0.778053 0.0356738 0.018539 0.125998 0.0153756 0.00835217 0.0180081 
0.704319 0.0572344 0.010447 0.151805 0.0519007 0.00468473 0.0196091 
0.485512 0.0589667 0.00747251 0.343551 0.0782334 0.00306959 0.023195 
0.21012 0.120888 0.0103666 0.538766 0.045544 0.00388378 0.0704322 
0.191062 0.229532 0.0115637 0.486421 0.0362911 0.00461069 0.0405202 
0.0850389 0.0841546 0.00783468 0.771556 0.0269341 0.00254774 0.0219339 
0.036698 0.0457375 0.00398316 0.883692 0.0179165 0.00113738 0.0108354 
0.0750464 0.0685549 0.00501988 0.797203 0.0339932 0.00195547 0.0182277 
0.0661557 0.0848184 0.00650288 0.779286 0.0290742 0.00241059 0.0317519 
0.0455056 0.0630912 0.00465989 0.856673 0.0108593 8.83753E-4 0.0183278 
0.0145398 0.022129 0.00170767 0.949458 0.00790709 3.20785E-4 0.00393794 
0.0246127 0.0135863 0.00225415 0.948393 0.00606541 1.58504E-4 0.00493047 
0.0275803 0.0231722 0.00217969 0.926804 0.0119273 3.88076E-4 0.00794884 
0.0299865 0.0308167 0.00241199 0.911986 0.0156728 5.8415E-4 0.00854195 
0.0800818 0.038239 0.00348311 0.834172 0.0262617 8.73937E-4 0.0168888 
0.053437 0.0435465 0.00269769 0.847335 0.0397917 0.00112813 0.0120641 
0.0411336 0.0398211 0.00216819 0.884794 0.0244948 9.18365E-4 0.0066699 
0.0521551 0.0695645 0.00407254 0.822085 0.025577 0.00162915 0.0249166 
0.0745351 0.104992 0.00654733 0.724809 0.0395483 0.0028713 0.0466975 
0.0487144 0.0500906 0.00319455 0.819837 0.0559744 0.00152504 0.0206638 
0.040047 0.0336901 0.00178963 0.841345 0.0754063 9.17368E-4 0.00680483 
0.249218 0.0160249 0.00593012 0.674288 0.0281263 9.29672E-4 0.025483 
0.674726 0.0266783 0.0241109 0.121463 0.01133 0.00253374 0.139159 
0.693981 0.025241 0.0191456 0.214762 0.00891648 0.00160535 0.0363481 
0.829827 0.0222185 0.0283592 0.0758924 0.00287463 0.00313825 0.0376906 
0.854247 0.0264276 0.0209351 0.0650326 0.00579141 0.0029286 0.0246378 
0.849706 0.0272157 0.018431 0.0706467 0.00447051 0.00533803 0.0241923 
0.828756 0.0230212 0.0300291 0.0335385 0.00637573 0.00424602 0.0740339 
0.815805 0.0148365 0.0332206 0.0511484 0.0056841 0.00438734 0.0749177 
0.765924 0.0192498 0.0258082 0.125301 0.0098909 0.00284606 0.0509799 
0.779675 0.0234604 0.0244919 0.0750333 0.00550543 0.00730123 0.084533 
0.781903 0.0404805 0.0218531 0.0519219 0.00676006 0.00886723 0.0882138 
0.795752 0.0236675 0.0215399 0.0964089 0.0199333 0.00839522 0.0343035 
0.794375 0.0216571 0.0306046 0.0961367 0.00770273 0.00480034 0.0447231 
0.822217 0.0225939 0.0296911 0.0715292 0.00703568 0.00627236 0.0406611 
0.82906 0.0190858 0.0323777 0.07577 0.00900464 0.00498139 0.0297208 
0.845121 0.0219702 0.0352494 0.0379338 0.00361892 0.0056703 0.050436 
0.753677 0.0222083 0.0313525 0.14332 0.00785402 0.00422472 0.0373632 
0.754438 0.0194814 0.0372256 0.108893 0.00536831 0.00520106 0.0693926 
0.794719 0.026482 0.0225377 0.105989 0.0152446 0.00458573 0.0304414 
0.833292 0.0289949 0.0242105 0.070631 0.00944219 0.00348584 0.0299432 
0.824365 0.0297183 0.0236075 0.0551827 0.0170461 0.00661923 0.0434613 
0.819238 0.0309123 0.0271911 0.0639025 0.00914073 0.00641489 0.0432002 
0.837955 0.0248131 0.0249316 0.05094 0.00822078 0.00691062 0.0462293 
0.857232 0.0284574 0.0228596 0.0352894 0.00869446 0.0053515 0.042116 
0.851816 0.0414536 0.023311 0.0386621 0.00708548 0.00556299 0.0321087 
0.837084 0.037574 0.020214 0.0583302 0.00932628 0.00484735 0.0326238 
0.83315 0.0281097 0.025862 0.0614334 0.00922051 0.00492282 0.0373019 
0.823824 0.0355652 0.021043 0.0660882 0.0167901 0.00467342 0.0320159 
0.831219 0.030938 0.0229671 0.048175 0.0176628 0.00805361 0.040984 
0.842595 0.0227169 0.0262755 0.0404639 0.0132066 0.00546553 0.0492764 
0.833258 0.0371829 0.0228626 0.0471639 0.0174856 0.00660889 0.0354378 
0.824385 0.0332245 0.026243 0.0502436 0.0155986 0.00776401 0.0425415 
0.819976 0.0319992 0.0243247 0.068161 0.0188655 0.00476932 0.0319042 
0.827362 0.0328395 0.027507 0.0632655 0.0134183 0.00477808 0.0308291 
0.794322 0.0261728 0.0335622 0.0823509 0.00892631 0.00474572 0.0499199 
0.796961 0.0203554 0.0363166 0.0937026 0.00687096 0.00524113 0.0405521 
0.807487 0.0127412 0.0457249 0.0748957 0.00734117 0.00330822 0.0485018 
0.820905 0.0148205 0.0423469 0.0717606 0.004795 0.00446995 0.0409024 
0.760717 0.0134608 0.049202 0.101637 0.00428357 0.00537982 0.0653193 
0.823687 0.0116447 0.0456117 0.055527 0.00402381 0.00735827 0.0521471 
0.820218 0.0138886 0.041813 0.0755081 0.00453825 0.00584458 0.0381898 
0.83437 0.0169966 0.0365396 0.0421402 0.00609919 0.00729143 0.0565634 
0.788125 0.0135021 0.0433901 0.0700884 0.00424672 0.00685118 0.0737964 
0.789655 0.0169459 0.0430665 0.077719 0.0033964 0.00504597 0.0641712 
0.812441 0.0142804 0.0413203 0.0644325 0.00398442 0.00465253 0.0588889 
0.814087 0.0141175 0.0401656 0.0523231 0.00433765 0.00506461 0.0699043 
0.786853 0.0142022 0.0426116 0.103028 0.00488755 0.00375613 0.0446618 
0.804713 0.0143124 0.0453375 0.0627247 0.00399394 0.00376573 0.0651529 
0.793159 0.0154233 0.040571 0.0757372 0.00563121 0.00556032 0.0639177 
0.827654 0.0164474 0.0375786 0.0655825 0.00421722 0.00580788 0.0427123 
0.829879 0.0200696 0.0351327 0.0708548 0.00429761 0.00424426 0.0355216 
0.821631 0.0149246 0.0354256 0.068762 0.00597534 0.00482958 0.0484521 
0.836788 0.0174423 0.0322299 0.0616962 0.00462454 0.00420786 0.0430115 
0.811549 0.0172292 0.0290117 0.105602 0.00803475 0.00395318 0.0246204 
0.765791 0.0166382 0.0257162 0.16185 0.00778282 0.00407734 0.0181452 
0.858201 0.0120381 0.0420557 0.0352661 0.00451561 0.00457121 0.043352 
0.820257 0.0132976 0.0410866 0.0774705 0.00579479 0.0041927 0.0379007 
0.825813 0.0173586 0.0282185 0.0800634 0.00843008 0.00644573 0.0336708 
0.836771 0.0162963 0.0293558 0.0789014 0.00629865 0.00390961 0.0284674 
0.857348 0.0161446 0.0292272 0.0540588 0.0065943 0.0052112 0.0314158 
0.824636 0.0234468 0.0271844 0.0692541 0.00664403 0.00371311 0.0451215 
0.800089 0.0157447 0.0345496 0.063997 0.0061724 0.00729745 0.0721495 
0.822856 0.0220018 0.0240806 0.082167 0.0115202 0.00626932 0.0311051 
0.829722 0.0224285 0.0225029 0.0796908 0.0145415 0.00569127 0.0254234 
0.85802 0.0188326 0.0255305 0.0408247 0.0113367 0.00686323 0.0385925 
0.831957 0.0203337 0.0266917 0.0829979 0.00978238 0.00409849 0.0241389 
0.82402 0.0311361 0.0216675 0.0748418 0.017089 0.00675363 0.0244917 
0.811598 0.0312354 0.022665 0.07943 0.0198233 0.00757281 0.0276759 
0.865608 0.0214374 0.0291491 0.0378664 0.00510867 0.00631057 0.0345196 
0.852805 0.0229974 0.0267708 0.0547714 0.00916564 0.00656696 0.0269224 
0.853572 0.0246673 0.0252798 0.0436662 0.00934419 0.00755336 0.0359171 
0.872606 0.0252229 0.0266052 0.0290403 0.00604514 0.00594089 0.0345394 
0.861577 0.021342 0.0274898 0.039247 0.00666202 0.00475998 0.0389219 
0.852058 0.0178379 0.0334363 0.0445915 0.00587805 0.00465504 0.0415437 
0.861242 0.0223288 0.0269715 0.0427832 0.00909499 0.0047777 0.0328022 
0.846751 0.0253886 0.0254238 0.061853 0.00826153 0.00531187 0.0270103 
0.883052 0.0201855 0.0254742 0.0277655 0.00603594 0.00726919 0.0302181 
0.851037 0.019374 0.02746 0.0475795 0.00619399 0.00711753 0.0412379 
0.805203 0.019236 0.0289277 0.0703949 0.0106935 0.00721715 0.0583274 
0.814023 0.0228289 0.0270846 0.072528 0.00756791 0.00730467 0.0486628 
0.862051 0.0272483 0.0269818 0.0307412 0.0053928 0.0084258 0.039159 
0.851728 0.0304068 0.0237977 0.056253 0.0105139 0.00545308 0.0218473 
0.820161 0.0206457 0.0255315 0.0701485 0.00784196 0.00385854 0.0518133 
0.753205 0.022039 0.0318622 0.0314487 0.00602826 0.00367661 0.15174 
0.784027 0.0202909 0.0265847 0.0712449 0.0120807 0.00626114 0.0795105 
0.801918 0.0167484 0.0338638 0.0329598 0.00955403 0.0034779 0.101478 
0.725702 0.0163217 0.0371318 0.0335839 0.0112471 0.00509191 0.170922 
0.762899 0.0132054 0.0405447 0.0406051 0.00797084 0.0041073 0.130668 
0.757613 0.0152178 0.0371572 0.0996062 0.00962462 0.00261955 0.0781619 
0.797135 0.0194008 0.0286472 0.0649913 0.0146178 0.00312651 0.0720816 
0.686574 0.0159078 0.0331809 0.176274 0.0117697 0.00336117 0.0729317 
0.78961 0.0167816 0.032475 0.040983 0.00966491 0.00403351 0.106452 
0.763562 0.0156032 0.0348375 0.0504324 0.0096941 0.00325881 0.122612 
0.752826 0.0135181 0.0351708 0.064913 0.0135377 0.00418739 0.115847 
0.794087 0.0213482 0.0329109 0.092831 0.014274 0.00514425 0.0394051 
0.806001 0.0215519 0.0313262 0.0766326 0.00910368 0.0059578 0.0494268 
0.770356 0.0194097 0.0336665 0.125405 0.00580845 0.00463465 0.040719 
0.774924 0.0267 0.0289393 0.0998716 0.00684145 0.00551773 0.0572063 
0.827123 0.0194471 0.0353106 0.0422325 0.00486363 0.00274142 0.0682817 
0.768951 0.0259042 0.026506 0.130392 0.0125784 0.00375588 0.0319122 
0.72831 0.019079 0.0308082 0.161367 0.0131058 0.00396141 0.0433689 
0.804031 0.0216432 0.0281482 0.0606728 0.0228051 0.00499463 0.0577055 
0.782468 0.0193106 0.0268266 0.106071 0.0190263 0.00517692 0.0411206 
0.821786 0.0217937 0.0263335 0.0789922 0.013268 0.00340535 0.0344211 
0.804186 0.0283878 0.0245791 0.0835883 0.0220052 0.00439604 0.0328579 
0.779986 0.029491 0.0233507 0.104221 0.0171111 0.00647412 0.0393663 
0.849215 0.027619 0.0235004 0.0553748 0.00790158 0.0061864 0.0302032 
0.810598 0.0247229 0.0286673 0.0437097 0.00714415 0.00752591 0.0776317 
0.788713 0.0288388 0.0225697 0.0663353 0.0275239 0.013781 0.052238 
0.862566 0.0292871 0.021346 0.0406619 0.011699 0.00512586 0.0293136 
0.852228 0.0269174 0.0261029 0.046633 0.00993961 0.00459972 0.0335795 
0.807498 0.0207126 0.0280219 0.0941318 0.0117386 0.00349634 0.034401 
0.791399 0.0166043 0.037747 0.0381558 0.00752934 0.00730045 0.101264 
0.80634 0.0239366 0.0293532 0.100656 0.00840422 0.00382917 0.0274802 
0.81863 0.0155632 0.0358796 0.066232 0.00949113 0.0042182 0.0499863 
0.770996 0.0174134 0.031802 0.0924207 0.0140052 0.00499886 0.0683639 
0.77259 0.0170881 0.0310401 0.115422 0.00850157 0.00314603 0.0522128 
0.805062 0.021165 0.0306442 0.0751595 0.0128739 0.00486107 0.0502344 
0.840961 0.026698 0.025936 0.0467707 0.00906776 0.00570183 0.0448649 
0.839684 0.0336869 0.0279112 0.0504815 0.00603668 0.00746129 0.0347383 
0.788359 0.0276909 0.0274708 0.102581 0.00719309 0.00498434 0.0417202 
0.824295 0.0309296 0.0267151 0.0553082 0.00551006 0.00805298 0.0491888 
0.823473 0.0224955 0.0299103 0.0622418 0.0071895 0.00538571 0.0493043 
0.837049 0.0225738 0.029526 0.0620022 0.00849333 0.00362038 0.0367356 
0.82469 0.0343321 0.019241 0.0613844 0.0225617 0.00536019 0.0324306 
0.820445 0.0213659 0.0269569 0.0680697 0.0126797 0.00611828 0.0443645 
0.840898 0.0249892 0.0240827 0.0466439 0.0117632 0.00970065 0.0419221 
0.813971 0.0290516 0.0237881 0.0793779 0.012762 0.00664601 0.0344033 
0.834343 0.0449555 0.0235406 0.053336 0.0105655 0.00566336 0.0275959 
0.804969 0.0286625 0.0241152 0.0921797 0.0138041 0.00605851 0.0302104 
0.830771 0.0226513 0.0251086 0.081857 0.010279 0.00329909 0.0260342 
0.828266 0.0291955 0.0239023 0.0595574 0.01389 0.0057754 0.0394132 
0.817253 0.0290354 0.0194739 0.086112 0.0211493 0.0051269 0.0218499 
0.833972 0.0262136 0.0265366 0.0491749 0.00998965 0.00574794 0.0483657 
0.829029 0.0269032 0.0309413 0.0505895 0.0108424 0.0039011 0.0477933 
0.85206 0.0276503 0.022711 0.051644 0.00960717 0.00569589 0.0306313 
0.829629 0.0305354 0.026674 0.0381916 0.00858755 0.00566386 0.0607184 
0.829624 0.0195254 0.0267545 0.0496861 0.0141273 0.00506426 0.0552187 
0.790353 0.0339016 0.0237818 0.0796886 0.0158201 0.006156 0.0502994 
0.778208 0.0203245 0.0304944 0.128267 0.0146075 0.00393579 0.0241627 
0.853493 0.0187143 0.0357576 0.0543056 0.00501632 0.00345737 0.0292556 
0.742189 0.0207878 0.0360415 0.155265 0.00614761 0.00382346 0.0357458 
0.762946 0.0254176 0.0250673 0.157045 0.0100985 0.00390447 0.0155211 
0.764945 0.0267681 0.0260902 0.137167 0.0170342 0.00511747 0.0228779 
0.7786 0.0191657 0.030125 0.125971 0.0172613 0.00346808 0.0254088 
0.775962 0.0194759 0.030504 0.134251 0.0135257 0.00392504 0.0223559 
0.782418 0.0156028 0.0367645 0.105725 0.0138604 0.00416172 0.0414676 
0.833302 0.0226368 0.0311742 0.05199 0.0132085 0.00654878 0.0411396 
0.803763 0.0172312 0.0407175 0.0612272 0.00830076 0.00511826 0.0636421 
0.849175 0.0145448 0.0360161 0.0543058 0.0081888 0.00651688 0.0312524 
0.773325 0.0197691 0.0285006 0.107566 0.0215946 0.00798712 0.0412576 
0.746156 0.0212855 0.025442 0.152361 0.0185836 0.00593861 0.0302332 
0.805146 0.0191527 0.0333921 0.0964472 0.00845881 0.00513171 0.032272 
0.836017 0.0197983 0.0346671 0.0538332 0.00851793 0.00436044 0.0428061 
0.807038 0.01702 0.0345021 0.0971443 0.01143 0.00577975 0.0270854 
0.76994 0.0258741 0.0257848 0.136408 0.0190742 0.0037007 0.0192179 
0.787909 0.0324299 0.0305889 0.111129 0.0128151 0.00372914 0.0213989 
0.836829 0.0211186 0.0397193 0.0449023 0.00923108 0.00318693 0.0450128 
0.704596 0.0236506 0.0250031 0.195315 0.022181 0.00407757 0.0251763 
0.811398 0.0167686 0.0451389 0.0805517 0.00611237 0.00266745 0.0373627 
0.791666 0.0124061 0.053634 0.0632578 0.00730083 0.00301509 0.0687203 
0.767149 0.0193429 0.0233659 0.143377 0.026942 0.00353835 0.0162852 
0.80841 0.0126733 0.0398798 0.0933869 0.0118903 0.00300607 0.0307536 
0.789445 0.0214519 0.0285201 0.111623 0.0193138 0.00336738 0.0262786 
0.851049 0.0226422 0.031364 0.0511793 0.00950212 0.00350703 0.0307563 
0.862298 0.0188223 0.0345876 0.038999 0.0087476 0.00496614 0.0315792 
0.819297 0.0218015 0.0288563 0.0851067 0.0175365 0.00341423 0.023988 
0.822027 0.0190169 0.0258096 0.0837663 0.019666 0.00330399 0.0264105 
0.819386 0.0162796 0.0381373 0.0840591 0.0103506 0.00230627 0.0294808 
0.814504 0.0192927 0.0348936 0.0538486 0.0104659 0.00233258 0.064662 
0.869397 0.0198814 0.0309738 0.0280867 0.00817131 0.00277078 0.0407185 
0.846046 0.0162938 0.0316386 0.0613239 0.00764927 0.00256277 0.0344856 
0.837113 0.0148834 0.0346229 0.0564902 0.00860085 0.00292515 0.0453648 
0.847348 0.0150485 0.0373319 0.0538679 0.00464637 0.00402636 0.0377308 
0.837104 0.0147333 0.0327402 0.0876771 0.00677105 0.00404034 0.0169344 
0.827933 0.0133557 0.0342006 0.0762697 0.00898832 0.00444172 0.0348106 
0.859876 0.0150939 0.0334057 0.0451159 0.00814915 0.00304513 0.0353144 
0.822874 0.0161583 0.0368613 0.0674035 0.0104832 0.00278045 0.0434395 
0.763577 0.0175986 0.0362577 0.140836 0.0085499 0.00257074 0.0306107 
0.82473 0.0188075 0.0374993 0.0798044 0.00517285 0.0032305 0.0307559 
0.815551 0.0211788 0.0318595 0.0869078 0.00606921 0.00464951 0.0337845 
0.84471 0.0182264 0.0343597 0.0619562 0.00787008 0.00378516 0.0290923 
0.844572 0.0173487 0.0317638 0.0560884 0.00968009 0.00346351 0.0370831 
0.820118 0.0172169 0.0350986 0.0561326 0.0135178 0.00520355 0.052712 
0.794087 0.0213482 0.0329109 0.092831 0.014274 0.00514425 0.0394051 
0.806001 0.0215519 0.0313262 0.0766326 0.00910368 0.0059578 0.0494268 
0.770356 0.0194097 0.0336665 0.125405 0.00580845 0.00463465 0.040719 
0.774924 0.0267 0.0289393 0.0998716 0.00684145 0.00551773 0.0572063 
0.827123 0.0194471 0.0353106 0.0422325 0.00486363 0.00274142 0.0682817 
0.768951 0.0259042 0.026506 0.130392 0.0125784 0.00375588 0.0319122 
0.72831 0.019079 0.0308082 0.161367 0.0131058 0.00396141 0.0433689 
0.804031 0.0216432 0.0281482 0.0606728 0.0228051 0.00499463 0.0577055 
0.782468 0.0193106 0.0268266 0.106071 0.0190263 0.00517692 0.0411206 
0.821786 0.0217937 0.0263335 0.0789922 0.013268 0.00340535 0.0344211 
0.804186 0.0283878 0.0245791 0.0835883 0.0220052 0.00439604 0.0328579 
0.779986 0.029491 0.0233507 0.104221 0.0171111 0.00647412 0.0393663 
0.849215 0.027619 0.0235004 0.0553748 0.00790158 0.0061864 0.0302032 
0.810598 0.0247229 0.0286673 0.0437097 0.00714415 0.00752591 0.0776317 
0.788713 0.0288388 0.0225697 0.0663353 0.0275239 0.013781 0.052238 
0.862566 0.0292871 0.021346 0.0406619 0.011699 0.00512586 0.0293136 
0.852228 0.0269174 0.0261029 0.046633 0.00993961 0.00459972 0.0335795 
0.807498 0.0207126 0.0280219 0.0941318 0.0117386 0.00349634 0.034401 
0.791399 0.0166043 0.037747 0.0381558 0.00752934 0.00730045 0.101264 
0.80634 0.0239366 0.0293532 0.100656 0.00840422 0.00382917 0.0274802 
0.81863 0.0155632 0.0358796 0.066232 0.00949113 0.0042182 0.0499863 
0.770996 0.0174134 0.031802 0.0924207 0.0140052 0.00499886 0.0683639 
0.77259 0.0170881 0.0310401 0.115422 0.00850157 0.00314603 0.0522128 
0.805062 0.021165 0.0306442 0.0751595 0.0128739 0.00486107 0.0502344 
0.840961 0.026698 0.025936 0.0467707 0.00906776 0.00570183 0.0448649 
0.839684 0.0336869 0.0279112 0.0504815 0.00603668 0.00746129 0.0347383 
0.788359 0.0276909 0.0274708 0.102581 0.00719309 0.00498434 0.0417202 
0.824295 0.0309296 0.0267151 0.0553082 0.00551006 0.00805298 0.0491888 
0.823473 0.0224955 0.0299103 0.0622418 0.0071895 0.00538571 0.0493043 
0.837049 0.0225738 0.029526 0.0620022 0.00849333 0.00362038 0.0367356 
0.82469 0.0343321 0.019241 0.0613844 0.0225617 0.00536019 0.0324306 
0.820445 0.0213659 0.0269569 0.0680697 0.0126797 0.00611828 0.0443645 
0.840898 0.0249892 0.0240827 0.0466439 0.0117632 0.00970065 0.0419221 
0.813971 0.0290516 0.0237881 0.0793779 0.012762 0.00664601 0.0344033 
0.834343 0.0449555 0.0235406 0.053336 0.0105655 0.00566336 0.0275959 
0.804969 0.0286625 0.0241152 0.0921797 0.0138041 0.00605851 0.0302104 
0.830771 0.0226513 0.0251086 0.081857 0.010279 0.00329909 0.0260342 
0.828266 0.0291955 0.0239023 0.0595574 0.01389 0.0057754 0.0394132 
0.817253 0.0290354 0.0194739 0.086112 0.0211493 0.0051269 0.0218499 
0.833972 0.0262136 0.0265366 0.0491749 0.00998965 0.00574794 0.0483657 
0.829029 0.0269032 0.0309413 0.0505895 0.0108424 0.0039011 0.0477933 
0.85206 0.0276503 0.022711 0.051644 0.00960717 0.00569589 0.0306313 
0.829629 0.0305354 0.026674 0.0381916 0.00858755 0.00566386 0.0607184 
0.829624 0.0195254 0.0267545 0.0496861 0.0141273 0.00506426 0.0552187 
0.790353 0.0339016 0.0237818 0.0796886 0.0158201 0.006156 0.0502994 
0.511834 0.0637685 0.0138118 0.369469 0.0258273 0.00274486 0.0125446 
0.656495 0.0471731 0.0136289 0.226594 0.0373041 0.00326129 0.0155435 
0.693104 0.0493875 0.0145526 0.17663 0.0453743 0.00346011 0.0174922 
0.559206 0.0606322 0.0104887 0.277078 0.0734209 0.00339467 0.0157792 
0.712261 0.0301101 0.0149133 0.192352 0.0302315 0.0028088 0.017323 
0.668088 0.028779 0.0125203 0.209226 0.0605939 0.00270101 0.0180913 
0.711637 0.0363665 0.0160531 0.184546 0.0285924 0.00242797 0.0203767 
0.603378 0.0186022 0.0143157 0.295747 0.0474539 0.00236975 0.0181342 
0.609565 0.052543 0.0125688 0.259683 0.0487419 0.00239345 0.0145044 
0.502688 0.0408038 0.0127774 0.403326 0.0281176 0.00189036 0.0103963 
0.725788 0.0440607 0.0169598 0.172738 0.0223967 0.0020512 0.0160052 
0.668297 0.0527586 0.0155172 0.215447 0.0306231 0.00236463 0.0149928 
0.648028 0.0609135 0.0118965 0.219674 0.0422772 0.00296802 0.0142421 
0.700252 0.0664022 0.013316 0.157906 0.0419055 0.00346702 0.016751 
0.730831 0.0524306 0.0133029 0.136147 0.0454498 0.00349159 0.0183479 
0.694793 0.0492552 0.0141299 0.165587 0.0487545 0.00289054 0.02459 
0.775966 0.0322355 0.0159279 0.125133 0.0251622 0.00249026 0.023086 
0.784856 0.0356514 0.015638 0.118707 0.0233148 0.00250361 0.0193288 
0.771765 0.0329026 0.0146187 0.122212 0.0334983 0.00276789 0.0222359 
0.75102 0.0400994 0.0156759 0.135448 0.0296405 0.00208239 0.0260343 
0.707428 0.0409482 0.0155819 0.197137 0.0223327 0.00212493 0.0144479 
0.705899 0.0301078 0.0167446 0.208207 0.0229221 0.0018612 0.014259 
0.76744 0.0336602 0.0172515 0.124901 0.0300329 0.00283394 0.0238802 
0.678791 0.0382369 0.0158681 0.225844 0.0217799 0.00243263 0.0170478 
0.684881 0.0423452 0.0156128 0.210223 0.0254594 0.00282822 0.0186507 
0.725892 0.0398083 0.0155478 0.184274 0.0179893 0.00221374 0.0142748 
0.70817 0.0469581 0.0138424 0.188626 0.0236273 0.00303997 0.0157361 
0.731703 0.0540653 0.0147265 0.156928 0.018368 0.00344274 0.0207665 
0.709512 0.0263274 0.0164638 0.202217 0.0254745 0.00183022 0.0181752 
0.691699 0.023192 0.0159936 0.221521 0.0264257 0.00244547 0.018724 
0.794087 0.0213482 0.0329109 0.092831 0.014274 0.00514425 0.0394051 
0.806001 0.0215519 0.0313262 0.0766326 0.00910368 0.0059578 0.0494268 
0.770356 0.0194097 0.0336665 0.125405 0.00580845 0.00463465 0.040719 
0.774924 0.0267 0.0289393 0.0998716 0.00684145 0.00551773 0.0572063 
0.827123 0.0194471 0.0353106 0.0422325 0.00486363 0.00274142 0.0682817 
0.768951 0.0259042 0.026506 0.130392 0.0125784 0.00375588 0.0319122 
0.72831 0.019079 0.0308082 0.161367 0.0131058 0.00396141 0.0433689 
0.804031 0.0216432 0.0281482 0.0606728 0.0228051 0.00499463 0.0577055 
0.782468 0.0193106 0.0268266 0.106071 0.0190263 0.00517692 0.0411206 
0.821786 0.0217937 0.0263335 0.0789922 0.013268 0.00340535 0.0344211 
0.804186 0.0283878 0.0245791 0.0835883 0.0220052 0.00439604 0.0328579 
0.779986 0.029491 0.0233507 0.104221 0.0171111 0.00647412 0.0393663 
0.849215 0.027619 0.0235004 0.0553748 0.00790158 0.0061864 0.0302032 
0.810598 0.0247229 0.0286673 0.0437097 0.00714415 0.00752591 0.0776317 
0.788713 0.0288388 0.0225697 0.0663353 0.0275239 0.013781 0.052238 
0.862566 0.0292871 0.021346 0.0406619 0.011699 0.00512586 0.0293136 
0.852228 0.0269174 0.0261029 0.046633 0.00993961 0.00459972 0.0335795 
0.807498 0.0207126 0.0280219 0.0941318 0.0117386 0.00349634 0.034401 
0.791399 0.0166043 0.037747 0.0381558 0.00752934 0.00730045 0.101264 
0.80634 0.0239366 0.0293532 0.100656 0.00840422 0.00382917 0.0274802 
0.81863 0.0155632 0.0358796 0.066232 0.00949113 0.0042182 0.0499863 
0.770996 0.0174134 0.031802 0.0924207 0.0140052 0.00499886 0.0683639 
0.77259 0.0170881 0.0310401 0.115422 0.00850157 0.00314603 0.0522128 
0.805062 0.021165 0.0306442 0.0751595 0.0128739 0.00486107 0.0502344 
0.840961 0.026698 0.025936 0.0467707 0.00906776 0.00570183 0.0448649 
0.839684 0.0336869 0.0279112 0.0504815 0.00603668 0.00746129 0.0347383 
0.788359 0.0276909 0.0274708 0.102581 0.00719309 0.00498434 0.0417202 
0.824295 0.0309296 0.0267151 0.0553082 0.00551006 0.00805298 0.0491888 
0.823473 0.0224955 0.0299103 0.0622418 0.0071895 0.00538571 0.0493043 
0.837049 0.0225738 0.029526 0.0620022 0.00849333 0.00362038 0.0367356 
0.82469 0.0343321 0.019241 0.0613844 0.0225617 0.00536019 0.0324306 
0.820445 0.0213659 0.0269569 0.0680697 0.0126797 0.00611828 0.0443645 
0.840898 0.0249892 0.0240827 0.0466439 0.0117632 0.00970065 0.0419221 
0.813971 0.0290516 0.0237881 0.0793779 0.012762 0.00664601 0.0344033 
0.834343 0.0449555 0.0235406 0.053336 0.0105655 0.00566336 0.0275959 
0.804969 0.0286625 0.0241152 0.0921797 0.0138041 0.00605851 0.0302104 
0.830771 0.0226513 0.0251086 0.081857 0.010279 0.00329909 0.0260342 
0.828266 0.0291955 0.0239023 0.0595574 0.01389 0.0057754 0.0394132 
0.817253 0.0290354 0.0194739 0.086112 0.0211493 0.0051269 0.0218499 
0.833972 0.0262136 0.0265366 0.0491749 0.00998965 0.00574794 0.0483657 
0.829029 0.0269032 0.0309413 0.0505895 0.0108424 0.0039011 0.0477933 
0.85206 0.0276503 0.022711 0.051644 0.00960717 0.00569589 0.0306313 
0.829629 0.0305354 0.026674 0.0381916 0.00858755 0.00566386 0.0607184 
0.829624 0.0195254 0.0267545 0.0496861 0.0141273 0.00506426 0.0552187 
0.790353 0.0339016 0.0237818 0.0796886 0.0158201 0.006156 0.0502994 
0.347172 0.0575937 0.0109369 0.515028 0.0509031 0.00575784 0.0126088 
0.43152 0.0349852 0.0116884 0.466363 0.0388181 0.00384151 0.0127837 
0.41892 0.0391867 0.0130655 0.486885 0.0255991 0.00302108 0.013323 
0.479333 0.0309627 0.0142746 0.419811 0.0365948 0.00418837 0.0148362 
0.515606 0.0459929 0.0141173 0.352675 0.047685 0.00609343 0.0178306 
0.546642 0.025854 0.0213012 0.319553 0.0331711 0.00550666 0.0479719 
0.568571 0.0458852 0.0148334 0.321908 0.0283647 0.00397679 0.0164612 
0.54425 0.0348175 0.0150059 0.346734 0.0392479 0.00367143 0.0162731 
0.561419 0.0499968 0.0140148 0.294115 0.057279 0.00552078 0.0176543 
0.665968 0.0250505 0.0209282 0.243708 0.0186651 0.00446189 0.0212179 
0.617203 0.0466919 0.0150768 0.261536 0.0387059 0.00355879 0.0172282 
0.515575 0.0357595 0.0145151 0.375051 0.0401923 0.00338851 0.0155184 
0.657268 0.039556 0.0174028 0.240035 0.0253546 0.00355891 0.0168251 
0.548872 0.0403398 0.0155589 0.337689 0.0378853 0.00430908 0.0153465 
0.659725 0.0545986 0.0151727 0.210764 0.0383738 0.00517097 0.0161948 
0.735823 0.050129 0.0176617 0.14107 0.0283311 0.00674202 0.0202435 
0.710018 0.0451398 0.017309 0.176976 0.0258512 0.00559655 0.0191089 
0.601064 0.0408308 0.0166856 0.287676 0.0314695 0.00473167 0.0175424 
0.635685 0.0505771 0.0138348 0.227925 0.0500185 0.00593269 0.0160272 
0.666479 0.0502934 0.0162286 0.209232 0.0348052 0.00522572 0.0177364 
0.722749 0.0397161 0.0237069 0.147222 0.0271408 0.00331432 0.0361514 
0.62307 0.0463636 0.0154085 0.241354 0.0506412 0.00593356 0.0172295 
0.654507 0.0429155 0.0205335 0.219499 0.0276552 0.00583135 0.0290585 
0.676358 0.0460793 0.0213721 0.209751 0.0176048 0.00661414 0.0222212 
0.647244 0.0385248 0.018194 0.239731 0.0262074 0.00693722 0.0231623 
0.489149 0.0497575 0.0112112 0.36742 0.0628697 0.0052842 0.014308 
0.519498 0.0356347 0.0128803 0.337716 0.0708614 0.00484944 0.01856 
0.413882 0.037441 0.00876537 0.466675 0.0598127 0.00398606 0.00943722 
0.231838 0.034766 0.00826302 0.670595 0.0434624 0.0027252 0.00835011 
0.531083 0.060466 0.0122249 0.310378 0.0634667 0.0045558 0.0178264 
0.794087 0.0213482 0.0329109 0.092831 0.014274 0.00514425 0.0394051 
0.806001 0.0215519 0.0313262 0.0766326 0.00910368 0.0059578 0.0494268 
0.770356 0.0194097 0.0336665 0.125405 0.00580845 0.00463465 0.040719 
0.774924 0.0267 0.0289393 0.0998716 0.00684145 0.00551773 0.0572063 
0.827123 0.0194471 0.0353106 0.0422325 0.00486363 0.00274142 0.0682817 
0.768951 0.0259042 0.026506 0.130392 0.0125784 0.00375588 0.0319122 
0.72831 0.019079 0.0308082 0.161367 0.0131058 0.00396141 0.0433689 
0.804031 0.0216432 0.0281482 0.0606728 0.0228051 0.00499463 0.0577055 
0.782468 0.0193106 0.0268266 0.106071 0.0190263 0.00517692 0.0411206 
0.821786 0.0217937 0.0263335 0.0789922 0.013268 0.00340535 0.0344211 
0.804186 0.0283878 0.0245791 0.0835883 0.0220052 0.00439604 0.0328579 
0.779986 0.029491 0.0233507 0.104221 0.0171111 0.00647412 0.0393663 
0.849215 0.027619 0.0235004 0.0553748 0.00790158 0.0061864 0.0302032 
0.810598 0.0247229 0.0286673 0.0437097 0.00714415 0.00752591 0.0776317 
0.788713 0.0288388 0.0225697 0.0663353 0.0275239 0.013781 0.052238 
0.862566 0.0292871 0.021346 0.0406619 0.011699 0.00512586 0.0293136 
0.852228 0.0269174 0.0261029 0.046633 0.00993961 0.00459972 0.0335795 
0.807498 0.0207126 0.0280219 0.0941318 0.0117386 0.00349634 0.034401 
0.791399 0.0166043 0.037747 0.0381558 0.00752934 0.00730045 0.101264 
0.80634 0.0239366 0.0293532 0.100656 0.00840422 0.00382917 0.0274802 
0.81863 0.0155632 0.0358796 0.066232 0.00949113 0.0042182 0.0499863 
0.770996 0.0174134 0.031802 0.0924207 0.0140052 0.00499886 0.0683639 
0.77259 0.0170881 0.0310401 0.115422 0.00850157 0.00314603 0.0522128 
0.805062 0.021165 0.0306442 0.0751595 0.0128739 0.00486107 0.0502344 
0.840961 0.026698 0.025936 0.0467707 0.00906776 0.00570183 0.0448649 
0.839684 0.0336869 0.0279112 0.0504815 0.00603668 0.00746129 0.0347383 
0.788359 0.0276909 0.0274708 0.102581 0.00719309 0.00498434 0.0417202 
0.824295 0.0309296 0.0267151 0.0553082 0.00551006 0.00805298 0.0491888 
0.823473 0.0224955 0.0299103 0.0622418 0.0071895 0.00538571 0.0493043 
0.837049 0.0225738 0.029526 0.0620022 0.00849333 0.00362038 0.0367356 
0.82469 0.0343321 0.019241 0.0613844 0.0225617 0.00536019 0.0324306 
0.820445 0.0213659 0.0269569 0.0680697 0.0126797 0.00611828 0.0443645 
0.840898 0.0249892 0.0240827 0.0466439 0.0117632 0.00970065 0.0419221 
0.813971 0.0290516 0.0237881 0.0793779 0.012762 0.00664601 0.0344033 
0.834343 0.0449555 0.0235406 0.053336 0.0105655 0.00566336 0.0275959 
0.804969 0.0286625 0.0241152 0.0921797 0.0138041 0.00605851 0.0302104 
0.830771 0.0226513 0.0251086 0.081857 0.010279 0.00329909 0.0260342 
0.828266 0.0291955 0.0239023 0.0595574 0.01389 0.0057754 0.0394132 
0.817253 0.0290354 0.0194739 0.086112 0.0211493 0.0051269 0.0218499 
0.833972 0.0262136 0.0265366 0.0491749 0.00998965 0.00574794 0.0483657 
0.829029 0.0269032 0.0309413 0.0505895 0.0108424 0.0039011 0.0477933 
0.85206 0.0276503 0.022711 0.051644 0.00960717 0.00569589 0.0306313 
0.829629 0.0305354 0.026674 0.0381916 0.00858755 0.00566386 0.0607184 
0.829624 0.0195254 0.0267545 0.0496861 0.0141273 0.00506426 0.0552187 
0.790353 0.0339016 0.0237818 0.0796886 0.0158201 0.006156 0.0502994 
0.807031 0.037916 0.017874 0.0987997 0.0190218 0.00427726 0.0150805 
0.839386 0.0336742 0.020658 0.072375 0.0100149 0.00440144 0.0194907 
0.855 0.0183112 0.0313592 0.0601912 0.0053272 0.003073 0.0267382 
0.781403 0.021771 0.0371249 0.100182 0.00602715 0.00266441 0.050828 
0.78185 0.0217154 0.0260532 0.12667 0.0113529 0.0023964 0.0299623 
0.775975 0.0239366 0.0223965 0.151548 0.0069654 0.00427766 0.0149009 
0.782372 0.0250289 0.0223391 0.133283 0.0125182 0.00413659 0.020322 
0.78753 0.0140268 0.0320867 0.109117 0.0151397 0.00426892 0.0378308 
0.73662 0.0210372 0.0210138 0.169347 0.0240017 0.00400995 0.02397 
0.746584 0.0181698 0.031321 0.156329 0.00655813 0.00334352 0.0376942 
0.757881 0.0224216 0.0233241 0.163929 0.0119734 0.00308184 0.0173886 
0.794837 0.0210207 0.0214507 0.126259 0.016671 0.00369668 0.0160639 
0.805726 0.0175544 0.0240401 0.126259 0.0061841 0.00421558 0.0160202 
0.819958 0.0147069 0.0328338 0.0994245 0.00777618 0.00288613 0.0224144 
0.771538 0.017299 0.029875 0.14131 0.0134123 0.00598395 0.0205816 
0.78621 0.0273609 0.0182235 0.140783 0.014026 0.00339419 0.010003 
0.823197 0.0192 0.0212292 0.11154 0.00799143 0.00467549 0.0121671 
0.854128 0.0201567 0.0220035 0.074206 0.00610328 0.00492412 0.0184783 
0.788017 0.0196509 0.0295272 0.11871 0.00632989 0.00672239 0.031043 
0.781456 0.0161509 0.040726 0.0697973 0.00404409 0.00895213 0.0788739 
0.863198 0.020411 0.0284777 0.0517627 0.00369457 0.00690055 0.0255558 
0.857395 0.0183176 0.025035 0.0583461 0.0048462 0.00614885 0.0299117 
0.751548 0.0194974 0.022611 0.172352 0.0114692 0.00460819 0.0179139 
0.782141 0.0245899 0.0242796 0.136219 0.00633437 0.00478258 0.0216541 
0.566447 0.0169531 0.0205995 0.367587 0.00744204 0.00506516 0.015906 
0.686257 0.0203521 0.0206631 0.236827 0.0108941 0.00669529 0.0183114 
0.842897 0.0194034 0.024387 0.0706362 0.00845313 0.00612121 0.0281024 
0.751341 0.0209594 0.0229147 0.167907 0.0116427 0.00352107 0.0217146 
0.742375 0.024228 0.0191514 0.167499 0.0228042 0.0044106 0.0195315 
0.653451 0.0124257 0.0241832 0.279872 0.0106206 0.00248063 0.0169666 
0.794087 0.0213482 0.0329109 0.092831 0.014274 0.00514425 0.0394051 
0.806001 0.0215519 0.0313262 0.0766326 0.00910368 0.0059578 0.0494268 
0.770356 0.0194097 0.0336665 0.125405 0.00580845 0.00463465 0.040719 
0.774924 0.0267 0.0289393 0.0998716 0.00684145 0.00551773 0.0572063 
0.827123 0.0194471 0.0353106 0.0422325 0.00486363 0.00274142 0.0682817 
0.768951 0.0259042 0.026506 0.130392 0.0125784 0.00375588 0.0319122 
0.72831 0.019079 0.0308082 0.161367 0.0131058 0.00396141 0.0433689 
0.804031 0.0216432 0.0281482 0.0606728 0.0228051 0.00499463 0.0577055 
0.782468 0.0193106 0.0268266 0.106071 0.0190263 0.00517692 0.0411206 
0.821786 0.0217937 0.0263335 0.0789922 0.013268 0.00340535 0.0344211 
0.804186 0.0283878 0.0245791 0.0835883 0.0220052 0.00439604 0.0328579 
0.779986 0.029491 0.0233507 0.104221 0.0171111 0.00647412 0.0393663 
0.849215 0.027619 0.0235004 0.0553748 0.00790158 0.0061864 0.0302032 
0.810598 0.0247229 0.0286673 0.0437097 0.00714415 0.00752591 0.0776317 
0.788713 0.0288388 0.0225697 0.0663353 0.0275239 0.013781 0.052238 
0.862566 0.0292871 0.021346 0.0406619 0.011699 0.00512586 0.0293136 
0.852228 0.0269174 0.0261029 0.046633 0.00993961 0.00459972 0.0335795 
0.807498 0.0207126 0.0280219 0.0941318 0.0117386 0.00349634 0.034401 
0.791399 0.0166043 0.037747 0.0381558 0.00752934 0.00730045 0.101264 
0.80634 0.0239366 0.0293532 0.100656 0.00840422 0.00382917 0.0274802 
0.81863 0.0155632 0.0358796 0.066232 0.00949113 0.0042182 0.0499863 
0.770996 0.0174134 0.031802 0.0924207 0.0140052 0.00499886 0.0683639 
0.77259 0.0170881 0.0310401 0.115422 0.00850157 0.00314603 0.0522128 
0.805062 0.021165 0.0306442 0.0751595 0.0128739 0.00486107 0.0502344 
0.840961 0.026698 0.025936 0.0467707 0.00906776 0.00570183 0.0448649 
0.839684 0.0336869 0.0279112 0.0504815 0.00603668 0.00746129 0.0347383 
0.788359 0.0276909 0.0274708 0.102581 0.00719309 0.00498434 0.0417202 
0.824295 0.0309296 0.0267151 0.0553082 0.00551006 0.00805298 0.0491888 
0.823473 0.0224955 0.0299103 0.0622418 0.0071895 0.00538571 0.0493043 
0.837049 0.0225738 0.029526 0.0620022 0.00849333 0.00362038 0.0367356 
0.82469 0.0343321 0.019241 0.0613844 0.0225617 0.00536019 0.0324306 
0.820445 0.0213659 0.0269569 0.0680697 0.0126797 0.00611828 0.0443645 
0.840898 0.0249892 0.0240827 0.0466439 0.0117632 0.00970065 0.0419221 
0.813971 0.0290516 0.0237881 0.0793779 0.012762 0.00664601 0.0344033 
0.834343 0.0449555 0.0235406 0.053336 0.0105655 0.00566336 0.0275959 
0.804969 0.0286625 0.0241152 0.0921797 0.0138041 0.00605851 0.0302104 
0.830771 0.0226513 0.0251086 0.081857 0.010279 0.00329909 0.0260342 
0.828266 0.0291955 0.0239023 0.0595574 0.01389 0.0057754 0.0394132 
0.817253 0.0290354 0.0194739 0.086112 0.0211493 0.0051269 0.0218499 
0.833972 0.0262136 0.0265366 0.0491749 0.00998965 0.00574794 0.0483657 
0.829029 0.0269032 0.0309413 0.0505895 0.0108424 0.0039011 0.0477933 
0.85206 0.0276503 0.022711 0.051644 0.00960717 0.00569589 0.0306313 
0.829629 0.0305354 0.026674 0.0381916 0.00858755 0.00566386 0.0607184 
0.829624 0.0195254 0.0267545 0.0496861 0.0141273 0.00506426 0.0552187 
0.790353 0.0339016 0.0237818 0.0796886 0.0158201 0.006156 0.0502994 
0.63733 0.0227322 0.0217508 0.284746 0.0178058 0.00382137 0.0118136 
0.568419 0.0320819 0.0165627 0.349556 0.0225572 0.00269612 0.00812731 
0.466107 0.0221892 0.0143952 0.445305 0.0382347 0.00373149 0.0100375 
0.382958 0.0146765 0.0133181 0.553899 0.025099 0.00226237 0.00778764 
0.386878 0.0303895 0.0147061 0.536452 0.0179514 0.00503886 0.00858391 
0.444205 0.0332348 0.0157559 0.48128 0.0133425 0.00304127 0.00914026 
0.463935 0.0170127 0.0181925 0.473564 0.014123 0.00353602 0.00963684 
0.581105 0.0184716 0.0247452 0.348861 0.0134441 0.00267889 0.0106949 
0.543666 0.0187426 0.0204884 0.387524 0.0168594 0.00224364 0.0104765 
0.64596 0.0265644 0.0237183 0.268092 0.0171246 0.00269539 0.0158462 
0.617027 0.0222597 0.0231959 0.299516 0.0176386 0.00381424 0.0165493 
0.68707 0.0250582 0.0262101 0.230493 0.0142128 0.00280483 0.0141504 
0.64825 0.0277571 0.026841 0.255742 0.0181283 0.00299468 0.0202874 
0.685263 0.0358948 0.0266801 0.22328 0.0105636 0.0040583 0.0142607 
0.603296 0.0241848 0.0218274 0.321227 0.0108021 0.00514192 0.0135211 
0.426195 0.0170967 0.0214338 0.50841 0.0120402 0.00404427 0.0107797 
0.416354 0.0233876 0.0140542 0.517275 0.0184618 0.00313135 0.0073357 
0.555336 0.023806 0.0189651 0.373342 0.0164708 0.00311105 0.00896828 
0.417735 0.0141138 0.0175618 0.528478 0.0140591 0.00183926 0.00621308 
0.476051 0.0199033 0.0168697 0.459212 0.013876 0.00379862 0.0102903 
0.690873 0.0211063 0.0324938 0.227963 0.00598126 0.00317722 0.0184061 
0.534051 0.0258946 0.0227078 0.39464 0.0116177 0.0018489 0.00924051 
0.63957 0.0315009 0.0184591 0.279792 0.016178 0.00394551 0.0105545 
0.753556 0.0110236 0.0305991 0.175769 0.0123506 0.00305221 0.0136495 
0.581195 0.022472 0.0212878 0.348269 0.0135742 0.00425319 0.00894833 
0.728202 0.0249953 0.0192707 0.192392 0.0211814 0.00389875 0.0100598 
0.738337 0.0228841 0.0234129 0.183639 0.0184607 0.00313461 0.0101309 
0.657554 0.0174083 0.0250943 0.260946 0.0244644 0.00272801 0.011805 
0.622356 0.039478 0.0207517 0.284594 0.0177178 0.00405051 0.0110517 
0.6098 0.0221502 0.0205668 0.306327 0.0278738 0.00336 0.0099218 
0.70324 0.0262295 0.0228567 0.211805 0.0177943 0.00509988 0.0129751 
0.794087 0.0213482 0.0329109 0.092831 0.014274 0.00514425 0.0394051 
0.806001 0.0215519 0.0313262 0.0766326 0.00910368 0.0059578 0.0494268 
0.770356 0.0194097 0.0336665 0.125405 0.00580845 0.00463465 0.040719 
0.774924 0.0267 0.0289393 0.0998716 0.00684145 0.00551773 0.0572063 
0.827123 0.0194471 0.0353106 0.0422325 0.00486363 0.00274142 0.0682817 
0.768951 0.0259042 0.026506 0.130392 0.0125784 0.00375588 0.0319122 
0.72831 0.019079 0.0308082 0.161367 0.0131058 0.00396141 0.0433689 
0.804031 0.0216432 0.0281482 0.0606728 0.0228051 0.00499463 0.0577055 
0.782468 0.0193106 0.0268266 0.106071 0.0190263 0.00517692 0.0411206 
0.821786 0.0217937 0.0263335 0.0789922 0.013268 0.00340535 0.0344211 
0.804186 0.0283878 0.0245791 0.0835883 0.0220052 0.00439604 0.0328579 
0.779986 0.029491 0.0233507 0.104221 0.0171111 0.00647412 0.0393663 
0.849215 0.027619 0.0235004 0.0553748 0.00790158 0.0061864 0.0302032 
0.810598 0.0247229 0.0286673 0.0437097 0.00714415 0.00752591 0.0776317 
0.788713 0.0288388 0.0225697 0.0663353 0.0275239 0.013781 0.052238 
0.862566 0.0292871 0.021346 0.0406619 0.011699 0.00512586 0.0293136 
0.852228 0.0269174 0.0261029 0.046633 0.00993961 0.00459972 0.0335795 
0.807498 0.0207126 0.0280219 0.0941318 0.0117386 0.00349634 0.034401 
0.791399 0.0166043 0.037747 0.0381558 0.00752934 0.00730045 0.101264 
0.80634 0.0239366 0.0293532 0.100656 0.00840422 0.00382917 0.0274802 
0.81863 0.0155632 0.0358796 0.066232 0.00949113 0.0042182 0.0499863 
0.770996 0.0174134 0.031802 0.0924207 0.0140052 0.00499886 0.0683639 
0.77259 0.0170881 0.0310401 0.115422 0.00850157 0.00314603 0.0522128 
0.805062 0.021165 0.0306442 0.0751595 0.0128739 0.00486107 0.0502344 
0.840961 0.026698 0.025936 0.0467707 0.00906776 0.00570183 0.0448649 
0.839684 0.0336869 0.0279112 0.0504815 0.00603668 0.00746129 0.0347383 
0.788359 0.0276909 0.0274708 0.102581 0.00719309 0.00498434 0.0417202 
0.824295 0.0309296 0.0267151 0.0553082 0.00551006 0.00805298 0.0491888 
0.823473 0.0224955 0.0299103 0.0622418 0.0071895 0.00538571 0.0493043 
0.837049 0.0225738 0.029526 0.0620022 0.00849333 0.00362038 0.0367356 
0.82469 0.0343321 0.019241 0.0613844 0.0225617 0.00536019 0.0324306 
0.820445 0.0213659 0.0269569 0.0680697 0.0126797 0.00611828 0.0443645 
0.840898 0.0249892 0.0240827 0.0466439 0.0117632 0.00970065 0.0419221 
0.813971 0.0290516 0.0237881 0.0793779 0.012762 0.00664601 0.0344033 
0.834343 0.0449555 0.0235406 0.053336 0.0105655 0.00566336 0.0275959 
0.804969 0.0286625 0.0241152 0.0921797 0.0138041 0.00605851 0.0302104 
0.830771 0.0226513 0.0251086 0.081857 0.010279 0.00329909 0.0260342 
0.828266 0.0291955 0.0239023 0.0595574 0.01389 0.0057754 0.0394132 
0.817253 0.0290354 0.0194739 0.086112 0.0211493 0.0051269 0.0218499 
0.833972 0.0262136 0.0265366 0.0491749 0.00998965 0.00574794 0.0483657 
0.829029 0.0269032 0.0309413 0.0505895 0.0108424 0.0039011 0.0477933 
0.85206 0.0276503 0.022711 0.051644 0.00960717 0.00569589 0.0306313 
0.829629 0.0305354 0.026674 0.0381916 0.00858755 0.00566386 0.0607184 
0.829624 0.0195254 0.0267545 0.0496861 0.0141273 0.00506426 0.0552187 
0.790353 0.0339016 0.0237818 0.0796886 0.0158201 0.006156 0.0502994 
0.864336 0.0243455 0.034495 0.0184281 0.00486462 0.0216544 0.031876 
0.870593 0.0235082 0.0335165 0.0161012 0.00545861 0.0206842 0.0301385 
0.859593 0.0188741 0.0408139 0.0403171 0.00485343 0.0168889 0.0186599 
0.825977 0.0172792 0.0438938 0.0589445 0.00889484 0.0196065 0.0254039 
0.845033 0.013139 0.0412953 0.0339701 0.00634758 0.0274386 0.032776 
0.855977 0.0182583 0.0405197 0.0330668 0.00686162 0.018774 0.0265429 
0.887157 0.017945 0.0338447 0.0259587 0.00423719 0.0118302 0.0190275 
0.839504 0.0122284 0.0498193 0.0450701 0.00363565 0.0223232 0.0274191 
0.812824 0.0157877 0.047283 0.0688182 0.00586133 0.0276168 0.0218086 
0.83487 0.0184357 0.0365776 0.0651343 0.0062926 0.0199862 0.0187036 
0.850913 0.0195362 0.0345868 0.0469477 0.00627252 0.0220473 0.0196963 
0.839828 0.0200291 0.0372754 0.0525952 0.00776286 0.0215987 0.0209111 
0.78534 0.0212138 0.0468955 0.0970153 0.00616305 0.0197306 0.0236414 
0.813655 0.021656 0.0438018 0.0668151 0.00613976 0.0190196 0.0289128 
0.86455 0.012218 0.0381251 0.0163443 0.00566963 0.031251 0.0318416 
0.854307 0.0135807 0.0420814 0.0369964 0.00876562 0.0248644 0.0194043 
0.87239 0.0140932 0.0448771 0.0175678 0.00332067 0.0195309 0.0282199 
0.865227 0.00868024 0.0562134 0.0284863 0.00184293 0.0130321 0.0265178 
0.853176 0.0108705 0.0530273 0.021108 0.00237676 0.0204078 0.0390337 
0.839904 0.018234 0.0373157 0.0495065 0.00375108 0.0232081 0.0280809 
0.851191 0.0141036 0.0490819 0.0227669 0.00249272 0.0201613 0.0402026 
0.824222 0.0108286 0.0633609 0.0542457 0.00264702 0.00995873 0.0347369 
0.882666 0.0124307 0.0509342 0.0225783 0.00184335 0.00876521 0.0207824 
0.872894 0.0108133 0.0486402 0.0352084 0.00268767 0.0131063 0.0166497 
0.79893 0.0144548 0.0477814 0.0867465 0.0048231 0.0141031 0.0331609 
0.799909 0.0145493 0.0510951 0.0736735 0.0045631 0.0218392 0.0343714 
0.805504 0.0171575 0.0369815 0.0586343 0.00870053 0.0347206 0.0383015 
0.870312 0.0180984 0.033812 0.0302318 0.0077114 0.0119863 0.0278478 
0.85341 0.0199932 0.0342219 0.033143 0.0129247 0.017457 0.0288501 
0.856135 0.0184881 0.0327451 0.0348231 0.0107324 0.0164179 0.0306582 
0.823267 0.0139832 0.0407634 0.0467763 0.00330123 0.00932384 0.0625848 
0.798684 0.0195899 0.0443458 0.096896 0.00301281 0.00662233 0.0308492 
0.871373 0.0183253 0.0353996 0.0353773 0.00327098 0.00703811 0.0292161 
0.873949 0.0149787 0.0312426 0.0374576 0.00610876 0.00638449 0.0298783 
0.866519 0.0143167 0.0291123 0.0336344 0.00605854 0.00889821 0.0414608 
0.818179 0.0144598 0.0365925 0.0729958 0.00461696 0.00936377 0.0437925 
0.859496 0.013025 0.0415521 0.0472072 0.00193248 0.00588638 0.0309008 
0.875164 0.0186665 0.0293222 0.0443956 0.0038152 0.005649 0.0229872 
0.871306 0.0207245 0.0294442 0.0463727 0.00381586 0.00573097 0.0226058 
0.830319 0.0125005 0.0471024 0.0671205 0.00222398 0.00524099 0.0354928 
0.832739 0.0108385 0.0425212 0.0593963 0.0037919 0.00745191 0.0432607 
0.796332 0.0137732 0.0400081 0.0778893 0.00427473 0.0134049 0.0543179 
0.792546 0.0157056 0.0336189 0.0891319 0.00639772 0.00942954 0.0531705 
0.823924 0.0160232 0.0319992 0.0775853 0.00713979 0.0100849 0.033244 
0.806942 0.0169868 0.0336898 0.0756802 0.00519063 0.0142738 0.047237 
0.803763 0.0160535 0.0323956 0.102628 0.00825853 0.00786068 0.0290405 
0.765058 0.021525 0.0214869 0.142136 0.0189752 0.00941841 0.0214002 
0.869061 0.0193069 0.0235636 0.0451534 0.0101046 0.00899022 0.0238207 
0.847237 0.0297344 0.0198804 0.0584563 0.0126557 0.00811267 0.0239239 
0.810837 0.0298619 0.0208723 0.0857227 0.00911712 0.0088696 0.0347198 
0.774923 0.0232797 0.0285129 0.131365 0.00725951 0.00220506 0.0324551 
0.816279 0.0220803 0.0187304 0.0960505 0.0209446 0.00246197 0.0234533 
0.760074 0.0314299 0.0120586 0.128755 0.0428694 0.00395757 0.0208553 
0.758733 0.0406746 0.0108818 0.142349 0.0242859 0.00357975 0.0194955 
0.739328 0.0427858 0.0108376 0.139883 0.0417686 0.00383403 0.0215636 
0.760848 0.0740527 0.0102568 0.0974547 0.0343664 0.00438668 0.0186351 
0.763526 0.0583445 0.0101185 0.12712 0.023778 0.00461104 0.012502 
0.735233 0.0719564 0.00981745 0.145643 0.0238095 0.00349587 0.0100444 
0.65231 0.0664925 0.0109995 0.223855 0.0251763 0.00472407 0.0164425 
0.752274 0.10502 0.0123031 0.0790095 0.0224377 0.00582974 0.0231253 
0.562308 0.150319 0.00789593 0.231473 0.0343816 0.00286894 0.0107529 
0.221116 0.454318 0.00204304 0.17305 0.138922 0.00568878 0.00486202 
0.146216 0.743496 7.89418E-4 0.0541752 0.0468404 0.00543727 0.00304549 
0.0724631 0.838665 6.06387E-4 0.0688397 0.0113091 0.00602772 0.00208854 
0.0626104 0.845755 4.47569E-4 0.0644093 0.018986 0.00609522 0.00169681 
0.0190145 0.956879 1.24108E-4 0.0135892 0.0056075 0.00362149 0.00116415 
0.0033364 0.984158 3.32349E-5 0.00597825 0.00557146 7.91386E-4 1.31696E-4 
0.0026602 0.989292 2.72545E-5 0.00546142 0.0015693 8.92376E-4 9.7792E-5 
0.00116778 0.995503 9.92608E-6 0.00151709 9.32513E-4 7.66477E-4 1.03573E-4 
0.00852063 0.978714 6.04453E-5 0.00761659 0.00155435 0.00338221 1.52077E-4 
7.63154E-4 0.996813 6.2944E-6 2.19406E-4 2.38018E-4 0.00194298 1.75725E-5 
1.88172E-5 0.99396 8.69616E-6 1.22834E-5 7.17146E-5 0.00591674 1.13713E-5 
2.12277E-6 0.99794 1.0204E-6 1.71908E-6 3.69825E-5 0.00201483 3.54829E-6 
7.51923E-6 0.996352 3.15382E-6 5.76093E-6 2.68707E-5 0.00359762 7.39407E-6 
1.66327E-6 0.998147 8.2716E-7 1.8272E-6 2.12357E-5 0.00182295 3.99461E-6 
0.806607 0.0226802 0.039137 0.0138946 0.00148483 0.0111101 0.105086 
0.731524 0.0169075 0.0529099 0.013162 0.00120875 0.0110832 0.173204 
0.826441 0.0225424 0.0340979 0.0595406 0.00405277 0.0108931 0.0424323 
0.853482 0.0279606 0.0240702 0.0637586 0.00341639 0.00932607 0.0179866 
0.821148 0.0420215 0.0269078 0.0483503 0.00729087 0.0213 0.032982 
0.81601 0.0435387 0.0227232 0.0705161 0.00749477 0.0100418 0.0296759 
0.857936 0.0257407 0.0270819 0.0314092 0.00383924 0.00991459 0.044078 
0.847638 0.0282272 0.0251752 0.0439149 0.00398048 0.0118263 0.0392385 
0.837414 0.0245912 0.0278152 0.017091 0.00327416 0.016727 0.0730871 
0.829117 0.0418913 0.0277409 0.0420134 0.00392066 0.0153454 0.0399712 
0.836368 0.0497397 0.0264321 0.0399332 0.00469232 0.00921224 0.0336223 
0.841645 0.0367135 0.0264777 0.0232785 0.00314078 0.0146203 0.0541241 
0.7982 0.0522747 0.0247641 0.0577657 0.005398 0.0206519 0.0409454 
0.841475 0.0616189 0.0212688 0.0181251 0.00322305 0.0189335 0.0353559 
0.791126 0.0660199 0.0244331 0.0152948 0.00298213 0.0468341 0.0533097 
0.828959 0.0541449 0.0209448 0.0398193 0.00659836 0.0182306 0.0313029 
0.791396 0.033972 0.0317119 0.019009 0.00187503 0.0246023 0.0974336 
0.819116 0.0355519 0.0238387 0.0309436 0.00376806 0.0144536 0.072328 
0.811306 0.0507307 0.0242059 0.0411332 0.0056751 0.0255815 0.0413679 
0.821873 0.0460245 0.0211754 0.0193076 0.00497988 0.02145 0.06519 
0.790592 0.0317628 0.0242219 0.0220198 0.0053342 0.0327401 0.0933293 
0.790246 0.0383732 0.02374 0.0212952 0.00406561 0.0353673 0.0869127 
0.796856 0.0493344 0.0243769 0.0238872 0.00349347 0.0227967 0.0792552 
0.826486 0.0352846 0.0274337 0.0250781 0.00224996 0.0258352 0.0576322 
0.761253 0.0366219 0.0251608 0.0183481 0.00382247 0.0352769 0.119517 
0.824118 0.0355632 0.022925 0.0387267 0.00565523 0.0179854 0.0550262 
0.824902 0.0438359 0.0221743 0.0371733 0.00801166 0.0123952 0.0515072 
0.848127 0.0415443 0.0248371 0.0313395 0.00457623 0.0108245 0.038751 
0.789786 0.0607685 0.0211848 0.0573834 0.00773166 0.0270475 0.036098 
0.824112 0.0398403 0.0268723 0.0350356 0.00489413 0.0204377 0.0488076 
0.835268 0.0283719 0.0237154 0.0125965 0.00547521 0.0172982 0.0772751 
0.811363 0.0331609 0.0284003 0.021664 0.00762515 0.0225341 0.0752521 
0.81796 0.0321558 0.0283853 0.0154887 0.00304246 0.00957157 0.0933963 
0.856353 0.0341722 0.0264835 0.0186936 0.0040152 0.00782764 0.0524547 
0.81638 0.0516979 0.0218668 0.0427164 0.00672917 0.0219635 0.038646 
0.840227 0.0369733 0.0253081 0.0219122 0.0021848 0.0145751 0.0588195 
0.858633 0.0257363 0.0265461 0.0197916 0.00300794 0.0133842 0.0529005 
0.851227 0.0229445 0.0260444 0.046439 0.00466477 0.0095453 0.039135 
0.8629 0.0399805 0.0220094 0.0347425 0.00385896 0.0099762 0.0265324 
0.839436 0.0425801 0.0235032 0.0344952 0.0052886 0.012373 0.0423242 
0.786631 0.0399504 0.0284205 0.0316733 0.00471317 0.0199253 0.088686 
0.82492 0.0348184 0.0292718 0.0209437 0.00438661 0.0112695 0.0743898 
0.779975 0.0264951 0.032467 0.0355363 0.00616856 0.0169755 0.102382 
0.80189 0.0301846 0.0280514 0.0415817 0.00576425 0.012305 0.0802226 
0.854275 0.0314693 0.0244599 0.035969 0.00447508 0.011801 0.0375507 
0.800255 0.0318381 0.030938 0.0324341 0.00525341 0.0202743 0.0790067 
0.840198 0.0327173 0.0241044 0.0413821 0.00834289 0.0153862 0.0378689 
0.848385 0.0326593 0.0237686 0.0214725 0.00511066 0.0117722 0.0568319 
0.835426 0.0541731 0.0255938 0.0237901 0.00438975 0.0158518 0.040775 
0.812331 0.0586055 0.0241217 0.0243353 0.00516924 0.0239332 0.0515037 
0.79867 0.0540247 0.0228696 0.0659687 0.0048501 0.016898 0.036719 
0.85509 0.0459172 0.0235845 0.0349452 0.00479022 0.011521 0.0241516 
0.763213 0.0576963 0.021216 0.11899 0.0064984 0.00980712 0.0225787 
0.793882 0.0390975 0.0209814 0.110385 0.0105682 0.00693743 0.0181493 
0.74124 0.0749998 0.0187073 0.120162 0.0108163 0.0100685 0.0240059 
0.736694 0.0657193 0.0150814 0.139069 0.0139082 0.010081 0.019447 
0.813944 0.0489628 0.0243535 0.039856 0.00352144 0.0289801 0.0403819 
0.802641 0.0785338 0.0239973 0.0420282 0.00632282 0.0183562 0.0281202 
0.787268 0.0475849 0.0276585 0.0643951 0.0039751 0.0278664 0.0412524 
0.735239 0.085859 0.0250482 0.0735862 0.00401259 0.0393572 0.0368983 
0.76768 0.0675856 0.0293155 0.0471884 0.00293051 0.0451757 0.0401247 
0.773707 0.0575922 0.0308366 0.0484962 0.00349067 0.0433189 0.0425586 
0.826808 0.0543133 0.0246842 0.0365649 0.00383045 0.0224965 0.0313027 
0.828096 0.0621005 0.0228357 0.0348465 0.00429502 0.0230378 0.0247887 
0.797321 0.0454526 0.0218272 0.0922824 0.00887459 0.0150924 0.0191499 
0.763525 0.0402862 0.0240963 0.124077 0.00775285 0.0190294 0.0212336 
0.822025 0.0547496 0.0220327 0.0538822 0.00962635 0.0151758 0.0225084 
0.825724 0.0413013 0.0283867 0.0444891 0.00361489 0.0270036 0.0294806 
0.828775 0.0423128 0.0310926 0.0367645 0.00336882 0.0287933 0.0288926 
0.845182 0.0438219 0.0295357 0.0309286 0.003563 0.0179649 0.0290039 
0.834565 0.0541288 0.0322412 0.0230476 0.00339154 0.0182616 0.0343645 
0.830842 0.0580033 0.0255188 0.0191891 0.00350329 0.026047 0.0368968 
0.811952 0.0507327 0.0287488 0.0169516 0.00563219 0.0425787 0.0434044 
0.843077 0.0298261 0.0310646 0.024899 0.00412428 0.0304632 0.0365461 
0.835239 0.0326074 0.0318049 0.0174583 0.00383413 0.0359824 0.0430742 
0.7907 0.0429828 0.0366172 0.0111346 0.00374667 0.0574249 0.0573938 
0.799041 0.0405057 0.030506 0.0173726 0.00424228 0.0591887 0.0491441 
0.824997 0.0404753 0.0295422 0.0283218 0.00321649 0.0371074 0.0363402 
0.792185 0.0616803 0.0297516 0.0438255 0.00390871 0.0335833 0.0350661 
0.774146 0.0593174 0.0291381 0.0286439 0.00581895 0.0604512 0.0424846 
0.84368 0.0430906 0.0237296 0.0243533 0.00461591 0.0293222 0.0312084 
0.815614 0.0454176 0.0267592 0.0271413 0.00468309 0.0290404 0.0513448 
0.695774 0.146826 0.0153774 0.0599343 0.0123398 0.0193547 0.0503939 
0.558043 0.226937 0.0110963 0.0728574 0.0199654 0.0124842 0.0986169 
0.171 0.514374 0.00739703 0.11768 0.0389195 0.00590519 0.144724 
0.249328 0.531083 0.00409274 0.0652784 0.0506114 0.00690118 0.0927048 
0.149646 0.71042 0.00192296 0.0242006 0.0695057 0.010956 0.0333485 
0.239208 0.520471 0.00548169 0.0395985 0.0630136 0.0263962 0.105831 
0.119657 0.70851 0.00276875 0.0254295 0.0442952 0.0102403 0.0890992 
0.0694417 0.839294 8.20219E-4 0.0164617 0.0490346 0.00550869 0.0194386 
0.0588076 0.69379 0.00121329 0.0345518 0.189636 0.0067278 0.0152733 
0.0588795 0.498988 0.00127404 0.0242677 0.39792 0.00837836 0.0102915 
0.0312344 0.775206 4.79665E-4 0.0147131 0.164632 0.00592517 0.00781052 
0.0726523 0.408259 0.00229259 0.0443036 0.446378 0.0104131 0.0157011 
0.0628274 0.246908 0.00299134 0.0460576 0.615124 0.0107879 0.0153038 
0.0619654 0.471459 0.00265968 0.059751 0.378962 0.00924919 0.015954 
0.0542755 0.652625 0.00153928 0.0453245 0.220428 0.00784384 0.0179645 
0.0423894 0.744011 0.00171137 0.113208 0.0658797 0.00560019 0.0272006 
0.0444077 0.820356 0.00137032 0.074703 0.0254649 0.00935178 0.0243468 
0.0461385 0.861684 0.00102657 0.0334152 0.0196827 0.0134495 0.0246036 
0.0870555 0.829611 0.00154154 0.0231395 0.0308574 0.0161179 0.0116774 
0.179802 0.136687 0.0423234 0.0173443 0.012068 0.326737 0.285039 
0.237641 0.0269823 0.0345314 0.00549953 0.00483539 0.0592069 0.631304 
0.826394 0.0397554 0.0236866 0.0204352 0.00956061 0.0372502 0.0429178 
0.816909 0.0382857 0.0305313 0.0167222 0.00408025 0.0467118 0.0467595 
0.795795 0.0213392 0.0357893 0.012563 0.00353423 0.0601034 0.0708762 
0.734664 0.0279485 0.0439819 0.0204654 0.00190793 0.0806441 0.0903885 
0.834095 0.0196184 0.03737 0.0221501 0.00253817 0.0319644 0.052264 
0.84089 0.0252097 0.0284033 0.037942 0.00428523 0.0143337 0.0489359 
0.76113 0.0265904 0.0314862 0.0100612 0.00293085 0.0494854 0.118316 
0.832936 0.0469518 0.0252449 0.0166164 0.00351623 0.0327122 0.0420229 
0.828034 0.0322089 0.0242116 0.0113748 0.00375861 0.0212598 0.0791528 
0.807149 0.0444619 0.0223912 0.013826 0.0053163 0.0272185 0.0796371 
0.841633 0.020546 0.0263845 0.0419026 0.00281969 0.0197034 0.047011 
0.812236 0.0443971 0.0193589 0.0472338 0.0088921 0.0247431 0.0431387 
0.751935 0.0397242 0.0225727 0.0933837 0.0103055 0.0286536 0.0534255 
0.759174 0.0376582 0.0228946 0.0747484 0.0119877 0.0219589 0.071578 
0.789144 0.0474664 0.0236349 0.0713264 0.00453469 0.0231452 0.0407484 
0.769962 0.0872642 0.0201784 0.0580645 0.0110152 0.0124835 0.0410326 
0.804408 0.0297821 0.027659 0.0608618 0.00379395 0.0121012 0.0613939 
0.774356 0.0546109 0.0315542 0.0369608 0.00252148 0.0329064 0.0670904 
0.77827 0.044609 0.0300312 0.0168178 0.00288466 0.0208192 0.106568 
0.794425 0.0575244 0.0289754 0.0243638 0.00355525 0.0158571 0.075299 
0.751806 0.0590999 0.0278295 0.073582 0.00557015 0.0233875 0.0587246 
0.776994 0.0386948 0.0307251 0.0542673 0.00406516 0.0163579 0.0788961 
0.761612 0.0397294 0.0280367 0.0506696 0.00518061 0.013881 0.10089 
0.777121 0.0429125 0.0273098 0.038099 0.00495367 0.0203856 0.089218 
0.796151 0.0370732 0.025618 0.0644005 0.00510343 0.0144079 0.0572458 
0.793943 0.032332 0.0307496 0.0267458 0.00331471 0.0105108 0.102405 
0.767885 0.0434547 0.024391 0.0208179 0.00522725 0.0195108 0.118713 
0.794308 0.0495859 0.0291026 0.021163 0.00313915 0.0120384 0.0906625 
0.818306 0.0674779 0.0218746 0.0324211 0.00501927 0.0132619 0.0416393 
0.728995 0.0841207 0.0196066 0.139513 0.00439229 0.00698309 0.0163885 
0.676901 0.0945915 0.012934 0.181282 0.0158907 0.00570869 0.0126929 
0.687958 0.124573 0.0115059 0.109297 0.0288356 0.0110133 0.026817 
0.522129 0.189349 0.00835441 0.207039 0.0485427 0.0079911 0.0165938 
0.486253 0.145412 0.00775624 0.241383 0.0930973 0.00872717 0.0173718 
0.512734 0.275346 0.0057518 0.119397 0.0486292 0.00804466 0.030097 
0.367903 0.412707 0.00363664 0.140611 0.0347506 0.00759665 0.0327951 
0.271641 0.365315 0.00936625 0.127642 0.0274651 0.0126449 0.185925 
0.261715 0.376227 0.00609341 0.165696 0.0389967 0.0110161 0.140255 
0.139956 0.330898 0.00859985 0.0765563 0.0314439 0.015331 0.397215 
0.227859 0.410368 0.0039978 0.185786 0.0999765 0.00623973 0.0657731 
0.215954 0.452152 0.0047108 0.124622 0.0773154 0.00998303 0.115263 
0.238643 0.417809 0.0036041 0.113876 0.139855 0.00982629 0.076385 
0.191479 0.568943 0.00341845 0.0922846 0.0614421 0.00828486 0.0741476 
0.150146 0.527509 0.00502084 0.0734784 0.0604275 0.0108482 0.17257 
0.132407 0.615783 0.00377712 0.0771341 0.0575829 0.00778008 0.105536 
0.249124 0.389024 0.00560733 0.214859 0.0412678 0.00612182 0.0939962 
0.180902 0.465046 0.0047243 0.217872 0.0864037 0.00555583 0.0394971 
0.205278 0.578983 0.00289772 0.130216 0.0367469 0.00449681 0.0413821 
0.281318 0.423637 0.00434603 0.168245 0.0522109 0.00702389 0.0632195 
0.438524 0.23589 0.011536 0.26367 0.0183329 0.00734801 0.0246983 
0.659632 0.0618915 0.0280183 0.189721 0.00786192 0.0226691 0.0302061 
0.544281 0.0312145 0.112247 0.0266762 0.00699027 0.235285 0.0433053 
0.366273 0.0575744 0.0636594 0.0064685 0.00137508 0.490703 0.0139466 
0.643723 0.0696181 0.0515685 0.0115026 0.0029587 0.194852 0.025778 
0.72732 0.0431708 0.0738106 0.0360086 0.00405983 0.0876467 0.0279839 
0.742787 0.0407257 0.0658981 0.0209793 0.00220969 0.099253 0.028147 
0.586338 0.0754142 0.0588759 0.0154964 0.00250364 0.233409 0.0279633 
0.68916 0.0739962 0.0540978 0.020032 0.00341283 0.130596 0.0287059 
0.70272 0.0649953 0.0532871 0.0560599 0.00647033 0.0947443 0.0217236 
0.735478 0.0390903 0.0557478 0.0360801 0.00760124 0.10378 0.0222224 
0.754913 0.0542482 0.070491 0.0120943 0.00267673 0.0742631 0.0313136 
0.698085 0.100657 0.0572375 0.0398724 0.00486322 0.0747853 0.0245001 
0.777438 0.0454182 0.0575591 0.0334017 0.00290196 0.0570589 0.0262224 
0.765682 0.0321503 0.0660805 0.0398383 0.00249691 0.0640215 0.0297309 
0.775356 0.0368134 0.0761622 0.0213699 0.00167495 0.0615107 0.027113 
0.796571 0.0443238 0.0628908 0.0323817 0.0021943 0.0420557 0.0195825 
0.787441 0.0366533 0.0660349 0.0188089 0.00202867 0.0605381 0.0284951 
0.751011 0.0336519 0.0757934 0.0298867 0.002923 0.0704299 0.036304 
0.735908 0.0546607 0.0628592 0.0267627 0.00337704 0.0835254 0.0329073 
0.757577 0.0458235 0.0674207 0.0367269 0.00248734 0.060575 0.0293895 
0.732951 0.0475375 0.0623061 0.0372964 0.0034674 0.0807736 0.0356676 
0.76265 0.0370896 0.0668942 0.0475752 0.00239163 0.0515717 0.0318275 
0.73321 0.0546961 0.0582262 0.0447047 0.00257412 0.0793045 0.027284 
0.753245 0.0491283 0.0523118 0.0317285 0.00301912 0.077713 0.0328542 
0.81663 0.0338293 0.0576576 0.0307946 0.00130682 0.0411239 0.0186578 
0.610749 0.0921258 0.0345208 0.170681 0.00402258 0.0680255 0.019875 
0.709783 0.122585 0.0402243 0.0670468 0.00291971 0.0324669 0.0249735 
0.709323 0.10983 0.0637711 0.0640294 0.00160421 0.0273727 0.0240697 
0.488303 0.295673 0.0195369 0.0217668 0.00569472 0.128209 0.040816 
0.411222 0.401021 0.0173923 0.0404972 0.00410152 0.0920494 0.0337171 
0.335895 0.529292 0.011105 0.0383541 0.00378108 0.0586421 0.0229307 
0.259373 0.556661 0.00926303 0.0466744 0.00532477 0.0963033 0.0264002 
0.351102 0.495315 0.0106686 0.043496 0.005534 0.062033 0.0318515 
0.336444 0.512757 0.0108574 0.0309032 0.00528641 0.0750116 0.0287402 
0.350699 0.489677 0.0117552 0.0903748 0.00400807 0.0358416 0.0176439 
0.373644 0.401271 0.0110257 0.13606 0.00725181 0.0496767 0.0210702 
0.383436 0.3731 0.0188032 0.0929929 0.00463509 0.0896673 0.0373656 
0.405697 0.4214 0.0136804 0.0877229 0.00398029 0.043009 0.0245099 
0.351352 0.530764 0.00714605 0.0694591 0.00540965 0.0220252 0.0138449 
0.373132 0.394545 0.0111731 0.182764 0.00564577 0.0175018 0.0152382 
0.347273 0.470967 0.00731816 0.125209 0.00626601 0.0260854 0.0168819 
0.404651 0.446076 0.00738166 0.0838436 0.00845282 0.0294113 0.0201839 
0.584716 0.270373 0.00723663 0.0840922 0.0210019 0.0105918 0.021988 
0.495154 0.307909 0.0103162 0.117995 0.0137095 0.0300427 0.0248737 
0.417574 0.387261 0.00688421 0.12834 0.0137018 0.0271252 0.0191141 
0.376035 0.335599 0.00604145 0.235067 0.0191824 0.0163259 0.0117499 
0.768606 0.0773391 0.0201148 0.0742488 0.00685657 0.00664284 0.0461922 
0.774979 0.0572357 0.0190532 0.0946162 0.00713951 0.00744402 0.0395329 
0.76002 0.0673205 0.0142751 0.0966892 0.0242344 0.00664399 0.0308169 
0.769033 0.0535223 0.018294 0.0981715 0.0103673 0.00453081 0.0460813 
0.829567 0.0558728 0.0201463 0.0389621 0.0116945 0.00712085 0.0366361 
0.788448 0.0500477 0.0189996 0.0728314 0.00667805 0.00813542 0.0548595 
0.700453 0.0530015 0.0153111 0.183119 0.0147708 0.00499373 0.0283508 
0.797271 0.0579751 0.0151818 0.0702965 0.0133215 0.00598841 0.0399659 
0.795694 0.0524669 0.0155961 0.0806152 0.0133031 0.00676708 0.0355573 
0.799376 0.0516306 0.0181756 0.0473382 0.0097807 0.00672704 0.0669717 
0.807229 0.0460973 0.0155137 0.0656323 0.0152192 0.00478009 0.0455283 
0.77267 0.0452659 0.0184703 0.0560907 0.0124542 0.00716181 0.0878872 
0.713038 0.0552756 0.0176758 0.122396 0.0141263 0.00637102 0.0711166 
0.697234 0.0803992 0.0157518 0.13694 0.0131374 0.00807345 0.0484641 
0.753542 0.0531607 0.0179879 0.0968865 0.0127443 0.00591472 0.0597639 
0.731532 0.0739088 0.0161741 0.115753 0.0238368 0.00673243 0.0320629 
0.771723 0.0509588 0.0192547 0.0976027 0.01225 0.0056731 0.0425382 
0.789486 0.0578202 0.0187261 0.069942 0.00810675 0.0073866 0.0485324 
0.771531 0.0845004 0.0172309 0.0658627 0.0145627 0.00595178 0.0403609 
0.745113 0.049372 0.0195585 0.0993054 0.011401 0.0101279 0.0651218 
0.796666 0.04212 0.0192102 0.0898221 0.00972624 0.00525097 0.0372043 
0.809454 0.065704 0.0276931 0.0263364 0.00731201 0.00882961 0.0546708 
0.754846 0.0160092 0.0896386 0.00371938 9.22181E-4 0.0351872 0.099677 
0.731432 0.0321061 0.116131 0.00412835 7.73027E-4 0.091028 0.0244019 
0.615854 0.0422136 0.105911 0.0024057 0.00123632 0.175461 0.0569188 
0.349798 0.0487771 0.0427465 0.00209803 0.00305652 0.28907 0.264454 
0.430524 0.16113 0.0388863 0.0042509 0.00421308 0.255623 0.105373 
0.384059 0.26151 0.110243 0.00428693 0.00346608 0.103254 0.133181 
0.453808 0.294321 0.184491 0.00998122 0.00164682 0.035503 0.0202485 
0.381754 0.30326 0.246984 0.00934907 0.00268802 0.0410031 0.0149622 
0.0694178 0.0586751 0.82783 0.0201662 0.00180408 0.00875236 0.0133541 
0.0317397 0.068277 0.849178 0.0259634 0.00405685 0.00859595 0.0121895 
0.132036 0.0771534 0.741667 0.0328572 0.00113874 0.00934193 0.00580613 
0.0897485 0.0607787 0.710688 0.117013 0.00161681 0.0165567 0.00359792 
0.116252 0.115081 0.502152 0.220555 0.00598418 0.0303255 0.00965016 
0.0745739 0.180087 0.483537 0.218066 0.00613139 0.0295365 0.00806864 
0.0613676 0.17984 0.538854 0.169923 0.00818378 0.0324128 0.00941919 
0.0373726 0.118138 0.651212 0.134763 0.00846211 0.0369962 0.0130556 
0.0487322 0.194672 0.483162 0.163996 0.0238375 0.0623675 0.0232333 
0.00240662 0.0106455 0.96125 0.010538 5.15757E-4 0.00492193 0.00972172 
0.0243852 0.207437 0.630991 0.0377856 0.0167511 0.0546546 0.027996 
0.0390108 0.286671 0.427726 0.0873655 0.0370403 0.0870376 0.0351481 
0.0375871 0.172082 0.595374 0.061909 0.0421239 0.0706619 0.0202618 
0.769116 0.0409107 0.0380118 0.0595655 0.0767201 0.00975724 0.00591906 
0.242496 0.0677362 0.0132678 0.0246668 0.63834 0.00738609 0.00610765 
0.40694 0.0645206 0.0503857 0.0485813 0.363512 0.0484531 0.017607 
0.364855 0.109631 0.0695114 0.0279837 0.120274 0.285843 0.0219019 
0.0559591 0.119159 0.273058 0.015058 0.0426528 0.470386 0.0237269 
0.00461275 0.0202514 0.00206997 2.29751E-5 4.5241E-4 0.971308 0.00128286 
0.25281 0.0811307 0.0347267 0.00300962 0.00202183 0.562902 0.0633998 
0.361482 0.259578 0.0396311 0.0058789 0.00296374 0.293879 0.0365876 
0.763155 0.0438971 0.0403011 0.00430483 0.0013931 0.135851 0.0110977 
0.674616 0.1339 0.0143593 0.125594 0.0126597 0.00370155 0.0351685 
0.57203 0.0841243 0.0121625 0.297139 0.0117977 0.00341721 0.0193292 
0.544125 0.0866484 0.0112989 0.302014 0.032382 0.00447333 0.0190592 
0.646897 0.0889672 0.0154744 0.190473 0.0167411 0.00895224 0.0324951 
0.62389 0.140208 0.0119021 0.180055 0.0220317 0.00607521 0.0158384 
0.703939 0.0968585 0.0114162 0.147529 0.0185061 0.00509126 0.0166604 
0.715887 0.0808671 0.0118272 0.132354 0.037247 0.00536796 0.0164495 
0.693733 0.0647444 0.0103611 0.164727 0.0457443 0.00642966 0.0142607 
0.636342 0.0583973 0.0119553 0.225496 0.0439101 0.00724562 0.0166533 
0.57063 0.0994942 0.0235649 0.25955 0.0137852 0.0194819 0.0134936 
0.699904 0.1156 0.0359048 0.0803256 0.00841992 0.0459875 0.0138582 
0.751357 0.0920646 0.0486086 0.0109547 0.00273986 0.0746905 0.0195848 
0.687303 0.185037 0.0321556 0.0406347 0.00387345 0.0384452 0.0125518 
0.704134 0.187464 0.026049 0.0280188 0.00495587 0.0213218 0.0280568 
0.714586 0.123391 0.0334804 0.0247409 0.0044151 0.0716379 0.0277483 
0.42665 0.140232 0.0230766 0.0206882 0.00525121 0.362845 0.0212569 
0.285902 0.151598 0.0214162 0.0108258 0.00307416 0.510099 0.0170843 
0.459053 0.176889 0.0323826 0.0175614 0.0056395 0.27666 0.0318135 
0.650219 0.147729 0.0365951 0.0516761 0.00497272 0.0769812 0.0318272 
0.634682 0.150757 0.0312295 0.0209752 0.00826117 0.110731 0.0433645 
0.582952 0.207701 0.0275255 0.038857 0.00768027 0.0948514 0.0404331 
0.745772 0.118692 0.0273826 0.03357 0.00462237 0.0444418 0.0255197 
0.703236 0.166148 0.0260494 0.0397354 0.00698335 0.0344062 0.0234414 
0.718862 0.129857 0.0227429 0.0535947 0.00910113 0.0417535 0.0240886 
0.620558 0.107276 0.0284359 0.0858898 0.0124417 0.114868 0.0305301 
0.644773 0.146572 0.0199547 0.0903395 0.0172439 0.0639013 0.0172161 
0.698194 0.114978 0.027103 0.0818864 0.00637187 0.0518661 0.0196004 
0.683967 0.133435 0.0235327 0.0659805 0.00944249 0.0634556 0.0201865 
0.697819 0.148929 0.0202621 0.0468927 0.0134157 0.0504766 0.0222047 
0.645752 0.170188 0.020298 0.061757 0.0212264 0.0588778 0.0219015 
0.698766 0.15839 0.0221383 0.0357409 0.0113351 0.0463966 0.0272331 
0.788558 0.0899778 0.0254759 0.0430116 0.00583707 0.0281153 0.0190244 
0.757077 0.114982 0.0258406 0.039423 0.00567737 0.038772 0.0182279 
0.695593 0.131231 0.0243996 0.0626358 0.00770556 0.0550504 0.023385 
0.72194 0.104154 0.0243255 0.0492123 0.00914483 0.0645497 0.0266744 
0.684707 0.137202 0.0267358 0.053709 0.00712775 0.0648048 0.0257132 
0.683451 0.120178 0.0279508 0.107704 0.0053405 0.0332457 0.0221302 
0.722672 0.135057 0.0215703 0.0579105 0.00773413 0.0373363 0.0177199 
0.762331 0.0827517 0.0233724 0.0443108 0.0063834 0.055183 0.0256681 
0.686477 0.150561 0.0214505 0.0601979 0.0100678 0.0493393 0.0219063 
0.636936 0.154819 0.0177065 0.0873975 0.0170449 0.0673746 0.0187213 
0.595241 0.139356 0.0186247 0.112315 0.0399786 0.0762993 0.0181858 
0.702645 0.0889774 0.0165137 0.109048 0.0199157 0.0463113 0.0165888 
0.719745 0.0924791 0.0184081 0.0884852 0.0125692 0.0502743 0.0180395 
0.625977 0.0585679 0.0230862 0.224663 0.0166292 0.03083 0.0202462 
0.645261 0.0782986 0.0225723 0.15746 0.0293062 0.0488083 0.0182937 
0.724058 0.0802829 0.0363087 0.0122611 0.009965 0.114675 0.0224493 
0.717168 0.061624 0.038621 0.0165451 0.0032945 0.132515 0.0302319 
0.715064 0.0433172 0.0335142 0.105713 0.00555743 0.0747799 0.0220538 
0.62078 0.09046 0.0302154 0.0302336 0.00972348 0.198068 0.0205198 
0.744175 0.0637511 0.0256915 0.0759981 0.00847842 0.0643334 0.0175728 
0.643929 0.0666177 0.0232763 0.135091 0.00836034 0.0932226 0.0295028 
0.712001 0.068721 0.0159677 0.166253 0.0119179 0.00568956 0.0194494 
0.734463 0.0541213 0.018675 0.155248 0.00687656 0.0055278 0.0250879 
0.79068 0.0675448 0.0183498 0.0913845 0.00763922 0.00421089 0.0201908 
0.72838 0.0557143 0.0161399 0.163102 0.0115202 0.00425083 0.0208922 
0.72509 0.0689515 0.0144462 0.144316 0.024042 0.00442611 0.0187279 
0.685303 0.0701469 0.0144581 0.179245 0.0259509 0.00755083 0.0173455 
0.748057 0.0428467 0.0158752 0.129373 0.0228099 0.00740686 0.0336313 
0.810605 0.0309799 0.0169495 0.0959893 0.0102367 0.00637327 0.0288658 
0.820514 0.0438662 0.0195561 0.0665246 0.00577918 0.007395 0.0363648 
0.749984 0.0692908 0.0145372 0.127699 0.0129021 0.00618812 0.0193992 
0.773175 0.0751732 0.0160522 0.0930808 0.0120326 0.00693233 0.0235538 
0.789865 0.0562681 0.0185379 0.0886541 0.0130778 0.00607663 0.0275207 
0.757428 0.0593206 0.0148711 0.113674 0.0262683 0.00752196 0.0209166 
0.696805 0.0977511 0.0130351 0.115109 0.0458984 0.00934488 0.0220567 
0.534832 0.0840434 0.0121888 0.281805 0.0620228 0.00670405 0.018404 
0.739821 0.0459657 0.0161754 0.147266 0.0222259 0.00429557 0.0242499 
0.759083 0.0552351 0.0173616 0.130203 0.0130095 0.00330249 0.0218053 
0.695472 0.0835369 0.014414 0.154509 0.0313761 0.00456623 0.0161253 
0.756443 0.0536342 0.0159672 0.130295 0.0213524 0.0046747 0.0176333 
0.785035 0.0760402 0.0159279 0.0645156 0.0221948 0.0064538 0.0298326 
0.788305 0.0646798 0.0140272 0.0809157 0.0212094 0.00724693 0.0236164 
0.748378 0.0712037 0.0152151 0.112979 0.0189085 0.00891769 0.0243986 
0.724101 0.0567672 0.0141498 0.142906 0.0303937 0.00624024 0.0254422 
0.660604 0.0554276 0.0148768 0.214423 0.0302426 0.0056608 0.0187654 
0.568971 0.0793633 0.0134565 0.280589 0.0350986 0.00746919 0.0150527 
0.725132 0.0590328 0.0163466 0.151037 0.0208321 0.00661586 0.0210031 
0.612623 0.058619 0.0124882 0.2663 0.0321435 0.00548998 0.0123366 
0.754563 0.07266 0.0123228 0.0891328 0.0445523 0.00725451 0.0195145 
0.684827 0.0540569 0.0141162 0.17574 0.0391161 0.0122753 0.0198684 
0.662125 0.0431478 0.0166172 0.237095 0.0168662 0.00749303 0.016656 
0.764293 0.052045 0.0152033 0.132607 0.0172225 0.00562205 0.0130073 
0.709987 0.0385231 0.0162941 0.174556 0.0351324 0.00804811 0.0174594 
0.651595 0.0509054 0.0164333 0.213034 0.0385014 0.00817095 0.0213593 
0.776386 0.0425839 0.0190806 0.108865 0.0259556 0.00624991 0.0208793 
0.75048 0.0622352 0.0153336 0.10614 0.0373408 0.00681831 0.021652 
0.732775 0.039083 0.0179553 0.148521 0.0356454 0.006282 0.0197378 
0.782076 0.061302 0.0167681 0.0729785 0.0308679 0.00950328 0.0265041 
0.815461 0.0509183 0.0206128 0.0622145 0.0173939 0.00817133 0.0252284 
0.78788 0.0354056 0.0183954 0.124275 0.0128953 0.00650702 0.0146421 
0.736008 0.0484532 0.0198795 0.160814 0.0116406 0.00412863 0.019076 
0.726448 0.038709 0.0170087 0.178525 0.0219122 0.0038162 0.0135816 
0.74787 0.0354832 0.0173856 0.155388 0.0259914 0.00396164 0.01392 
0.817152 0.0374821 0.026322 0.0840137 0.00895764 0.0053495 0.0207231 
0.731852 0.0352237 0.0194206 0.160948 0.0292864 0.00488351 0.0183856 
0.785977 0.0407904 0.0190956 0.111052 0.0196605 0.00425845 0.0191655 
0.817457 0.0343257 0.0219233 0.0182619 0.00551934 0.0039097 0.0986033 
0.76701 0.0165572 0.0313356 0.0145763 0.00348656 0.00349315 0.163542 
0.744151 0.0162219 0.0355231 0.0251624 0.00264798 0.00313866 0.173155 
0.814851 0.0182574 0.0323521 0.014876 0.00242402 0.0046433 0.112596 
0.769454 0.0185411 0.030701 0.0205571 0.0104979 0.00502679 0.145222 
0.730557 0.0318605 0.0260496 0.0197839 0.00730785 0.00776157 0.17668 
0.779688 0.0416481 0.0218962 0.0185434 0.00651392 0.00711003 0.1246 
0.794379 0.0531398 0.0209209 0.0251644 0.00484698 0.00468687 0.096862 
0.682107 0.0374758 0.0279216 0.0186442 0.00405716 0.00524214 0.224552 
0.717955 0.0310692 0.037073 0.0242411 0.00238954 0.0032815 0.18399 
0.859912 0.0443849 0.0177817 0.0245593 0.0035467 0.00426672 0.0455488 
0.812377 0.0389275 0.0260902 0.056754 0.00243712 0.00272601 0.0606879 
0.771949 0.0356632 0.0201313 0.0984378 0.00331658 0.00243836 0.0680635 
0.78332 0.0466417 0.0201884 0.0373117 0.00518352 0.00337034 0.103985 
0.800415 0.0281826 0.034834 0.0244045 0.00239069 0.00276127 0.107012 
0.82611 0.0214192 0.029488 0.013582 0.00196166 0.00575405 0.101686 
0.819988 0.0205822 0.0374053 0.02205 0.0020087 0.00221772 0.0957483 
0.764913 0.026408 0.0299254 0.0320375 0.00273231 0.00367743 0.140307 
0.75236 0.0325505 0.027585 0.0280797 0.00250274 0.005093 0.151829 
0.778274 0.0352857 0.0274397 0.0165543 0.00265672 0.00356165 0.136228 
0.765932 0.0321597 0.0268715 0.0179105 0.00438836 0.00424433 0.148493 
0.670389 0.0290962 0.0374919 0.0143297 0.00339425 0.0029686 0.24233 
0.732829 0.0259542 0.0287475 0.023163 0.00413341 0.00289495 0.182278 
0.800407 0.0260458 0.0272841 0.049323 0.00581052 0.00193642 0.0891933 
0.797664 0.0320328 0.026754 0.034132 0.00373415 0.00282248 0.10286 
0.828297 0.0309681 0.0215275 0.0428996 0.0058149 0.00297044 0.0675228 
0.820574 0.0281059 0.0284368 0.0322259 0.00321453 0.00238155 0.0850614 
0.763467 0.0279957 0.0358174 0.0185252 0.00168202 0.0034131 0.149099 
0.785504 0.0283724 0.034536 0.018094 0.00234367 0.00295898 0.128191 
0.774775 0.0323628 0.0288541 0.0205637 0.00253714 0.00466077 0.136247 
