0.865829 0.0185134 0.0425925 0.0139054 0.00564986 0.00550944 0.0480003 
0.871064 0.0263437 0.0362238 0.0206382 0.005289 0.00674872 0.0336931 
0.875584 0.0261653 0.0366209 0.0157483 0.00404699 0.00568092 0.0361537 
0.877647 0.0265678 0.0342196 0.0182281 0.00333117 0.00577961 0.0342269 
0.883444 0.0273986 0.0378022 0.0190515 0.0051408 0.00437293 0.0227902 
0.873434 0.0253185 0.0372603 0.0305229 0.00505822 0.00339773 0.0250088 
0.87435 0.0222347 0.0411852 0.0175455 0.00688248 0.0058348 0.0319668 
0.855935 0.0313209 0.0291296 0.0402633 0.0144068 0.00561233 0.0233319 
0.864138 0.0338973 0.0318741 0.0296691 0.00960231 0.00518058 0.0256383 
0.864537 0.0345552 0.0331045 0.0249839 0.00667657 0.00655466 0.0295884 
0.872239 0.0296005 0.0310596 0.0250699 0.00786832 0.00539059 0.0287721 
0.853715 0.0261945 0.0357829 0.020418 0.0130559 0.00438056 0.0464528 
0.875359 0.0242405 0.0312873 0.0148231 0.00968506 0.00609785 0.0385075 
0.866385 0.0264491 0.0451686 0.00755624 0.00445589 0.00732274 0.0426621 
0.874404 0.019977 0.0418229 0.0127445 0.00466683 0.0051761 0.0412088 
0.866852 0.0353063 0.0317459 0.0211521 0.00679739 0.00509978 0.0330465 
0.870666 0.0367461 0.032935 0.0149026 0.00541953 0.00543774 0.033893 
0.858947 0.0318642 0.0364888 0.0160608 0.00552013 0.00319426 0.0479248 
0.874246 0.0403043 0.027845 0.0180871 0.00916477 0.00523769 0.025115 
0.88923 0.0242961 0.0331481 0.0173285 0.00606208 0.00490865 0.0250263 
0.874794 0.0291999 0.0280672 0.0295357 0.0074786 0.00698665 0.0239375 
0.877382 0.0337306 0.0231825 0.0267251 0.00993888 0.00591738 0.0231232 
0.869531 0.0365106 0.0283985 0.026933 0.0131367 0.00364732 0.0218427 
0.85746 0.0347511 0.0290267 0.0359518 0.0148907 0.00407308 0.0238469 
0.872452 0.0343042 0.0270239 0.0198749 0.00897468 0.00679584 0.0305744 
0.864172 0.0308188 0.0316604 0.0185596 0.00876678 0.00495496 0.0410676 
0.878552 0.030544 0.0327834 0.0192696 0.00516453 0.00506804 0.0286181 
0.869199 0.0253968 0.0410227 0.0186962 0.00563473 0.00417675 0.0358739 
0.872052 0.04251 0.0278688 0.0250842 0.0049974 0.00451996 0.0229674 
0.864603 0.0326274 0.033799 0.0294405 0.00889163 0.0030766 0.0275613 
0.79331 0.0454595 0.019514 0.0941761 0.0143115 0.00922033 0.0240084 
0.713443 0.0500091 0.0162645 0.164741 0.0330705 0.00659649 0.0158747 
0.760082 0.076752 0.0179447 0.0998394 0.01802 0.0110978 0.0162642 
0.720984 0.0522829 0.0213314 0.143537 0.0346613 0.0129757 0.0142273 
0.794492 0.0445355 0.0287671 0.0889972 0.00893842 0.0209851 0.0132851 
0.521677 0.0296286 0.085259 0.13152 0.0108073 0.179419 0.0416901 
0.476139 0.0191412 0.10666 0.0202413 0.00213217 0.362927 0.0127593 
0.654246 0.0228297 0.117258 0.0884174 0.00300404 0.0865631 0.0276824 
0.467898 0.0770361 0.0606587 0.34159 0.00275057 0.0382899 0.0117771 
0.330741 0.0490713 0.0122044 0.587562 0.00421236 0.00474668 0.0114624 
0.121912 0.0225995 0.00393246 0.832752 0.0102919 0.0010519 0.00746051 
0.0696112 0.0132743 0.00281195 0.875295 0.0221333 6.96236E-4 0.0161775 
0.0603452 0.0156244 0.00329422 0.852247 0.0498644 9.04277E-4 0.0177208 
0.0827374 0.0204875 0.00357485 0.837037 0.0435831 9.44028E-4 0.0116356 
0.112593 0.028638 0.00482264 0.811015 0.029613 0.00166631 0.0116521 
0.246881 0.17749 0.0222243 0.443827 0.0745512 0.0138552 0.0211715 
0.177468 0.396008 0.0251362 0.328725 0.0341687 0.0162974 0.0221959 
0.0883337 0.051238 0.00576772 0.826196 0.00911127 0.00188929 0.0174643 
0.0450287 0.0132458 0.00194727 0.914559 0.00553436 5.09417E-4 0.0191759 
0.0355366 0.00991913 0.00185973 0.927412 0.0149458 3.28169E-4 0.00999832 
0.140526 0.0433725 0.0085551 0.570749 0.21876 0.00437143 0.0136651 
0.104221 0.05935 0.00896646 0.714544 0.0989149 0.00508292 0.00892044 
0.0336043 0.0137323 0.00180387 0.939321 0.00794736 4.71036E-4 0.00312009 
0.034232 0.0147185 0.00193883 0.933147 0.0114663 3.83356E-4 0.00411442 
0.0617568 0.0169696 0.00297403 0.843924 0.0692067 0.0012413 0.00392779 
0.160474 0.16994 0.0199725 0.467262 0.140605 0.0228085 0.0189375 
0.15059 0.194053 0.0273237 0.497292 0.0836777 0.0245261 0.0225376 
0.0325883 0.0731683 0.00684616 0.869493 0.00976688 0.00220319 0.00593384 
0.0474316 0.0360145 0.00456723 0.876759 0.027399 0.00204028 0.00578789 
0.148358 0.0888814 0.012069 0.57956 0.146359 0.0140688 0.0107035 
0.79331 0.0454595 0.019514 0.0941761 0.0143115 0.00922033 0.0240084 
0.713443 0.0500091 0.0162645 0.164741 0.0330705 0.00659649 0.0158747 
0.760082 0.076752 0.0179447 0.0998394 0.01802 0.0110978 0.0162642 
0.720984 0.0522829 0.0213314 0.143537 0.0346613 0.0129757 0.0142273 
0.794492 0.0445355 0.0287671 0.0889972 0.00893842 0.0209851 0.0132851 
0.521677 0.0296286 0.085259 0.13152 0.0108073 0.179419 0.0416901 
0.476139 0.0191412 0.10666 0.0202413 0.00213217 0.362927 0.0127593 
0.654246 0.0228297 0.117258 0.0884174 0.00300404 0.0865631 0.0276824 
0.467898 0.0770361 0.0606587 0.34159 0.00275057 0.0382899 0.0117771 
0.330741 0.0490713 0.0122044 0.587562 0.00421236 0.00474668 0.0114624 
0.121912 0.0225995 0.00393246 0.832752 0.0102919 0.0010519 0.00746051 
0.0696112 0.0132743 0.00281195 0.875295 0.0221333 6.96236E-4 0.0161775 
0.0603452 0.0156244 0.00329422 0.852247 0.0498644 9.04277E-4 0.0177208 
0.0827374 0.0204875 0.00357485 0.837037 0.0435831 9.44028E-4 0.0116356 
0.112593 0.028638 0.00482264 0.811015 0.029613 0.00166631 0.0116521 
0.246881 0.17749 0.0222243 0.443827 0.0745512 0.0138552 0.0211715 
0.177468 0.396008 0.0251362 0.328725 0.0341687 0.0162974 0.0221959 
0.0883337 0.051238 0.00576772 0.826196 0.00911127 0.00188929 0.0174643 
0.0450287 0.0132458 0.00194727 0.914559 0.00553436 5.09417E-4 0.0191759 
0.0355366 0.00991913 0.00185973 0.927412 0.0149458 3.28169E-4 0.00999832 
0.140526 0.0433725 0.0085551 0.570749 0.21876 0.00437143 0.0136651 
0.104221 0.05935 0.00896646 0.714544 0.0989149 0.00508292 0.00892044 
0.0336043 0.0137323 0.00180387 0.939321 0.00794736 4.71036E-4 0.00312009 
0.034232 0.0147185 0.00193883 0.933147 0.0114663 3.83356E-4 0.00411442 
0.0617568 0.0169696 0.00297403 0.843924 0.0692067 0.0012413 0.00392779 
0.160474 0.16994 0.0199725 0.467262 0.140605 0.0228085 0.0189375 
0.15059 0.194053 0.0273237 0.497292 0.0836777 0.0245261 0.0225376 
0.0325883 0.0731683 0.00684616 0.869493 0.00976688 0.00220319 0.00593384 
0.0474316 0.0360145 0.00456723 0.876759 0.027399 0.00204028 0.00578789 
0.148358 0.0888814 0.012069 0.57956 0.146359 0.0140688 0.0107035 
0.633171 0.0183449 0.0408002 0.259212 0.00522932 0.00845021 0.0347931 
0.778019 0.0178018 0.0445932 0.106656 0.00366327 0.00570416 0.043562 
0.620059 0.0144063 0.0584554 0.256658 0.00447009 0.00541993 0.0405316 
0.496428 0.0224547 0.0250072 0.431668 0.00636136 0.00446112 0.0136195 
0.671515 0.0329811 0.0234424 0.237364 0.0103026 0.00681287 0.0175818 
0.6291 0.0187404 0.0238829 0.295852 0.012145 0.00519031 0.0150901 
0.673373 0.0268267 0.0206139 0.249219 0.0126277 0.00414186 0.0131982 
0.64417 0.0308451 0.0194271 0.273407 0.0147324 0.00536129 0.0120566 
0.751828 0.0224074 0.0309105 0.168442 0.00496523 0.00564808 0.0157989 
0.729652 0.026411 0.0244976 0.197733 0.00742713 0.00419387 0.0100857 
0.720681 0.0309783 0.017944 0.200568 0.0166248 0.00373432 0.00946918 
0.821248 0.0245106 0.0278002 0.0952296 0.00638512 0.00727123 0.0175553 
0.834066 0.0225049 0.0311583 0.0797546 0.00342085 0.00954823 0.0195469 
0.73279 0.0225647 0.027311 0.15546 0.0109782 0.0129832 0.0379128 
0.735067 0.018054 0.0282026 0.184265 0.00686942 0.00658645 0.0209547 
0.765279 0.0203584 0.030203 0.155735 0.00544497 0.00553656 0.0174433 
0.747011 0.0276782 0.025964 0.149169 0.00899037 0.0123609 0.0288261 
0.819391 0.0212027 0.0311593 0.0884482 0.00618607 0.00677489 0.0268378 
0.734783 0.0236166 0.0247267 0.16555 0.00994093 0.00918077 0.0322018 
0.825788 0.0269688 0.0253668 0.076513 0.0066979 0.00825043 0.0304153 
0.771694 0.0209752 0.0277671 0.13255 0.0082805 0.00646837 0.0322652 
0.771696 0.0269916 0.0261799 0.122223 0.0102654 0.00739656 0.035247 
0.720717 0.0204853 0.0284673 0.158152 0.0138751 0.00681596 0.0514874 
0.825409 0.0179963 0.0314433 0.065341 0.00423184 0.00761533 0.0479629 
0.788591 0.0227729 0.0356731 0.0601079 0.00340117 0.00887698 0.0805766 
0.735823 0.0280964 0.0223511 0.160415 0.0149511 0.00966596 0.0286975 
0.802293 0.0233168 0.034616 0.0963325 0.00372133 0.00613736 0.0335827 
0.820505 0.0189785 0.0307575 0.0855558 0.00509339 0.00597618 0.0331337 
0.739102 0.0219739 0.0366139 0.135787 0.00680555 0.00920218 0.050515 
0.790488 0.0221344 0.035121 0.0978185 0.00379357 0.0132348 0.0374096 
0.812007 0.0182299 0.0329362 0.0811964 0.00438259 0.00737421 0.0438733 
0.777921 0.0399425 0.0254435 0.105372 0.00743811 0.0100154 0.0338672 
0.804248 0.0315241 0.0280782 0.0864351 0.00621967 0.00910312 0.0343922 
0.776072 0.0330276 0.0259209 0.117949 0.00805791 0.00877872 0.0301932 
0.739051 0.0266557 0.030327 0.163793 0.00574488 0.00677166 0.0276568 
0.797345 0.0256591 0.0340388 0.0835469 0.00586004 0.00972749 0.0438227 
0.784456 0.0249744 0.0356156 0.0874672 0.00489899 0.00899712 0.0535902 
0.772812 0.0208797 0.036897 0.124895 0.00401454 0.00570781 0.0347938 
0.797893 0.0264633 0.0309424 0.0998746 0.00387713 0.00838697 0.0325627 
0.830851 0.0199639 0.0297617 0.0775333 0.00515677 0.00523858 0.0314952 
0.814293 0.0270782 0.026381 0.0956862 0.00489449 0.00619067 0.0254762 
0.842809 0.0335948 0.0260734 0.0542332 0.00471641 0.0114296 0.0271433 
0.824436 0.0414118 0.0228984 0.0481277 0.00717783 0.0156117 0.0403362 
0.797748 0.0198145 0.0304921 0.109856 0.00640507 0.00583984 0.0298443 
0.79331 0.0454595 0.019514 0.0941761 0.0143115 0.00922033 0.0240084 
0.713443 0.0500091 0.0162645 0.164741 0.0330705 0.00659649 0.0158747 
0.760082 0.076752 0.0179447 0.0998394 0.01802 0.0110978 0.0162642 
0.720984 0.0522829 0.0213314 0.143537 0.0346613 0.0129757 0.0142273 
0.794492 0.0445355 0.0287671 0.0889972 0.00893842 0.0209851 0.0132851 
0.521677 0.0296286 0.085259 0.13152 0.0108073 0.179419 0.0416901 
0.476139 0.0191412 0.10666 0.0202413 0.00213217 0.362927 0.0127593 
0.654246 0.0228297 0.117258 0.0884174 0.00300404 0.0865631 0.0276824 
0.467898 0.0770361 0.0606587 0.34159 0.00275057 0.0382899 0.0117771 
0.330741 0.0490713 0.0122044 0.587562 0.00421236 0.00474668 0.0114624 
0.121912 0.0225995 0.00393246 0.832752 0.0102919 0.0010519 0.00746051 
0.0696112 0.0132743 0.00281195 0.875295 0.0221333 6.96236E-4 0.0161775 
0.0603452 0.0156244 0.00329422 0.852247 0.0498644 9.04277E-4 0.0177208 
0.0827374 0.0204875 0.00357485 0.837037 0.0435831 9.44028E-4 0.0116356 
0.112593 0.028638 0.00482264 0.811015 0.029613 0.00166631 0.0116521 
0.246881 0.17749 0.0222243 0.443827 0.0745512 0.0138552 0.0211715 
0.177468 0.396008 0.0251362 0.328725 0.0341687 0.0162974 0.0221959 
0.0883337 0.051238 0.00576772 0.826196 0.00911127 0.00188929 0.0174643 
0.0450287 0.0132458 0.00194727 0.914559 0.00553436 5.09417E-4 0.0191759 
0.0355366 0.00991913 0.00185973 0.927412 0.0149458 3.28169E-4 0.00999832 
0.140526 0.0433725 0.0085551 0.570749 0.21876 0.00437143 0.0136651 
0.104221 0.05935 0.00896646 0.714544 0.0989149 0.00508292 0.00892044 
0.0336043 0.0137323 0.00180387 0.939321 0.00794736 4.71036E-4 0.00312009 
0.034232 0.0147185 0.00193883 0.933147 0.0114663 3.83356E-4 0.00411442 
0.0617568 0.0169696 0.00297403 0.843924 0.0692067 0.0012413 0.00392779 
0.160474 0.16994 0.0199725 0.467262 0.140605 0.0228085 0.0189375 
0.15059 0.194053 0.0273237 0.497292 0.0836777 0.0245261 0.0225376 
0.0325883 0.0731683 0.00684616 0.869493 0.00976688 0.00220319 0.00593384 
0.0474316 0.0360145 0.00456723 0.876759 0.027399 0.00204028 0.00578789 
0.148358 0.0888814 0.012069 0.57956 0.146359 0.0140688 0.0107035 
0.809009 0.0243033 0.0235069 0.0679438 0.00967895 0.0084923 0.0570657 
0.815086 0.0264991 0.0233823 0.0616128 0.00683112 0.00770465 0.0588846 
0.806692 0.0211835 0.0302911 0.0537828 0.00298409 0.00671593 0.078351 
0.805482 0.0194534 0.0244971 0.0831316 0.00857076 0.00763549 0.0512292 
0.765989 0.0208424 0.024224 0.122423 0.0102102 0.00706486 0.0492462 
0.83142 0.021528 0.0235027 0.0687969 0.00787892 0.00579761 0.0410758 
0.798741 0.0284948 0.0210404 0.0775542 0.0136316 0.00738653 0.0531511 
0.821716 0.0249667 0.022497 0.0699442 0.00940903 0.00807957 0.0433878 
0.78302 0.022733 0.0227783 0.108669 0.008753 0.00779018 0.046256 
0.850848 0.0208775 0.0211667 0.0474587 0.00935401 0.0110665 0.0392291 
0.829441 0.0210485 0.024661 0.0604759 0.00661881 0.00949843 0.0482568 
0.842993 0.0189272 0.0226329 0.0780522 0.00648345 0.00578263 0.0251287 
0.830129 0.0229404 0.0236963 0.0576171 0.00546022 0.0101959 0.0499614 
0.741085 0.0270222 0.0181437 0.151088 0.0170504 0.0130226 0.0325879 
0.809597 0.0175625 0.0284762 0.0754821 0.0060162 0.0104318 0.0524339 
0.838413 0.0189048 0.0286318 0.0526054 0.00500364 0.00875253 0.047689 
0.794282 0.0276212 0.0202783 0.107887 0.0161175 0.0087072 0.0251068 
0.81706 0.01789 0.0251605 0.0854245 0.0103034 0.00859272 0.0355689 
0.834913 0.0204859 0.0244989 0.0472124 0.00863242 0.0103023 0.0539554 
0.836818 0.0245945 0.0230345 0.0644584 0.00842149 0.0103662 0.0323074 
0.849157 0.025383 0.0230771 0.0588133 0.00581718 0.0113345 0.0264178 
0.838112 0.032984 0.0182391 0.059901 0.0130688 0.0103348 0.0273603 
0.798339 0.016724 0.031979 0.0501932 0.00405452 0.0102139 0.088496 
0.849207 0.0221446 0.0246983 0.0353879 0.0075977 0.0100187 0.0509456 
0.859341 0.0262774 0.0220792 0.0237481 0.00543896 0.0132175 0.0498979 
0.835422 0.0203492 0.0239656 0.0341582 0.00744018 0.0125771 0.0660878 
0.810321 0.0354208 0.0164751 0.0866649 0.0209639 0.00743734 0.0227165 
0.830779 0.0272627 0.0221583 0.0491684 0.0121797 0.0132861 0.0451661 
0.843173 0.0198174 0.0267135 0.0417637 0.00871034 0.00719839 0.0526237 
0.837258 0.0190563 0.0244138 0.0500795 0.00884245 0.0074686 0.0528811 
0.79331 0.0454595 0.019514 0.0941761 0.0143115 0.00922033 0.0240084 
0.713443 0.0500091 0.0162645 0.164741 0.0330705 0.00659649 0.0158747 
0.760082 0.076752 0.0179447 0.0998394 0.01802 0.0110978 0.0162642 
0.720984 0.0522829 0.0213314 0.143537 0.0346613 0.0129757 0.0142273 
0.794492 0.0445355 0.0287671 0.0889972 0.00893842 0.0209851 0.0132851 
0.521677 0.0296286 0.085259 0.13152 0.0108073 0.179419 0.0416901 
0.476139 0.0191412 0.10666 0.0202413 0.00213217 0.362927 0.0127593 
0.654246 0.0228297 0.117258 0.0884174 0.00300404 0.0865631 0.0276824 
0.467898 0.0770361 0.0606587 0.34159 0.00275057 0.0382899 0.0117771 
0.330741 0.0490713 0.0122044 0.587562 0.00421236 0.00474668 0.0114624 
0.121912 0.0225995 0.00393246 0.832752 0.0102919 0.0010519 0.00746051 
0.0696112 0.0132743 0.00281195 0.875295 0.0221333 6.96236E-4 0.0161775 
0.0603452 0.0156244 0.00329422 0.852247 0.0498644 9.04277E-4 0.0177208 
0.0827374 0.0204875 0.00357485 0.837037 0.0435831 9.44028E-4 0.0116356 
0.112593 0.028638 0.00482264 0.811015 0.029613 0.00166631 0.0116521 
0.246881 0.17749 0.0222243 0.443827 0.0745512 0.0138552 0.0211715 
0.177468 0.396008 0.0251362 0.328725 0.0341687 0.0162974 0.0221959 
0.0883337 0.051238 0.00576772 0.826196 0.00911127 0.00188929 0.0174643 
0.0450287 0.0132458 0.00194727 0.914559 0.00553436 5.09417E-4 0.0191759 
0.0355366 0.00991913 0.00185973 0.927412 0.0149458 3.28169E-4 0.00999832 
0.140526 0.0433725 0.0085551 0.570749 0.21876 0.00437143 0.0136651 
0.104221 0.05935 0.00896646 0.714544 0.0989149 0.00508292 0.00892044 
0.0336043 0.0137323 0.00180387 0.939321 0.00794736 4.71036E-4 0.00312009 
0.034232 0.0147185 0.00193883 0.933147 0.0114663 3.83356E-4 0.00411442 
0.0617568 0.0169696 0.00297403 0.843924 0.0692067 0.0012413 0.00392779 
0.160474 0.16994 0.0199725 0.467262 0.140605 0.0228085 0.0189375 
0.15059 0.194053 0.0273237 0.497292 0.0836777 0.0245261 0.0225376 
0.0325883 0.0731683 0.00684616 0.869493 0.00976688 0.00220319 0.00593384 
0.0474316 0.0360145 0.00456723 0.876759 0.027399 0.00204028 0.00578789 
0.148358 0.0888814 0.012069 0.57956 0.146359 0.0140688 0.0107035 
0.784848 0.0356803 0.0238381 0.106646 0.0223816 0.00834834 0.0182578 
0.846186 0.0221753 0.0327984 0.0495383 0.00679663 0.0111611 0.0313444 
0.852142 0.0186833 0.0292632 0.0632034 0.00847003 0.00823053 0.0200074 
0.821636 0.0181275 0.0314332 0.0841186 0.0129783 0.00542647 0.0262801 
0.828955 0.0171579 0.0327886 0.0683488 0.0110297 0.00702028 0.0346999 
0.84229 0.0292869 0.0255105 0.0627411 0.0123395 0.00686267 0.0209692 
0.832938 0.0274186 0.0265443 0.0816534 0.0108227 0.00582128 0.0148019 
0.832365 0.0273991 0.029736 0.0739522 0.0104755 0.00639306 0.0196786 
0.852324 0.0285092 0.0311295 0.0358844 0.015416 0.00728238 0.029455 
0.828832 0.0203081 0.0363192 0.0818191 0.00690444 0.00464452 0.0211727 
0.799012 0.0213278 0.0350517 0.103137 0.00792621 0.00704237 0.0265024 
0.791717 0.0171783 0.0384389 0.107611 0.00799018 0.00681657 0.0302479 
0.754136 0.0169034 0.0391385 0.139226 0.0131522 0.00838748 0.0290567 
0.725228 0.0153083 0.0446035 0.153951 0.0121239 0.00737277 0.041413 
0.779864 0.0196716 0.0326245 0.127262 0.0127096 0.00491482 0.022954 
0.844599 0.0242702 0.0327527 0.0495117 0.0118625 0.00838218 0.0286219 
0.825662 0.0277206 0.030561 0.0759246 0.00981066 0.00541032 0.0249106 
0.852898 0.0183046 0.028828 0.0636318 0.00880496 0.00482182 0.0227113 
0.841553 0.0178368 0.0365625 0.0470878 0.00764443 0.0072872 0.0420283 
0.833477 0.0191579 0.0329081 0.073219 0.00900577 0.00512818 0.0271043 
0.773272 0.0211488 0.0409607 0.103715 0.00809665 0.00672877 0.0460782 
0.763967 0.0178642 0.0399354 0.126708 0.0071388 0.00542035 0.0389661 
0.827845 0.0171088 0.0376146 0.0813468 0.00566868 0.00384898 0.0265671 
0.787608 0.0191854 0.0386387 0.112127 0.0082023 0.0033591 0.0308788 
0.795872 0.0204548 0.0299463 0.0812359 0.0230174 0.00699157 0.0424817 
0.826674 0.0254113 0.0307796 0.063646 0.0117664 0.00672952 0.0349934 
0.841667 0.0236552 0.0363025 0.0477731 0.00902634 0.00703392 0.0345416 
0.791903 0.0232697 0.0307097 0.10705 0.0143481 0.00576194 0.0269577 
0.848982 0.020444 0.0426193 0.0505345 0.00397985 0.00366316 0.0297768 
0.828355 0.0234603 0.0304717 0.0791055 0.0102115 0.00630041 0.0220952 
0.814033 0.021447 0.0400497 0.0672878 0.00546001 0.0240095 0.027713 
0.860753 0.0121741 0.0435693 0.0224449 0.00323323 0.0203004 0.0375255 
0.719476 0.0332219 0.0424089 0.00676432 0.00864191 0.105923 0.0835643 
0.755362 0.0151943 0.0526551 0.0408401 0.00583892 0.0576444 0.0724652 
0.794536 0.0172671 0.0389185 0.0904475 0.00687046 0.0233864 0.0285738 
0.807256 0.023162 0.0370884 0.045075 0.00745544 0.0371913 0.0427722 
0.815499 0.0198733 0.0389776 0.0373022 0.00570392 0.0376849 0.0449588 
0.817869 0.02842 0.0304976 0.0332127 0.00594937 0.0484366 0.0356151 
0.813203 0.0173235 0.0397823 0.0639888 0.0046026 0.0280737 0.0330264 
0.825902 0.0157257 0.0348062 0.0325211 0.00609272 0.0269009 0.0580518 
0.845827 0.0176283 0.0326928 0.0392145 0.00582716 0.0250221 0.0337885 
0.831023 0.0190824 0.037402 0.0309543 0.00817761 0.0251505 0.0482101 
0.846209 0.0155559 0.0339572 0.0235844 0.00576057 0.0282555 0.0466777 
0.843864 0.020015 0.0324439 0.0391068 0.00695639 0.0193458 0.0382685 
0.848693 0.0182151 0.0307538 0.0255067 0.00649876 0.0272397 0.0430933 
0.805257 0.0164747 0.0409909 0.0555533 0.00440689 0.0285508 0.0487665 
0.830631 0.024183 0.0357547 0.0303101 0.00695933 0.037276 0.0348861 
0.861008 0.0176855 0.0345652 0.0398649 0.00590669 0.0168659 0.0241043 
0.847767 0.0143189 0.0376559 0.0272587 0.00628604 0.0205159 0.0461972 
0.849657 0.0178845 0.0367316 0.0383636 0.00515504 0.0210487 0.0311594 
0.852453 0.0140091 0.041076 0.0380556 0.00299681 0.0117702 0.0396389 
0.787761 0.023583 0.0314515 0.104069 0.0067223 0.0256321 0.0207806 
0.84823 0.0160479 0.0359628 0.0263501 0.00274578 0.0197166 0.0509472 
0.88053 0.0162607 0.0282812 0.0187307 0.00592347 0.018472 0.0318017 
0.842064 0.016125 0.0318629 0.04238 0.00559234 0.0160787 0.0458975 
0.854415 0.0135568 0.0336978 0.0430559 0.00464654 0.0103718 0.040256 
0.833496 0.0134486 0.0362872 0.030342 0.0066722 0.0141361 0.0656179 
0.847004 0.016546 0.0360115 0.0322717 0.00454832 0.0122974 0.051321 
0.840653 0.0174848 0.0345652 0.0465595 0.00489201 0.0104177 0.0454281 
0.806967 0.0171344 0.0355408 0.068276 0.00608168 0.0121745 0.0538258 
0.852953 0.014351 0.0353809 0.0311701 0.00443341 0.00996241 0.0517493 
0.8444 0.0147281 0.0367858 0.0414602 0.00642094 0.00852184 0.0476833 
0.781717 0.0127106 0.0390908 0.100801 0.0113229 0.00899418 0.0453627 
0.779454 0.0111347 0.0417519 0.10157 0.0119248 0.0147754 0.0393888 
0.789649 0.0124991 0.0471874 0.0705405 0.00468467 0.0147372 0.0607024 
0.669993 0.0149495 0.0444001 0.213596 0.00694642 0.0105383 0.0395771 
0.6706 0.0126524 0.0384284 0.230405 0.0128931 0.00993543 0.0250851 
0.77393 0.0146925 0.0316911 0.135003 0.0153169 0.00675143 0.022615 
0.721565 0.0227636 0.0222323 0.192958 0.0156302 0.00728104 0.01757 
0.753282 0.0218669 0.027697 0.14896 0.0158019 0.00616632 0.026226 
0.800783 0.0218308 0.0290907 0.112381 0.0103227 0.00540467 0.0201878 
0.776976 0.0321733 0.0238891 0.116298 0.0184248 0.00830003 0.0239385 
0.727263 0.0366944 0.0195327 0.162005 0.0248186 0.010159 0.0195279 
0.664185 0.0285909 0.0165022 0.24873 0.0263166 0.00630822 0.00936632 
0.559916 0.0249458 0.0165007 0.344499 0.0329579 0.00765318 0.0135269 
0.713956 0.0589906 0.0201356 0.176179 0.00914845 0.00755561 0.0140347 
0.764458 0.0542291 0.0164838 0.118166 0.0222131 0.00842382 0.0160259 
0.791357 0.0368846 0.0231574 0.115122 0.0121281 0.00447261 0.016878 
0.80148 0.0388044 0.0251563 0.102824 0.00794946 0.00637818 0.017407 
0.778563 0.0361416 0.0197658 0.125304 0.0148861 0.00783022 0.0175096 
0.629732 0.0313151 0.0220526 0.285296 0.0129358 0.00693748 0.0117314 
0.77028 0.0197413 0.0335296 0.146371 0.00813637 0.0069348 0.0150064 
0.693892 0.0336701 0.0511968 0.125348 0.0105075 0.0646312 0.0207549 
0.656914 0.03084 0.0692957 0.0242966 0.0030248 0.195757 0.0198721 
0.62553 0.0251098 0.0861808 0.0763625 0.00420996 0.156219 0.0263882 
0.610423 0.0285256 0.0602604 0.171809 0.0113685 0.0887067 0.0289062 
0.635503 0.0166455 0.0674318 0.183815 0.00427675 0.042293 0.0500342 
0.675487 0.0162597 0.0401613 0.239167 0.00497365 0.0102134 0.0137378 
0.666024 0.0240801 0.0321593 0.234441 0.00708797 0.0141549 0.0220528 
0.611016 0.0238664 0.0265766 0.310618 0.00431996 0.010007 0.0135965 
0.648348 0.0259821 0.0213576 0.277233 0.00653488 0.00937005 0.0111742 
0.507717 0.0320735 0.0140849 0.409512 0.0207172 0.00694721 0.00894789 
0.644585 0.0362614 0.013018 0.253671 0.0349048 0.00806447 0.0094952 
0.713148 0.0363105 0.017442 0.200566 0.013507 0.00899497 0.010031 
0.767533 0.0243596 0.0212615 0.149398 0.0115645 0.0107046 0.0151788 
0.770081 0.0333464 0.0197614 0.144722 0.00945676 0.0102061 0.0124266 
0.582423 0.0498546 0.0150769 0.321736 0.0149979 0.00688842 0.0090229 
0.575353 0.0459637 0.0154206 0.332989 0.0129852 0.0071506 0.0101377 
0.622736 0.059695 0.0175384 0.257586 0.0192617 0.0105784 0.0126041 
0.751071 0.0335625 0.0230442 0.159813 0.00937713 0.00685802 0.0162741 
0.666784 0.050262 0.0223476 0.213602 0.0140755 0.0108624 0.0220663 
0.684264 0.0410961 0.0230859 0.212025 0.00807714 0.0110458 0.020406 
0.661794 0.0518112 0.0181543 0.233705 0.0138438 0.00759573 0.013096 
0.681384 0.0369546 0.0233594 0.220975 0.0124242 0.00678492 0.018118 
0.599559 0.0318314 0.0174204 0.306299 0.0277932 0.00593659 0.0111608 
0.583977 0.0339568 0.0172108 0.314321 0.0246078 0.0103311 0.015596 
0.581514 0.0273563 0.0161545 0.317917 0.0319869 0.0079808 0.017091 
0.5793 0.0347264 0.0176723 0.328316 0.0175181 0.00826475 0.0142028 
0.56418 0.0406466 0.019554 0.341813 0.0103045 0.00844232 0.015059 
0.638356 0.0259381 0.0183793 0.277118 0.0194476 0.00696427 0.0137963 
0.774646 0.0246692 0.024784 0.134877 0.0151239 0.00377075 0.0221291 
0.739853 0.013237 0.0339493 0.159343 0.0167735 0.00420353 0.032641 
0.771237 0.0224533 0.0319932 0.116017 0.0195251 0.0031921 0.035582 
0.799698 0.0248287 0.0333088 0.0906197 0.0119666 0.00409374 0.0354849 
0.801868 0.02332 0.0315208 0.0913098 0.0194916 0.0035398 0.0289497 
0.846705 0.0138553 0.0436665 0.0607129 0.00543525 0.00253555 0.0270895 
0.86985 0.0143698 0.0338879 0.0509592 0.0089679 0.0032032 0.0187624 
0.813845 0.019839 0.0268068 0.0978519 0.0136974 0.00388109 0.0240783 
0.824063 0.0208936 0.024478 0.0791734 0.023736 0.00468283 0.0229737 
0.826952 0.0150729 0.039206 0.0783939 0.00800748 0.00366552 0.0287021 
0.841187 0.0192226 0.0346984 0.0711465 0.00633514 0.00264683 0.0247639 
0.829375 0.0246275 0.0242398 0.0927912 0.0104435 0.0027602 0.0157629 
0.832657 0.0170514 0.0285512 0.0803232 0.0163077 0.00324214 0.021867 
0.823736 0.015209 0.0328323 0.0797081 0.0128497 0.00418504 0.0314796 
0.83398 0.0186934 0.0385443 0.0554079 0.00727658 0.00480186 0.0412956 
0.84764 0.0177784 0.0388926 0.0545056 0.00793097 0.00449284 0.0287595 
0.835951 0.0191726 0.0316059 0.0571795 0.0129072 0.00642335 0.0367603 
0.845216 0.024298 0.0312728 0.0615536 0.00954988 0.00391744 0.0241926 
0.777912 0.0174306 0.0353946 0.12508 0.0110949 0.00374866 0.0293394 
0.804201 0.0189275 0.0389192 0.0676109 0.0154087 0.00386014 0.0510721 
0.781514 0.0162299 0.0404652 0.114795 0.0105674 0.00401548 0.0324131 
0.77242 0.017197 0.0313897 0.125255 0.0174392 0.0034452 0.0328537 
0.810088 0.0126935 0.0458498 0.0913514 0.00735965 0.00250761 0.0301502 
0.823459 0.0217725 0.0374215 0.0722089 0.00779675 0.00458038 0.0327609 
0.788059 0.0227005 0.0353084 0.109324 0.0128091 0.0036797 0.0281199 
0.774948 0.0206244 0.0376668 0.11041 0.0183312 0.00455742 0.0334618 
0.772208 0.0205129 0.0285199 0.0977606 0.0320187 0.00507829 0.0439012 
0.7498 0.0198342 0.0295209 0.136186 0.0237418 0.00386714 0.0370493 
0.741891 0.0204695 0.0303757 0.15654 0.0209878 0.00417444 0.0255621 
0.700821 0.0302713 0.0195531 0.208587 0.0185356 0.0055118 0.0167198 
0.837706 0.0213203 0.0268381 0.0641744 0.00793259 0.00636797 0.0356609 
0.804011 0.0287694 0.0293727 0.0850762 0.0108209 0.0061665 0.0357833 
0.753668 0.0186909 0.0332574 0.15904 0.00803876 0.00356107 0.0237444 
0.82936 0.0299289 0.0255768 0.0628878 0.0100626 0.0104447 0.031739 
0.801067 0.0381427 0.0232411 0.0749557 0.0167387 0.00972802 0.0361267 
0.832662 0.0241479 0.0297554 0.0692059 0.00804694 0.00585236 0.0303291 
0.784001 0.0358349 0.0236868 0.107994 0.0154908 0.00733555 0.0256579 
0.781947 0.024354 0.03454 0.0824537 0.0112592 0.00800342 0.0574422 
0.791577 0.024536 0.0291443 0.107033 0.0148415 0.00481772 0.0280506 
0.794563 0.0238992 0.0248779 0.0924854 0.0241079 0.00643666 0.0336301 
0.80498 0.0263255 0.0261898 0.0817982 0.0249818 0.0069841 0.0287412 
0.765891 0.0165402 0.0383608 0.134195 0.00825045 0.0060076 0.0307552 
0.761543 0.0217373 0.0361585 0.12161 0.0122607 0.0060855 0.0406048 
0.818052 0.0321209 0.0298314 0.0667583 0.00999213 0.00780534 0.0354397 
0.80561 0.0283293 0.0337998 0.0633241 0.00783103 0.00767455 0.0534309 
0.839098 0.0176775 0.0381405 0.0411576 0.00637218 0.00599424 0.0515601 
0.836434 0.0199717 0.0335882 0.0646788 0.00674007 0.00642368 0.0321639 
0.829732 0.0168108 0.0400581 0.0454587 0.005387 0.00775793 0.0547956 
0.76949 0.0210067 0.0377721 0.125717 0.00828928 0.00803045 0.029695 
0.782188 0.0250438 0.0329848 0.102753 0.009158 0.00786937 0.0400038 
0.837441 0.0237393 0.0374586 0.0548037 0.00460138 0.00617219 0.0357838 
0.776555 0.0231573 0.0365683 0.122547 0.00739402 0.00548545 0.028293 
0.789913 0.0206907 0.0390412 0.103872 0.00462759 0.00489331 0.0369623 
0.813625 0.0194388 0.0375986 0.0865 0.00568468 0.00446043 0.0326922 
0.834171 0.0188063 0.0393417 0.0446802 0.00440386 0.00628221 0.0523149 
0.797927 0.0177544 0.0450043 0.0882207 0.00427585 0.00609455 0.0407234 
0.817954 0.0202603 0.0442292 0.0719028 0.00366703 0.00640521 0.0355813 
0.799351 0.0170897 0.038782 0.0996524 0.00614878 0.00711091 0.031865 
0.829732 0.017479 0.0472959 0.0363191 0.00372773 0.00708577 0.058361 
0.821895 0.0212052 0.0392469 0.0599418 0.00738483 0.00561602 0.04471 
0.800049 0.020269 0.0483748 0.0644312 0.00437354 0.00795178 0.0545505 
0.743734 0.0210664 0.0362649 0.155627 0.011275 0.00443405 0.0275984 
0.769288 0.015977 0.0402612 0.10714 0.012732 0.0050177 0.049584 
0.757357 0.0180097 0.0327469 0.139292 0.0202207 0.00369987 0.0286742 
0.787837 0.0182402 0.0352792 0.108395 0.0146465 0.00454046 0.0310617 
0.772366 0.0193007 0.0425872 0.107618 0.0120591 0.00594112 0.0401278 
0.73802 0.0204192 0.037199 0.160463 0.0101028 0.00453331 0.0292623 
0.749353 0.0166927 0.0412027 0.155184 0.00772021 0.00426857 0.0255796 
0.651561 0.0205253 0.0271326 0.246993 0.0233161 0.00628976 0.024183 
0.729721 0.0235869 0.0225201 0.180128 0.0261666 0.00525569 0.012622 
0.692293 0.0193501 0.0273233 0.212774 0.0257056 0.00553533 0.017018 
0.76242 0.0203083 0.0247201 0.151467 0.0162903 0.00661836 0.0181756 
0.743333 0.0295035 0.0228486 0.161246 0.0130986 0.00891563 0.0210554 
0.686032 0.0423901 0.0160106 0.21872 0.0145026 0.0104969 0.011847 
0.601918 0.0928137 0.0163487 0.242415 0.0133203 0.0189844 0.0142 
0.58468 0.112138 0.0144175 0.228079 0.0142719 0.0293295 0.017085 
0.424613 0.107603 0.012415 0.379434 0.0343303 0.0298802 0.0117243 
0.574417 0.125129 0.0147752 0.16165 0.0219607 0.0828967 0.0191726 
0.574169 0.12092 0.0197847 0.112942 0.0256273 0.129523 0.0170336 
0.680729 0.107247 0.0175627 0.0565798 0.018205 0.1095 0.0101768 
0.67008 0.111902 0.0237232 0.0461856 0.0167444 0.117141 0.0142244 
0.623937 0.0891077 0.0215508 0.0639944 0.0173432 0.165949 0.0181183 
0.545542 0.0704593 0.0250125 0.105542 0.0178185 0.212935 0.0226906 
0.567064 0.0731806 0.0252238 0.189976 0.0219749 0.104934 0.0176463 
0.596766 0.0731051 0.0189523 0.145268 0.0383531 0.111712 0.0158435 
0.577842 0.0508677 0.0143193 0.300517 0.0123608 0.0314276 0.0126647 
0.662533 0.0627279 0.0156084 0.171944 0.0261747 0.0462969 0.0147149 
0.661341 0.10565 0.013899 0.0815797 0.0315916 0.090176 0.015762 
0.653949 0.124768 0.0144931 0.113 0.0333286 0.0465265 0.0139357 
0.618922 0.0585497 0.0173363 0.265422 0.0105867 0.004203 0.0249804 
0.685737 0.0358186 0.020007 0.212719 0.00882438 0.00524162 0.0316526 
0.751902 0.0262055 0.026321 0.125813 0.0059072 0.00425395 0.0595972 
0.743372 0.0271336 0.0228063 0.146479 0.00642983 0.0061234 0.0476556 
0.67634 0.0307944 0.0193658 0.226866 0.00732056 0.0042701 0.0350427 
0.752468 0.0336293 0.0210692 0.142952 0.00712035 0.00471087 0.0380499 
0.680216 0.026406 0.0197033 0.232346 0.00946211 0.00286407 0.029002 
0.598786 0.0203941 0.0192221 0.304134 0.0102705 0.0049671 0.0422265 
0.653446 0.0203463 0.0178116 0.263684 0.0147025 0.00414358 0.0258657 
0.677494 0.0216928 0.0191247 0.234159 0.0137461 0.00416895 0.029614 
0.707382 0.0348032 0.0167993 0.194453 0.014838 0.00533472 0.0263897 
0.56082 0.025916 0.0164822 0.342905 0.0185979 0.00444946 0.030829 
0.662124 0.0205201 0.0226078 0.248086 0.00833347 0.00317317 0.0351556 
0.638496 0.019262 0.0207878 0.273543 0.00942618 0.00285574 0.0356291 
0.550571 0.02028 0.011925 0.383408 0.0174507 0.00279677 0.0135689 
0.554899 0.0361507 0.0102404 0.357304 0.0224461 0.00249952 0.0164604 
0.473175 0.0558822 0.00853461 0.362718 0.0757562 0.00440666 0.0195274 
0.607389 0.0432769 0.0090159 0.269787 0.0382655 0.00319475 0.0290717 
0.438213 0.0213606 0.00653111 0.425334 0.0880234 0.00170762 0.0188303 
0.36289 0.0209729 0.00636134 0.549679 0.0455259 0.00179723 0.0127735 
0.333663 0.0258342 0.00568867 0.523749 0.0989837 0.00165018 0.0104312 
0.388147 0.0496339 0.00654099 0.458726 0.0789979 0.00277309 0.0151812 
0.393969 0.0344343 0.006353 0.439196 0.106767 0.00254318 0.0167373 
0.492546 0.0462408 0.0081512 0.33337 0.0964244 0.00290729 0.0203603 
0.429628 0.0480395 0.00746599 0.401295 0.0907089 0.00341191 0.01945 
0.425877 0.0462659 0.00683396 0.427394 0.0767276 0.00320689 0.013695 
0.529659 0.048767 0.00723442 0.298608 0.089808 0.00360855 0.022315 
0.442631 0.0468634 0.0066238 0.424938 0.0628778 0.00274942 0.0133169 
0.389314 0.0408436 0.00622355 0.45922 0.0883506 0.00274575 0.0133031 
0.245805 0.0472729 0.00577561 0.643246 0.0450549 0.00236897 0.0104765 
0.210381 0.0617725 0.0050535 0.658635 0.0514977 0.00204395 0.0106163 
0.249187 0.0291023 0.00601135 0.658561 0.0449281 0.00131406 0.0108964 
0.319589 0.0631214 0.00705467 0.513875 0.0795828 0.00251816 0.0142596 
0.383795 0.0594745 0.0081794 0.474779 0.0543157 0.00336659 0.0160903 
0.379952 0.0501678 0.007712 0.460267 0.0870933 0.00363834 0.0111697 
0.557917 0.0296252 0.0115881 0.360745 0.0236573 0.00263692 0.0138304 
0.588839 0.0456959 0.0121477 0.293441 0.0419031 0.00406065 0.013913 
0.615745 0.0559086 0.0153466 0.245821 0.0423358 0.00670826 0.0181345 
0.663719 0.0281672 0.0207991 0.231479 0.0193378 0.00628486 0.0302125 
0.773711 0.0388928 0.0177001 0.122865 0.0175646 0.00641654 0.02285 
0.668127 0.022216 0.0155586 0.244192 0.0327643 0.00314521 0.0139967 
0.754388 0.0255532 0.0181558 0.164465 0.0157411 0.00303288 0.0186648 
0.625955 0.0235997 0.0182394 0.273038 0.0297602 0.00404815 0.0253598 
0.778061 0.0200078 0.0210791 0.110849 0.0359794 0.0037087 0.0303147 
0.826204 0.0361718 0.0374521 0.0296771 0.0110278 0.0404332 0.0190339 
0.829618 0.0343538 0.0355967 0.0389356 0.00778772 0.0295156 0.024193 
0.787311 0.0315436 0.0375228 0.0691825 0.00812323 0.0391016 0.0272155 
0.752318 0.028652 0.0393102 0.0894519 0.0152493 0.0400889 0.03493 
0.777722 0.0261764 0.0364808 0.0844811 0.0159475 0.0320273 0.0271644 
0.807609 0.0220637 0.0349369 0.0653921 0.0120528 0.0326553 0.0252902 
0.82632 0.0188847 0.0371294 0.0468466 0.00598596 0.0323289 0.0325044 
0.795019 0.0321254 0.0325365 0.0702968 0.00957918 0.0342395 0.0262033 
0.782648 0.0320251 0.0273173 0.0870883 0.0131116 0.0332224 0.0245871 
0.787033 0.0243871 0.0336604 0.0472368 0.00641943 0.0530613 0.0482022 
0.816823 0.02259 0.0358951 0.0287327 0.00383691 0.0461311 0.0459909 
0.774416 0.0305403 0.0367938 0.0584801 0.00471111 0.0517723 0.0432869 
0.786794 0.0370852 0.0321715 0.0755396 0.00445285 0.0313984 0.0325589 
0.78837 0.0239396 0.0371482 0.067281 0.00637995 0.0326367 0.0442449 
0.819744 0.0254114 0.0278816 0.0710921 0.00529436 0.0234662 0.02711 
0.853768 0.019506 0.0295459 0.042956 0.00557992 0.0176014 0.0310423 
0.859165 0.0177641 0.0322591 0.040293 0.00655711 0.0147628 0.0291994 
0.838997 0.0273048 0.0304845 0.0472437 0.00584453 0.0172636 0.0328619 
0.810713 0.0273359 0.0296901 0.0816809 0.00709968 0.0163097 0.0271706 
0.764374 0.0243592 0.0407286 0.080687 0.0080254 0.0341013 0.0477243 
0.793425 0.024836 0.0378272 0.0620887 0.00530858 0.0293198 0.0471945 
0.820901 0.022404 0.0309509 0.0610131 0.00744808 0.025736 0.0315466 
0.847728 0.0257267 0.0274537 0.031715 0.00909201 0.0273503 0.0309338 
0.829389 0.0226116 0.0306051 0.0325388 0.00996948 0.0312832 0.0436033 
0.830702 0.0273314 0.0338253 0.0343786 0.00823591 0.030699 0.0348274 
0.829764 0.0260021 0.0295206 0.0280094 0.0115873 0.0386639 0.0364523 
0.841089 0.0239694 0.0310868 0.0338049 0.00835251 0.0236718 0.038025 
0.837345 0.023319 0.0314894 0.0445767 0.00760213 0.0184862 0.0371813 
0.816563 0.0292174 0.0330764 0.0595021 0.00755153 0.0232327 0.0308568 
0.695376 0.0474032 0.0123842 0.17607 0.0458485 0.00308797 0.0198303 
0.758694 0.0292723 0.0158074 0.145852 0.0280508 0.00311717 0.0192066 
0.733119 0.0436925 0.0165307 0.146423 0.0292519 0.00281218 0.0281706 
0.58131 0.0469421 0.0140193 0.304999 0.0324557 0.00265952 0.017614 
0.653494 0.0774498 0.0136636 0.205792 0.0268756 0.00319016 0.019534 
0.604251 0.038125 0.0121807 0.27558 0.0491481 0.003076 0.017639 
0.612064 0.0547447 0.0122223 0.260154 0.0413168 0.00266918 0.0168291 
0.72919 0.0408812 0.0157647 0.172591 0.0230713 0.0023521 0.0161499 
0.732434 0.0585938 0.0140856 0.153944 0.022882 0.0030875 0.0149739 
0.778353 0.0335873 0.0183226 0.121817 0.0250266 0.00348897 0.019405 
0.789346 0.0340358 0.0175463 0.113024 0.019362 0.00374969 0.0229361 
0.698118 0.0338513 0.0130058 0.201442 0.0359267 0.00393721 0.0137198 
0.776782 0.0268795 0.0183739 0.146575 0.0136508 0.00270364 0.0150355 
0.708525 0.0432286 0.0160728 0.186577 0.0261257 0.00265197 0.0168186 
0.757594 0.046485 0.0199335 0.134894 0.0128613 0.00386561 0.0243667 
0.78769 0.0524587 0.0181944 0.0950744 0.0158577 0.0039889 0.0267358 
0.661529 0.0300542 0.0185502 0.246976 0.01632 0.00292953 0.0236416 
0.715688 0.0344359 0.0169373 0.186228 0.023822 0.00295971 0.0199293 
0.683947 0.0493798 0.0146342 0.202964 0.0272133 0.00273775 0.0191232 
0.624015 0.0288087 0.0174802 0.287261 0.0191744 0.002689 0.0205714 
0.611507 0.0485192 0.016357 0.275445 0.0279284 0.00266731 0.0175757 
0.597177 0.062207 0.0150707 0.278638 0.0274622 0.00271203 0.0167329 
0.740007 0.0493047 0.0203897 0.154791 0.0139486 0.00247259 0.0190867 
0.712094 0.0451106 0.0168428 0.195542 0.0156653 0.00213536 0.0126099 
0.733461 0.0456304 0.0191057 0.172711 0.0129275 0.00174551 0.0144189 
0.672381 0.0452491 0.0198582 0.235496 0.0105725 0.00171381 0.0147295 
0.626311 0.0419032 0.017821 0.286692 0.0133984 0.00185655 0.0120177 
0.705125 0.0585276 0.0180097 0.181745 0.0183377 0.00198109 0.0162739 
0.626443 0.0475117 0.0194754 0.283562 0.00863328 0.00177035 0.0126043 
0.696703 0.0549347 0.0164981 0.201839 0.0149799 0.00218293 0.0128615 
0.826204 0.0361718 0.0374521 0.0296771 0.0110278 0.0404332 0.0190339 
0.829618 0.0343538 0.0355967 0.0389356 0.00778772 0.0295156 0.024193 
0.787311 0.0315436 0.0375228 0.0691825 0.00812323 0.0391016 0.0272155 
0.752318 0.028652 0.0393102 0.0894519 0.0152493 0.0400889 0.03493 
0.777722 0.0261764 0.0364808 0.0844811 0.0159475 0.0320273 0.0271644 
0.807609 0.0220637 0.0349369 0.0653921 0.0120528 0.0326553 0.0252902 
0.82632 0.0188847 0.0371294 0.0468466 0.00598596 0.0323289 0.0325044 
0.795019 0.0321254 0.0325365 0.0702968 0.00957918 0.0342395 0.0262033 
0.782648 0.0320251 0.0273173 0.0870883 0.0131116 0.0332224 0.0245871 
0.787033 0.0243871 0.0336604 0.0472368 0.00641943 0.0530613 0.0482022 
0.816823 0.02259 0.0358951 0.0287327 0.00383691 0.0461311 0.0459909 
0.774416 0.0305403 0.0367938 0.0584801 0.00471111 0.0517723 0.0432869 
0.786794 0.0370852 0.0321715 0.0755396 0.00445285 0.0313984 0.0325589 
0.78837 0.0239396 0.0371482 0.067281 0.00637995 0.0326367 0.0442449 
0.819744 0.0254114 0.0278816 0.0710921 0.00529436 0.0234662 0.02711 
0.853768 0.019506 0.0295459 0.042956 0.00557992 0.0176014 0.0310423 
0.859165 0.0177641 0.0322591 0.040293 0.00655711 0.0147628 0.0291994 
0.838997 0.0273048 0.0304845 0.0472437 0.00584453 0.0172636 0.0328619 
0.810713 0.0273359 0.0296901 0.0816809 0.00709968 0.0163097 0.0271706 
0.764374 0.0243592 0.0407286 0.080687 0.0080254 0.0341013 0.0477243 
0.793425 0.024836 0.0378272 0.0620887 0.00530858 0.0293198 0.0471945 
0.820901 0.022404 0.0309509 0.0610131 0.00744808 0.025736 0.0315466 
0.847728 0.0257267 0.0274537 0.031715 0.00909201 0.0273503 0.0309338 
0.829389 0.0226116 0.0306051 0.0325388 0.00996948 0.0312832 0.0436033 
0.830702 0.0273314 0.0338253 0.0343786 0.00823591 0.030699 0.0348274 
0.829764 0.0260021 0.0295206 0.0280094 0.0115873 0.0386639 0.0364523 
0.841089 0.0239694 0.0310868 0.0338049 0.00835251 0.0236718 0.038025 
0.837345 0.023319 0.0314894 0.0445767 0.00760213 0.0184862 0.0371813 
0.816563 0.0292174 0.0330764 0.0595021 0.00755153 0.0232327 0.0308568 
0.487176 0.0398901 0.0103785 0.3655 0.0787838 0.00472706 0.0135443 
0.557699 0.0480411 0.0139247 0.32806 0.0364564 0.00494746 0.0108713 
0.528232 0.0668001 0.0129266 0.315506 0.0509389 0.0082365 0.0173604 
0.508159 0.04282 0.0132124 0.380494 0.0388084 0.00361127 0.0128949 
0.507344 0.0419851 0.0113122 0.369159 0.055185 0.00362083 0.0113937 
0.47644 0.0381462 0.0108315 0.413759 0.0439347 0.00637239 0.0105157 
0.398022 0.0329443 0.00896862 0.479277 0.0681296 0.00309189 0.00956717 
0.374207 0.0263021 0.0108769 0.554949 0.0248017 0.00174944 0.00711381 
0.281389 0.0234628 0.0092777 0.635026 0.0407928 0.00226021 0.0077916 
0.351366 0.0367193 0.00914882 0.528622 0.0616813 0.00317312 0.00928954 
0.363021 0.046491 0.00784349 0.495103 0.0741331 0.00394398 0.00946427 
0.513241 0.0996421 0.0120181 0.267107 0.0856598 0.00681697 0.0155141 
0.463264 0.100715 0.0113625 0.321873 0.0785862 0.00908207 0.0151167 
0.448839 0.074424 0.0108495 0.374088 0.0727566 0.00570624 0.0133362 
0.416675 0.0535454 0.0102463 0.454215 0.0513104 0.00379336 0.0102145 
0.303886 0.0552114 0.00856137 0.49544 0.121173 0.00494454 0.0107828 
0.395058 0.0272584 0.0101522 0.514911 0.0412477 0.00244907 0.00892349 
0.275776 0.0388556 0.00833848 0.554851 0.108309 0.00443477 0.00943458 
0.381413 0.0508419 0.0107172 0.468749 0.0685197 0.00646093 0.0132984 
0.333104 0.0390725 0.0107577 0.544311 0.0574534 0.00438439 0.0109178 
0.463005 0.0443026 0.0118119 0.412611 0.0507941 0.00502775 0.0124474 
0.387819 0.0247778 0.00896195 0.506732 0.0565165 0.00398344 0.0112088 
0.411569 0.0333848 0.011106 0.489656 0.0367258 0.0045776 0.0129814 
0.372154 0.0326427 0.0105382 0.504856 0.0625685 0.00452671 0.0127142 
0.23313 0.0256014 0.00856454 0.6765 0.0435842 0.00341519 0.00920438 
0.221553 0.022326 0.00669177 0.695367 0.0446079 0.00229637 0.00715842 
0.351179 0.0280793 0.0099488 0.573712 0.0253747 0.00266354 0.00904302 
0.379199 0.0255499 0.010076 0.548041 0.0251055 0.00255004 0.00947815 
0.414859 0.0297064 0.00967562 0.490837 0.0401197 0.00329797 0.0115047 
0.54781 0.0358697 0.0111215 0.350194 0.037673 0.003245 0.0140866 
0.780259 0.0174757 0.0259536 0.144934 0.0112549 0.00287121 0.0172514 
0.72499 0.0237744 0.0190407 0.203139 0.0128967 0.005011 0.0111487 
0.778629 0.0198529 0.0237239 0.153471 0.00775282 0.0044121 0.0121582 
0.784954 0.0212922 0.0216845 0.142832 0.0102767 0.00256648 0.0163937 
0.773757 0.0145023 0.0339958 0.140694 0.00939977 0.00261966 0.0250311 
0.803686 0.0131983 0.0401819 0.0856572 0.0115818 0.00634876 0.0393464 
0.810812 0.0160412 0.0362311 0.0947786 0.0122359 0.00311427 0.0267868 
0.84638 0.0137354 0.0421624 0.0481976 0.0105054 0.00499671 0.0340223 
0.859017 0.0140566 0.042357 0.0445065 0.00810391 0.00563528 0.0263233 
0.86734 0.0146279 0.0550302 0.0222684 0.004053 0.00610375 0.0305764 
0.655231 0.0172807 0.125536 0.043991 0.00500206 0.122934 0.0300264 
0.695755 0.020085 0.106728 0.010255 0.00240846 0.138869 0.0258997 
0.612801 0.0182365 0.11925 0.0193311 0.00258809 0.198678 0.029116 
0.732728 0.0142748 0.0994218 0.0162451 0.00264612 0.0874062 0.0472784 
0.852701 0.0140812 0.0600027 0.0203906 0.00345094 0.0266732 0.0227002 
0.85775 0.0134711 0.031796 0.0450187 0.0131619 0.0194126 0.0193895 
0.858041 0.0140691 0.0337707 0.0268258 0.00767046 0.0239313 0.0356914 
0.74224 0.0163917 0.0486216 0.0185841 0.0141245 0.0604174 0.099621 
0.835069 0.0142736 0.0370981 0.0171216 0.0033511 0.0271694 0.065917 
0.853546 0.0153795 0.0340739 0.0231605 0.00619401 0.0309378 0.0367083 
0.841582 0.0137354 0.032464 0.0225836 0.00505303 0.0380362 0.0465458 
0.840035 0.015509 0.034072 0.0254059 0.00516548 0.0368295 0.0429834 
0.870326 0.0185171 0.0325979 0.0269788 0.00920009 0.0226151 0.0197652 
0.8443 0.0136781 0.0411789 0.0469857 0.00515924 0.0184909 0.0302067 
0.854569 0.0159367 0.0367144 0.0277657 0.00610179 0.0248236 0.0340886 
0.843354 0.0135246 0.043207 0.0191786 0.00594231 0.0231566 0.0516373 
0.815864 0.018852 0.0322044 0.0658785 0.0143545 0.026734 0.0261129 
0.804452 0.0280597 0.0331261 0.0451287 0.0114 0.0418623 0.0359713 
0.783122 0.0172105 0.0446103 0.0785147 0.00955219 0.0253067 0.0416833 
0.847687 0.0201795 0.0354456 0.059414 0.00490011 0.0157943 0.0165793 
0.785192 0.0202356 0.0399994 0.107573 0.00471879 0.0190479 0.023233 
0.826121 0.0146362 0.0422685 0.0673855 0.00472048 0.0185424 0.0263262 
0.700021 0.0186416 0.0343956 0.17175 0.0149146 0.0267039 0.0335731 
0.789999 0.0126704 0.0442175 0.0504589 0.00736673 0.0270902 0.068197 
0.736567 0.0130693 0.0508928 0.100985 0.00894338 0.0308641 0.0586781 
0.762503 0.0136903 0.0471648 0.106731 0.00534685 0.0155064 0.0490573 
0.845633 0.0121147 0.0345624 0.0391788 0.00733379 0.0173329 0.0438441 
0.813515 0.0200829 0.0216977 0.0802084 0.0181466 0.0253359 0.0210136 
0.818954 0.0201403 0.0237859 0.0778267 0.01568 0.0172704 0.026343 
0.730517 0.018801 0.0308975 0.131327 0.0165236 0.0362412 0.0356936 
0.831408 0.01545 0.0325456 0.0565523 0.00560346 0.0269452 0.0314955 
0.738748 0.0186569 0.0359876 0.098549 0.0084245 0.0359474 0.0636863 
0.84197 0.0167631 0.030424 0.0539392 0.0043624 0.0208118 0.0317295 
0.80572 0.0143095 0.0350063 0.0934532 0.00834018 0.0108349 0.0323361 
0.774934 0.0135735 0.0397757 0.105735 0.0100963 0.0135683 0.0423179 
0.85775 0.0134711 0.031796 0.0450187 0.0131619 0.0194126 0.0193895 
0.858041 0.0140691 0.0337707 0.0268258 0.00767046 0.0239313 0.0356914 
0.74224 0.0163917 0.0486216 0.0185841 0.0141245 0.0604174 0.099621 
0.835069 0.0142736 0.0370981 0.0171216 0.0033511 0.0271694 0.065917 
0.853546 0.0153795 0.0340739 0.0231605 0.00619401 0.0309378 0.0367083 
0.841582 0.0137354 0.032464 0.0225836 0.00505303 0.0380362 0.0465458 
0.840035 0.015509 0.034072 0.0254059 0.00516548 0.0368295 0.0429834 
0.870326 0.0185171 0.0325979 0.0269788 0.00920009 0.0226151 0.0197652 
0.8443 0.0136781 0.0411789 0.0469857 0.00515924 0.0184909 0.0302067 
0.854569 0.0159367 0.0367144 0.0277657 0.00610179 0.0248236 0.0340886 
0.843354 0.0135246 0.043207 0.0191786 0.00594231 0.0231566 0.0516373 
0.815864 0.018852 0.0322044 0.0658785 0.0143545 0.026734 0.0261129 
0.804452 0.0280597 0.0331261 0.0451287 0.0114 0.0418623 0.0359713 
0.783122 0.0172105 0.0446103 0.0785147 0.00955219 0.0253067 0.0416833 
0.847687 0.0201795 0.0354456 0.059414 0.00490011 0.0157943 0.0165793 
0.785192 0.0202356 0.0399994 0.107573 0.00471879 0.0190479 0.023233 
0.826121 0.0146362 0.0422685 0.0673855 0.00472048 0.0185424 0.0263262 
0.700021 0.0186416 0.0343956 0.17175 0.0149146 0.0267039 0.0335731 
0.789999 0.0126704 0.0442175 0.0504589 0.00736673 0.0270902 0.068197 
0.736567 0.0130693 0.0508928 0.100985 0.00894338 0.0308641 0.0586781 
0.762503 0.0136903 0.0471648 0.106731 0.00534685 0.0155064 0.0490573 
0.845633 0.0121147 0.0345624 0.0391788 0.00733379 0.0173329 0.0438441 
0.813515 0.0200829 0.0216977 0.0802084 0.0181466 0.0253359 0.0210136 
0.818954 0.0201403 0.0237859 0.0778267 0.01568 0.0172704 0.026343 
0.730517 0.018801 0.0308975 0.131327 0.0165236 0.0362412 0.0356936 
0.831408 0.01545 0.0325456 0.0565523 0.00560346 0.0269452 0.0314955 
0.738748 0.0186569 0.0359876 0.098549 0.0084245 0.0359474 0.0636863 
0.84197 0.0167631 0.030424 0.0539392 0.0043624 0.0208118 0.0317295 
0.80572 0.0143095 0.0350063 0.0934532 0.00834018 0.0108349 0.0323361 
0.774934 0.0135735 0.0397757 0.105735 0.0100963 0.0135683 0.0423179 
0.488279 0.0228843 0.0191188 0.438194 0.0160299 0.00262289 0.0128707 
0.342851 0.0233838 0.014837 0.603104 0.00640508 0.00283176 0.0065872 
0.329772 0.0104478 0.0225966 0.623179 0.00406999 0.0024937 0.00744065 
0.578388 0.017257 0.0253854 0.355169 0.0114458 0.00278386 0.00957166 
0.458382 0.0191522 0.0205255 0.469188 0.0162413 0.00375116 0.0127606 
0.530049 0.0278185 0.0203677 0.395303 0.0128677 0.00382501 0.00976969 
0.49925 0.0322104 0.0161069 0.423683 0.0179989 0.00262613 0.00812394 
0.520284 0.0265416 0.0163565 0.409829 0.0154973 0.00325504 0.00823598 
0.400691 0.0156255 0.014428 0.549108 0.012837 0.00210819 0.00520211 
0.415695 0.0139937 0.0196248 0.532096 0.00925312 0.0015816 0.00775554 
0.415587 0.0150581 0.0157098 0.52527 0.0174667 0.00211095 0.0087978 
0.473587 0.0184454 0.0201315 0.462359 0.0109301 0.00238526 0.0121613 
0.400376 0.0269043 0.013391 0.530839 0.018107 0.00274761 0.00763561 
0.390745 0.0167118 0.0213881 0.55363 0.00860307 0.00176039 0.00716179 
0.385071 0.00947357 0.0184838 0.56528 0.0135363 0.0012703 0.00688509 
0.472085 0.019694 0.0189028 0.461214 0.0175001 0.00159867 0.00900484 
0.296931 0.0133481 0.0176238 0.654467 0.0100667 0.00192765 0.00563581 
0.351393 0.0119688 0.017353 0.59667 0.0130918 0.00220168 0.00732224 
0.436311 0.0168317 0.0188447 0.505663 0.0130144 0.00250131 0.00683404 
0.579203 0.0190297 0.023265 0.356407 0.0103713 0.00243028 0.00929332 
0.666793 0.0177256 0.0282059 0.259511 0.0141387 0.00296971 0.0106564 
0.702611 0.0211387 0.0312294 0.222593 0.0120709 0.00210341 0.00825395 
0.680704 0.0231905 0.0242534 0.24787 0.0140298 0.00220078 0.00775195 
0.654112 0.0250162 0.0213552 0.261896 0.0238827 0.00240923 0.0113284 
0.715313 0.0276991 0.0278803 0.202145 0.0119895 0.00246108 0.0125117 
0.647479 0.0273314 0.0258252 0.274781 0.0107835 0.00314972 0.0106503 
0.568051 0.0314835 0.0190305 0.351701 0.0156087 0.00294503 0.0111798 
0.646694 0.053149 0.015238 0.236634 0.0322735 0.00404926 0.0119624 
0.475889 0.0226111 0.0132524 0.427432 0.0482746 0.00373487 0.00880613 
0.85775 0.0134711 0.031796 0.0450187 0.0131619 0.0194126 0.0193895 
0.858041 0.0140691 0.0337707 0.0268258 0.00767046 0.0239313 0.0356914 
0.74224 0.0163917 0.0486216 0.0185841 0.0141245 0.0604174 0.099621 
0.835069 0.0142736 0.0370981 0.0171216 0.0033511 0.0271694 0.065917 
0.853546 0.0153795 0.0340739 0.0231605 0.00619401 0.0309378 0.0367083 
0.841582 0.0137354 0.032464 0.0225836 0.00505303 0.0380362 0.0465458 
0.840035 0.015509 0.034072 0.0254059 0.00516548 0.0368295 0.0429834 
0.870326 0.0185171 0.0325979 0.0269788 0.00920009 0.0226151 0.0197652 
0.8443 0.0136781 0.0411789 0.0469857 0.00515924 0.0184909 0.0302067 
0.854569 0.0159367 0.0367144 0.0277657 0.00610179 0.0248236 0.0340886 
0.843354 0.0135246 0.043207 0.0191786 0.00594231 0.0231566 0.0516373 
0.815864 0.018852 0.0322044 0.0658785 0.0143545 0.026734 0.0261129 
0.804452 0.0280597 0.0331261 0.0451287 0.0114 0.0418623 0.0359713 
0.783122 0.0172105 0.0446103 0.0785147 0.00955219 0.0253067 0.0416833 
0.847687 0.0201795 0.0354456 0.059414 0.00490011 0.0157943 0.0165793 
0.785192 0.0202356 0.0399994 0.107573 0.00471879 0.0190479 0.023233 
0.826121 0.0146362 0.0422685 0.0673855 0.00472048 0.0185424 0.0263262 
0.700021 0.0186416 0.0343956 0.17175 0.0149146 0.0267039 0.0335731 
0.789999 0.0126704 0.0442175 0.0504589 0.00736673 0.0270902 0.068197 
0.736567 0.0130693 0.0508928 0.100985 0.00894338 0.0308641 0.0586781 
0.762503 0.0136903 0.0471648 0.106731 0.00534685 0.0155064 0.0490573 
0.845633 0.0121147 0.0345624 0.0391788 0.00733379 0.0173329 0.0438441 
0.813515 0.0200829 0.0216977 0.0802084 0.0181466 0.0253359 0.0210136 
0.818954 0.0201403 0.0237859 0.0778267 0.01568 0.0172704 0.026343 
0.730517 0.018801 0.0308975 0.131327 0.0165236 0.0362412 0.0356936 
0.831408 0.01545 0.0325456 0.0565523 0.00560346 0.0269452 0.0314955 
0.738748 0.0186569 0.0359876 0.098549 0.0084245 0.0359474 0.0636863 
0.84197 0.0167631 0.030424 0.0539392 0.0043624 0.0208118 0.0317295 
0.80572 0.0143095 0.0350063 0.0934532 0.00834018 0.0108349 0.0323361 
0.774934 0.0135735 0.0397757 0.105735 0.0100963 0.0135683 0.0423179 
0.822848 0.0124512 0.0454022 0.0278161 0.00571095 0.0250985 0.0606732 
0.869048 0.0138966 0.0354929 0.0265666 0.0050776 0.0189443 0.0309741 
0.837864 0.01763 0.0436502 0.028812 0.00591629 0.0309432 0.0351842 
0.829344 0.0234764 0.0355399 0.0610409 0.0140354 0.0171316 0.0194323 
0.888329 0.0142944 0.0376295 0.0201481 0.00354379 0.0155957 0.0204596 
0.852594 0.0181589 0.032866 0.0439258 0.0104253 0.0199465 0.0220839 
0.869606 0.0185696 0.0288456 0.0325769 0.00566012 0.0159534 0.0287882 
0.841678 0.015644 0.0413816 0.0469482 0.00647443 0.0133649 0.0345084 
0.845441 0.0158957 0.040737 0.0421301 0.00391044 0.0137909 0.0380945 
0.839684 0.0121255 0.0504417 0.0188726 0.00301427 0.0204776 0.0553847 
0.876763 0.014063 0.0413199 0.0163828 0.00320993 0.017685 0.0305765 
0.797866 0.0085387 0.0705221 0.0171704 0.00191909 0.0213266 0.0826572 
0.85326 0.0109319 0.0514667 0.0206693 0.00293209 0.0243347 0.0364051 
0.88364 0.0158155 0.0359989 0.0183978 0.00432279 0.0183151 0.0235098 
0.846631 0.0147823 0.0492272 0.0291682 0.00220422 0.0251614 0.0328259 
0.846145 0.0109369 0.0601891 0.040745 0.00200811 0.0142537 0.0257226 
0.835766 0.0125718 0.057133 0.0535868 0.0041792 0.0131341 0.023629 
0.858505 0.0127215 0.0485945 0.0259649 0.00333967 0.0222458 0.0286288 
0.717378 0.0152295 0.0554057 0.152751 0.0076723 0.0216655 0.0298981 
0.848686 0.0114457 0.0522338 0.0412418 0.00365779 0.0151166 0.0276181 
0.86654 0.0130051 0.0499185 0.0294931 0.00261794 0.0143373 0.0240881 
0.850328 0.0108914 0.051569 0.0296627 0.00300117 0.0214924 0.0330557 
0.852247 0.0113507 0.0443109 0.0396298 0.0027617 0.0160564 0.0336439 
0.859287 0.0157733 0.0395905 0.0235452 0.00295218 0.0263499 0.0325016 
0.846993 0.0122196 0.0512442 0.0371499 0.00280969 0.0158751 0.0337084 
0.851916 0.0164798 0.0386055 0.0493789 0.0044786 0.0192445 0.0198963 
0.848032 0.0141703 0.0458638 0.0386257 0.00394996 0.0148081 0.03455 
0.842031 0.0135771 0.038542 0.0260862 0.00503378 0.0282692 0.0464603 
0.879249 0.0113413 0.042612 0.0166385 0.00259102 0.0119086 0.0356594 
0.852107 0.0120282 0.0393955 0.0338559 0.00424086 0.0233029 0.0350701 
0.847941 0.0320041 0.0256067 0.0646911 0.00503772 0.00417492 0.0205439 
0.875255 0.0258953 0.0274619 0.0423342 0.00405745 0.00432117 0.0206749 
0.790412 0.0240919 0.0291841 0.120918 0.00444979 0.00639708 0.0245469 
0.830504 0.0316125 0.0242623 0.0711467 0.00451682 0.00532621 0.0326312 
0.836557 0.0217365 0.0337504 0.072702 0.00220601 0.00322902 0.0298194 
0.784002 0.0202743 0.0241247 0.148169 0.00530016 0.00310788 0.0150219 
0.831174 0.0278259 0.0321211 0.0826774 0.00269061 0.00375484 0.0197563 
0.868974 0.034069 0.0304874 0.0279209 0.00341626 0.00332776 0.0318048 
0.829099 0.0503221 0.0366139 0.0449792 0.00326732 0.00281783 0.0329003 
0.868622 0.0284661 0.0397799 0.0316314 0.00202929 0.00327062 0.0262005 
0.794024 0.0298261 0.0452585 0.089888 0.00201833 0.00266187 0.0363234 
0.824178 0.0562386 0.0328683 0.0435334 0.00271391 0.00352148 0.0369466 
0.843421 0.0371137 0.0356797 0.0433619 0.00221662 0.00362364 0.0345837 
0.832181 0.0322161 0.0292781 0.0600444 0.00313389 0.00414228 0.0390042 
0.80767 0.0477918 0.0274446 0.0580868 0.00302161 0.0035564 0.0524286 
0.833832 0.0398881 0.0250409 0.0654097 0.00257165 0.00400537 0.0292522 
0.807257 0.029663 0.0244585 0.106057 0.00339515 0.00263987 0.0265291 
0.781219 0.0252892 0.0239579 0.135835 0.00473635 0.0040526 0.0249103 
0.796316 0.0295141 0.0255953 0.100014 0.00410942 0.00481112 0.0396402 
0.826068 0.0426437 0.0230452 0.0737655 0.00293503 0.00427348 0.0272692 
0.766568 0.0388512 0.0193699 0.155786 0.00441818 0.00272478 0.0122824 
0.843803 0.0278446 0.0209085 0.0790064 0.0040818 0.00462068 0.0197345 
0.854966 0.0213305 0.0359311 0.0603374 0.00189128 0.00238495 0.0231588 
0.871978 0.0299979 0.023231 0.0396297 0.00305184 0.00600905 0.0261027 
0.835003 0.0256437 0.0223801 0.0683335 0.00545128 0.00623543 0.0369535 
0.82964 0.0143847 0.0370457 0.0607686 0.00284144 0.00226064 0.0530587 
0.804012 0.015998 0.0370506 0.0756407 0.00223954 0.0031968 0.0618622 
0.799029 0.0155126 0.0249256 0.105996 0.00536207 0.00235958 0.046815 
0.823895 0.0159657 0.0280628 0.0838394 0.00284991 0.00484758 0.04054 
0.831388 0.0137079 0.0284272 0.0548781 0.00446995 0.00416256 0.062966 
0.75832 0.0148729 0.0321501 0.0974065 0.00545479 0.00253566 0.08926 
0.749002 0.0151262 0.0277332 0.154475 0.00489574 0.0036516 0.0451168 
0.82253 0.0190798 0.025445 0.0833866 0.00351941 0.00340327 0.0426355 
0.775503 0.0239958 0.0228834 0.145131 0.00432623 0.00244902 0.025712 
0.756398 0.0194016 0.0262973 0.155974 0.00396927 0.00269787 0.0352619 
0.680462 0.0214553 0.0216982 0.218473 0.00657302 0.0056419 0.045696 
0.749426 0.0215469 0.0329898 0.140083 0.00304815 0.00418034 0.0487254 
0.822977 0.0239266 0.0198533 0.0722857 0.0079714 0.00558812 0.0473976 
0.852553 0.0180092 0.0354518 0.0516062 0.00207924 0.00352236 0.0367778 
0.74318 0.0197512 0.0265286 0.17502 0.00265919 0.00545487 0.0274063 
0.84803 0.0213166 0.0287527 0.0690928 0.00404676 0.00319342 0.025568 
0.830956 0.0172317 0.0313687 0.0962121 0.00265425 0.0033194 0.0182578 
0.832649 0.0459003 0.0178095 0.0717207 0.0059108 0.0042079 0.0218018 
0.826077 0.0417952 0.0156164 0.0846605 0.00644661 0.00473219 0.0206723 
0.880788 0.0246286 0.0251988 0.0264285 0.00427411 0.00367095 0.0350107 
0.85004 0.0324406 0.0185202 0.0621844 0.00624472 0.00720489 0.0233653 
0.833035 0.0217873 0.0255623 0.0573396 0.00586587 0.00664691 0.0497633 
0.858981 0.0312153 0.0215468 0.0415819 0.0142985 0.0050644 0.0273118 
0.855848 0.0242669 0.0254104 0.0264958 0.00719124 0.0108516 0.0499359 
0.866191 0.0194287 0.0257943 0.0549546 0.0093782 0.00507622 0.0191767 
0.752359 0.0384222 0.0190287 0.146674 0.0186306 0.00504114 0.0198449 
0.85775 0.0134711 0.031796 0.0450187 0.0131619 0.0194126 0.0193895 
0.858041 0.0140691 0.0337707 0.0268258 0.00767046 0.0239313 0.0356914 
0.74224 0.0163917 0.0486216 0.0185841 0.0141245 0.0604174 0.099621 
0.835069 0.0142736 0.0370981 0.0171216 0.0033511 0.0271694 0.065917 
0.853546 0.0153795 0.0340739 0.0231605 0.00619401 0.0309378 0.0367083 
0.841582 0.0137354 0.032464 0.0225836 0.00505303 0.0380362 0.0465458 
0.840035 0.015509 0.034072 0.0254059 0.00516548 0.0368295 0.0429834 
0.870326 0.0185171 0.0325979 0.0269788 0.00920009 0.0226151 0.0197652 
0.8443 0.0136781 0.0411789 0.0469857 0.00515924 0.0184909 0.0302067 
0.854569 0.0159367 0.0367144 0.0277657 0.00610179 0.0248236 0.0340886 
0.843354 0.0135246 0.043207 0.0191786 0.00594231 0.0231566 0.0516373 
0.815864 0.018852 0.0322044 0.0658785 0.0143545 0.026734 0.0261129 
0.804452 0.0280597 0.0331261 0.0451287 0.0114 0.0418623 0.0359713 
0.783122 0.0172105 0.0446103 0.0785147 0.00955219 0.0253067 0.0416833 
0.847687 0.0201795 0.0354456 0.059414 0.00490011 0.0157943 0.0165793 
0.785192 0.0202356 0.0399994 0.107573 0.00471879 0.0190479 0.023233 
0.826121 0.0146362 0.0422685 0.0673855 0.00472048 0.0185424 0.0263262 
0.700021 0.0186416 0.0343956 0.17175 0.0149146 0.0267039 0.0335731 
0.789999 0.0126704 0.0442175 0.0504589 0.00736673 0.0270902 0.068197 
0.736567 0.0130693 0.0508928 0.100985 0.00894338 0.0308641 0.0586781 
0.762503 0.0136903 0.0471648 0.106731 0.00534685 0.0155064 0.0490573 
0.845633 0.0121147 0.0345624 0.0391788 0.00733379 0.0173329 0.0438441 
0.813515 0.0200829 0.0216977 0.0802084 0.0181466 0.0253359 0.0210136 
0.818954 0.0201403 0.0237859 0.0778267 0.01568 0.0172704 0.026343 
0.730517 0.018801 0.0308975 0.131327 0.0165236 0.0362412 0.0356936 
0.831408 0.01545 0.0325456 0.0565523 0.00560346 0.0269452 0.0314955 
0.738748 0.0186569 0.0359876 0.098549 0.0084245 0.0359474 0.0636863 
0.84197 0.0167631 0.030424 0.0539392 0.0043624 0.0208118 0.0317295 
0.80572 0.0143095 0.0350063 0.0934532 0.00834018 0.0108349 0.0323361 
0.774934 0.0135735 0.0397757 0.105735 0.0100963 0.0135683 0.0423179 
0.820987 0.0259775 0.0301827 0.027427 0.00273304 0.00330486 0.0893883 
0.79067 0.0392916 0.0223839 0.0256138 0.00357431 0.00535873 0.113108 
0.815336 0.0262367 0.0269885 0.0322173 0.00257776 0.00576987 0.090874 
0.819037 0.0330567 0.0260309 0.0327648 0.00341956 0.00415634 0.0815343 
0.853255 0.036149 0.0320911 0.0243104 0.00187748 0.00294919 0.0493675 
0.864801 0.028876 0.034429 0.0299487 0.00141087 0.00288865 0.0376457 
0.843578 0.0237925 0.0271982 0.0140488 0.00213907 0.00610066 0.0831429 
0.842324 0.017644 0.0271261 0.0366886 0.00342791 0.00220981 0.0705794 
0.772588 0.0182896 0.0332726 0.0169439 0.00225802 0.00350266 0.153145 
0.800003 0.0197426 0.0395831 0.012522 0.00148392 0.00308243 0.123583 
0.791 0.0191552 0.0321825 0.0138769 0.00227186 0.00345262 0.138061 
0.770624 0.0234598 0.0291189 0.014364 0.0036096 0.00387456 0.154949 
0.756042 0.020382 0.0393257 0.01478 0.00186253 0.00292744 0.164681 
0.762683 0.0220657 0.0414815 0.0133855 0.00120782 0.0035203 0.155657 
0.836933 0.0380647 0.0310244 0.0322096 0.00217992 0.00258768 0.0570009 
0.80769 0.0322998 0.0397116 0.01227 0.00127249 0.00401165 0.102744 
0.841543 0.03364 0.0316083 0.0234453 0.00201706 0.0025296 0.0652171 
0.864709 0.0326543 0.0213624 0.0365703 0.00361308 0.0038922 0.037199 
0.793454 0.0275988 0.0346258 0.0180361 0.00293295 0.00441128 0.118941 
0.839153 0.0331477 0.0270607 0.0242384 0.00302452 0.00431477 0.0690609 
0.835354 0.0285331 0.0240095 0.0170266 0.00402785 0.00423788 0.0868111 
0.846964 0.0312366 0.0264234 0.0233345 0.00252076 0.00271532 0.0668056 
0.811867 0.0241216 0.0322331 0.0251622 0.00297498 0.00286941 0.100771 
0.767933 0.0301658 0.0325297 0.0224201 0.0026768 0.00407793 0.140197 
0.798245 0.0283875 0.0294865 0.0273331 0.00375205 0.00363753 0.109158 
0.854374 0.0267598 0.0286231 0.0209343 0.00305571 0.00284265 0.0634104 
0.862827 0.0136184 0.0315822 0.0269417 0.00357275 0.00339029 0.0580682 
0.840993 0.0114493 0.0343314 0.0355144 0.00317062 0.00316393 0.0713775 
0.834918 0.0163107 0.0362706 0.0256744 0.00387559 0.00218756 0.0807629 
0.8457 0.0201677 0.0325578 0.0502965 0.00284761 0.0027131 0.0457172 
