0.800198 0.0150029 0.0374427 0.049117 0.00376632 0.00633617 0.0881374 
0.854466 0.015103 0.0392502 0.0380857 0.00261731 0.00270869 0.0477691 
0.861827 0.0137961 0.0346374 0.0455919 0.0034319 0.0037966 0.0369186 
0.88424 0.0137205 0.0379352 0.0185344 0.0029338 0.00341806 0.0392175 
0.849479 0.013158 0.0366069 0.0225876 0.00362124 0.00454132 0.0700058 
0.844992 0.012677 0.0422922 0.0377104 0.0040128 0.00445386 0.0538614 
0.871299 0.0145976 0.0336158 0.0434013 0.0051682 0.00302176 0.0288959 
0.872494 0.0190081 0.0344368 0.021558 0.00357073 0.00416337 0.0447696 
0.886328 0.014842 0.0313463 0.0273 0.00533588 0.00270516 0.0321431 
0.870547 0.0166449 0.0264177 0.0371 0.00901561 0.00360358 0.0366716 
0.836557 0.0180422 0.0344531 0.0204775 0.00485115 0.0036869 0.0819326 
0.811656 0.0139607 0.0350884 0.0232614 0.00821845 0.00534104 0.102474 
0.877653 0.011372 0.0310839 0.016271 0.00980809 0.00384239 0.0499693 
0.885881 0.0138343 0.033164 0.0239066 0.00473663 0.00265598 0.0358219 
0.877911 0.0143806 0.0291368 0.02713 0.0063636 0.00402977 0.0410478 
0.805678 0.0168593 0.0365466 0.0148472 0.00802089 0.00388091 0.114167 
0.869654 0.0163379 0.0312903 0.018564 0.00714255 0.00538663 0.0516248 
0.83543 0.0154556 0.0353823 0.021319 0.00544824 0.00553252 0.0814319 
0.857687 0.0124639 0.0362064 0.0192532 0.00599094 0.00481625 0.0635822 
0.812501 0.0141005 0.0364718 0.0116288 0.0271868 0.00863188 0.0894796 
0.823773 0.0163562 0.0351286 0.00974346 0.0115216 0.0080513 0.0954261 
0.81677 0.0191692 0.0345299 0.0124177 0.0113255 0.00574431 0.100044 
0.793728 0.0160648 0.0336654 0.0225854 0.0198677 0.00689995 0.107188 
0.789382 0.0187181 0.0382117 0.014846 0.00816434 0.00633365 0.124344 
0.818691 0.0168894 0.0366621 0.0240682 0.0116142 0.00476088 0.087314 
0.845089 0.0143019 0.0342165 0.0305844 0.00841915 0.00372379 0.0636651 
0.823555 0.0202259 0.0313999 0.0237818 0.0131704 0.005893 0.0819739 
0.809331 0.0228521 0.0318056 0.0181535 0.0171227 0.00742403 0.0933106 
0.847911 0.0132963 0.0359515 0.0182798 0.00994481 0.00535733 0.0692589 
0.789718 0.0133312 0.0339179 0.0564416 0.0105817 0.0025035 0.0935064 
0.777747 0.0122962 0.0372368 0.0399432 0.00584452 0.003913 0.123019 
0.735882 0.0123855 0.0347584 0.0875813 0.0120006 0.00410154 0.113291 
0.665916 0.00977184 0.0435163 0.0866114 0.0155049 0.00642815 0.172251 
0.643696 0.0115147 0.0465862 0.0432386 0.00876707 0.00483956 0.241358 
0.667202 0.0178546 0.037586 0.109684 0.00945628 0.00636671 0.15185 
0.691198 0.0107575 0.0387602 0.100943 0.0158201 0.00451095 0.13801 
0.733316 0.00954244 0.041772 0.0882531 0.00940361 0.00315185 0.114561 
0.639552 0.0105017 0.0465347 0.0714537 0.00525629 0.00402631 0.222676 
0.758499 0.0120391 0.0367225 0.074773 0.00690472 0.00366902 0.107392 
0.746777 0.01149 0.0316254 0.0873239 0.0102718 0.00309371 0.109419 
0.701126 0.00908353 0.0389495 0.0814734 0.0133731 0.00271098 0.153283 
0.792315 0.00961634 0.0356656 0.0447957 0.0100037 0.00336899 0.104235 
0.765849 0.00972518 0.0378749 0.0550761 0.0102436 0.00456134 0.11667 
0.789421 0.00794524 0.0366639 0.0594162 0.0137545 0.0029549 0.0898445 
0.753864 0.0103661 0.0415507 0.0335702 0.00917426 0.00316314 0.148311 
0.786733 0.00758958 0.0392808 0.0559677 0.010482 0.00260596 0.0973407 
0.790588 0.00912665 0.0370031 0.0437448 0.0115495 0.00370168 0.104286 
0.786328 0.00912407 0.0333456 0.0754861 0.0135005 0.00297779 0.0792384 
0.734598 0.00934905 0.0398799 0.0624436 0.011108 0.00300225 0.13962 
0.641184 0.00985456 0.0441184 0.0425752 0.00769612 0.00533092 0.249241 
0.70451 0.0129079 0.0372132 0.018127 0.0121563 0.00533775 0.209748 
0.788333 0.0115353 0.0372153 0.0166011 0.0132316 0.00461926 0.128464 
0.827436 0.0148555 0.0286252 0.0220925 0.0106813 0.00450641 0.0918028 
0.792244 0.0116023 0.0345435 0.0567507 0.00846675 0.00525625 0.0911362 
0.82186 0.0101341 0.029398 0.0507386 0.0176558 0.00422 0.0659932 
0.80972 0.00808373 0.0378906 0.0361513 0.0114717 0.0029898 0.0936925 
0.807862 0.00822587 0.0405893 0.0438859 0.00961312 0.00248186 0.0873419 
0.827341 0.00950652 0.0342794 0.0294308 0.012642 0.00303595 0.0837642 
0.789718 0.0133312 0.0339179 0.0564416 0.0105817 0.0025035 0.0935064 
0.777747 0.0122962 0.0372368 0.0399432 0.00584452 0.003913 0.123019 
0.735882 0.0123855 0.0347584 0.0875813 0.0120006 0.00410154 0.113291 
0.665916 0.00977184 0.0435163 0.0866114 0.0155049 0.00642815 0.172251 
0.643696 0.0115147 0.0465862 0.0432386 0.00876707 0.00483956 0.241358 
0.667202 0.0178546 0.037586 0.109684 0.00945628 0.00636671 0.15185 
0.691198 0.0107575 0.0387602 0.100943 0.0158201 0.00451095 0.13801 
0.733316 0.00954244 0.041772 0.0882531 0.00940361 0.00315185 0.114561 
0.639552 0.0105017 0.0465347 0.0714537 0.00525629 0.00402631 0.222676 
0.758499 0.0120391 0.0367225 0.074773 0.00690472 0.00366902 0.107392 
0.746777 0.01149 0.0316254 0.0873239 0.0102718 0.00309371 0.109419 
0.701126 0.00908353 0.0389495 0.0814734 0.0133731 0.00271098 0.153283 
0.792315 0.00961634 0.0356656 0.0447957 0.0100037 0.00336899 0.104235 
0.765849 0.00972518 0.0378749 0.0550761 0.0102436 0.00456134 0.11667 
0.789421 0.00794524 0.0366639 0.0594162 0.0137545 0.0029549 0.0898445 
0.753864 0.0103661 0.0415507 0.0335702 0.00917426 0.00316314 0.148311 
0.786733 0.00758958 0.0392808 0.0559677 0.010482 0.00260596 0.0973407 
0.790588 0.00912665 0.0370031 0.0437448 0.0115495 0.00370168 0.104286 
0.786328 0.00912407 0.0333456 0.0754861 0.0135005 0.00297779 0.0792384 
0.734598 0.00934905 0.0398799 0.0624436 0.011108 0.00300225 0.13962 
0.641184 0.00985456 0.0441184 0.0425752 0.00769612 0.00533092 0.249241 
0.70451 0.0129079 0.0372132 0.018127 0.0121563 0.00533775 0.209748 
0.788333 0.0115353 0.0372153 0.0166011 0.0132316 0.00461926 0.128464 
0.827436 0.0148555 0.0286252 0.0220925 0.0106813 0.00450641 0.0918028 
0.792244 0.0116023 0.0345435 0.0567507 0.00846675 0.00525625 0.0911362 
0.82186 0.0101341 0.029398 0.0507386 0.0176558 0.00422 0.0659932 
0.80972 0.00808373 0.0378906 0.0361513 0.0114717 0.0029898 0.0936925 
0.807862 0.00822587 0.0405893 0.0438859 0.00961312 0.00248186 0.0873419 
0.827341 0.00950652 0.0342794 0.0294308 0.012642 0.00303595 0.0837642 
0.775234 0.010036 0.036426 0.103013 0.00408079 0.004036 0.0671741 
0.760171 0.0138406 0.0318534 0.0411235 0.00389998 0.00490746 0.144204 
0.770687 0.011884 0.0320568 0.0912885 0.00565598 0.00441197 0.0840162 
0.700393 0.0125304 0.031126 0.104712 0.00878006 0.00445653 0.138002 
0.820973 0.0139875 0.0289589 0.0574609 0.00326735 0.00371005 0.0716424 
0.829054 0.0125038 0.0308427 0.0466497 0.0036684 0.00325886 0.0740224 
0.798908 0.00938407 0.0368072 0.048861 0.00321657 0.0031853 0.0996378 
0.772459 0.0133769 0.0300022 0.0561823 0.00395552 0.00321851 0.120806 
0.742861 0.0123799 0.0334444 0.0531144 0.00624106 0.00534859 0.14661 
0.738041 0.011672 0.0341531 0.0455083 0.00617666 0.00603022 0.158418 
0.702321 0.00964889 0.0402001 0.0873759 0.00757797 0.00530968 0.147566 
0.719451 0.0132592 0.0319088 0.0617 0.00821895 0.00575012 0.159712 
0.736935 0.011952 0.0378687 0.0462285 0.0042739 0.00421417 0.158528 
0.758783 0.0130647 0.0360322 0.071401 0.00337312 0.00523452 0.112111 
0.784905 0.0134916 0.0290442 0.10023 0.00374946 0.0040347 0.064545 
0.707982 0.0141681 0.0306673 0.0542145 0.00608552 0.00794581 0.178937 
0.718739 0.0113319 0.0374438 0.0250808 0.00810342 0.00569126 0.19361 
0.756302 0.0100062 0.0377721 0.0310015 0.00545306 0.00378839 0.155677 
0.780074 0.0120317 0.0357123 0.0298274 0.00527174 0.00447337 0.13261 
0.742167 0.0121217 0.0335079 0.0622365 0.00870562 0.00446137 0.1368 
0.736531 0.0142878 0.0348269 0.0218537 0.00398288 0.00733492 0.181183 
0.715623 0.0144507 0.0365741 0.019563 0.00543411 0.00700307 0.201352 
0.749616 0.0145902 0.0313098 0.0200052 0.0160875 0.00448418 0.163907 
0.802231 0.0126243 0.0289553 0.0259449 0.0109856 0.00406693 0.115192 
0.769698 0.0148386 0.0298744 0.0182125 0.00691515 0.00815526 0.152306 
0.761069 0.0118841 0.0339702 0.0274429 0.00615505 0.0058746 0.153604 
0.806695 0.0116095 0.0294566 0.0381204 0.00948248 0.00479809 0.0998383 
0.833687 0.0113381 0.0256707 0.0494799 0.00931014 0.00414429 0.0663701 
0.789718 0.0133312 0.0339179 0.0564416 0.0105817 0.0025035 0.0935064 
0.777747 0.0122962 0.0372368 0.0399432 0.00584452 0.003913 0.123019 
0.735882 0.0123855 0.0347584 0.0875813 0.0120006 0.00410154 0.113291 
0.665916 0.00977184 0.0435163 0.0866114 0.0155049 0.00642815 0.172251 
0.643696 0.0115147 0.0465862 0.0432386 0.00876707 0.00483956 0.241358 
0.667202 0.0178546 0.037586 0.109684 0.00945628 0.00636671 0.15185 
0.691198 0.0107575 0.0387602 0.100943 0.0158201 0.00451095 0.13801 
0.733316 0.00954244 0.041772 0.0882531 0.00940361 0.00315185 0.114561 
0.639552 0.0105017 0.0465347 0.0714537 0.00525629 0.00402631 0.222676 
0.758499 0.0120391 0.0367225 0.074773 0.00690472 0.00366902 0.107392 
0.746777 0.01149 0.0316254 0.0873239 0.0102718 0.00309371 0.109419 
0.701126 0.00908353 0.0389495 0.0814734 0.0133731 0.00271098 0.153283 
0.792315 0.00961634 0.0356656 0.0447957 0.0100037 0.00336899 0.104235 
0.765849 0.00972518 0.0378749 0.0550761 0.0102436 0.00456134 0.11667 
0.789421 0.00794524 0.0366639 0.0594162 0.0137545 0.0029549 0.0898445 
0.753864 0.0103661 0.0415507 0.0335702 0.00917426 0.00316314 0.148311 
0.786733 0.00758958 0.0392808 0.0559677 0.010482 0.00260596 0.0973407 
0.790588 0.00912665 0.0370031 0.0437448 0.0115495 0.00370168 0.104286 
0.786328 0.00912407 0.0333456 0.0754861 0.0135005 0.00297779 0.0792384 
0.734598 0.00934905 0.0398799 0.0624436 0.011108 0.00300225 0.13962 
0.641184 0.00985456 0.0441184 0.0425752 0.00769612 0.00533092 0.249241 
0.70451 0.0129079 0.0372132 0.018127 0.0121563 0.00533775 0.209748 
0.788333 0.0115353 0.0372153 0.0166011 0.0132316 0.00461926 0.128464 
0.827436 0.0148555 0.0286252 0.0220925 0.0106813 0.00450641 0.0918028 
0.792244 0.0116023 0.0345435 0.0567507 0.00846675 0.00525625 0.0911362 
0.82186 0.0101341 0.029398 0.0507386 0.0176558 0.00422 0.0659932 
0.80972 0.00808373 0.0378906 0.0361513 0.0114717 0.0029898 0.0936925 
0.807862 0.00822587 0.0405893 0.0438859 0.00961312 0.00248186 0.0873419 
0.827341 0.00950652 0.0342794 0.0294308 0.012642 0.00303595 0.0837642 
0.887073 0.0279126 0.0303239 0.0363904 0.0037662 0.00293077 0.0116027 
0.854178 0.0307309 0.0389943 0.0491741 0.00269206 0.00426685 0.0199634 
0.877337 0.0194814 0.0410118 0.0292975 0.0019681 0.00494221 0.0259618 
0.849959 0.0223891 0.0550471 0.0311768 0.0011551 0.00475219 0.0355207 
0.866535 0.0106274 0.0512112 0.0336714 0.00164322 0.00508433 0.0312271 
0.891029 0.0164668 0.0373121 0.0207971 0.00332962 0.00487404 0.0261916 
0.872079 0.0137151 0.0483074 0.0293705 0.00186925 0.00421365 0.0304453 
0.877024 0.0232294 0.0424568 0.0298056 0.002098 0.00461923 0.0207675 
0.885498 0.0204102 0.0397527 0.0210615 0.00272508 0.00414343 0.0264088 
0.891241 0.0210988 0.035919 0.0282694 0.00304075 0.00319114 0.0172397 
0.883731 0.0200146 0.0359915 0.0336863 0.00415811 0.00272493 0.0196937 
0.863781 0.0190584 0.0442751 0.0476733 0.0028083 0.00250611 0.0198975 
0.890597 0.0157422 0.0384845 0.0272981 0.0039253 0.00235088 0.0216026 
0.882288 0.0171993 0.0452792 0.0334942 0.00266414 0.00191643 0.0171589 
0.870124 0.022318 0.0418143 0.035345 0.00284394 0.00297906 0.0245753 
0.862306 0.0194068 0.0460795 0.0265383 0.00293794 0.00245017 0.0402815 
0.861006 0.0172355 0.0481073 0.0151665 0.00157275 0.00423216 0.0526794 
0.869075 0.0216728 0.0336132 0.0197055 0.0058059 0.00583661 0.0442911 
0.870391 0.0197064 0.0360342 0.0187308 0.00316666 0.00327595 0.0486952 
0.865175 0.0184305 0.0389189 0.0335071 0.00424553 0.00283956 0.0368836 
0.828084 0.015593 0.0444743 0.0233503 0.00296555 0.00309297 0.0824399 
0.817923 0.0137249 0.0401992 0.0341145 0.00316431 0.0041692 0.0867046 
0.826744 0.0168697 0.0405026 0.03282 0.00239961 0.00411344 0.0765503 
0.856636 0.014771 0.0356681 0.0154824 0.00395035 0.0048514 0.0686404 
0.827922 0.0196972 0.0359265 0.0172853 0.0032659 0.00390875 0.0919948 
0.880284 0.0150494 0.0291337 0.0208769 0.00481069 0.00481829 0.0450268 
0.875811 0.0188174 0.0330085 0.024196 0.00261224 0.00425422 0.0413002 
0.874643 0.0255238 0.0290563 0.0309269 0.00339949 0.00687949 0.0295712 
0.873026 0.0208059 0.0305163 0.0329962 0.00341782 0.00679178 0.0324465 
0.789718 0.0133312 0.0339179 0.0564416 0.0105817 0.0025035 0.0935064 
0.777747 0.0122962 0.0372368 0.0399432 0.00584452 0.003913 0.123019 
0.735882 0.0123855 0.0347584 0.0875813 0.0120006 0.00410154 0.113291 
0.665916 0.00977184 0.0435163 0.0866114 0.0155049 0.00642815 0.172251 
0.643696 0.0115147 0.0465862 0.0432386 0.00876707 0.00483956 0.241358 
0.667202 0.0178546 0.037586 0.109684 0.00945628 0.00636671 0.15185 
0.691198 0.0107575 0.0387602 0.100943 0.0158201 0.00451095 0.13801 
0.733316 0.00954244 0.041772 0.0882531 0.00940361 0.00315185 0.114561 
0.639552 0.0105017 0.0465347 0.0714537 0.00525629 0.00402631 0.222676 
0.758499 0.0120391 0.0367225 0.074773 0.00690472 0.00366902 0.107392 
0.746777 0.01149 0.0316254 0.0873239 0.0102718 0.00309371 0.109419 
0.701126 0.00908353 0.0389495 0.0814734 0.0133731 0.00271098 0.153283 
0.792315 0.00961634 0.0356656 0.0447957 0.0100037 0.00336899 0.104235 
0.765849 0.00972518 0.0378749 0.0550761 0.0102436 0.00456134 0.11667 
0.789421 0.00794524 0.0366639 0.0594162 0.0137545 0.0029549 0.0898445 
0.753864 0.0103661 0.0415507 0.0335702 0.00917426 0.00316314 0.148311 
0.786733 0.00758958 0.0392808 0.0559677 0.010482 0.00260596 0.0973407 
0.790588 0.00912665 0.0370031 0.0437448 0.0115495 0.00370168 0.104286 
0.786328 0.00912407 0.0333456 0.0754861 0.0135005 0.00297779 0.0792384 
0.734598 0.00934905 0.0398799 0.0624436 0.011108 0.00300225 0.13962 
0.641184 0.00985456 0.0441184 0.0425752 0.00769612 0.00533092 0.249241 
0.70451 0.0129079 0.0372132 0.018127 0.0121563 0.00533775 0.209748 
0.788333 0.0115353 0.0372153 0.0166011 0.0132316 0.00461926 0.128464 
0.827436 0.0148555 0.0286252 0.0220925 0.0106813 0.00450641 0.0918028 
0.792244 0.0116023 0.0345435 0.0567507 0.00846675 0.00525625 0.0911362 
0.82186 0.0101341 0.029398 0.0507386 0.0176558 0.00422 0.0659932 
0.80972 0.00808373 0.0378906 0.0361513 0.0114717 0.0029898 0.0936925 
0.807862 0.00822587 0.0405893 0.0438859 0.00961312 0.00248186 0.0873419 
0.827341 0.00950652 0.0342794 0.0294308 0.012642 0.00303595 0.0837642 
0.870219 0.0163404 0.0270227 0.0592201 0.00462371 0.00234985 0.0202243 
0.881546 0.0196889 0.0241559 0.0451005 0.00624681 0.00263896 0.0206232 
0.881852 0.0144218 0.0268478 0.0447461 0.00677458 0.00237696 0.0229803 
0.888195 0.0106999 0.0351332 0.0305448 0.00278778 0.00270831 0.0299312 
0.8642 0.025975 0.0241379 0.0532743 0.00513218 0.00284239 0.024438 
0.875188 0.0171478 0.0245162 0.0505609 0.00586895 0.00288841 0.0238295 
0.858891 0.0151269 0.0251947 0.0670662 0.00795154 0.00266537 0.0231044 
0.839849 0.0126741 0.0257748 0.0897843 0.00850335 0.00264562 0.0207689 
0.823112 0.0154764 0.0239906 0.0912077 0.0115212 0.00355774 0.0311347 
0.871758 0.0133617 0.0248656 0.061099 0.00652365 0.0022146 0.0201772 
0.793765 0.0195176 0.0175523 0.127199 0.0149897 0.00429715 0.0226788 
0.862475 0.0157446 0.0210152 0.0628843 0.0135165 0.00256145 0.0218033 
0.778623 0.0187892 0.0202632 0.159657 0.00669946 0.00228043 0.0136875 
0.83743 0.0125423 0.027287 0.0954271 0.00621555 0.00199797 0.0190996 
