0.872803 0.0231775 0.0283785 0.0273548 0.00381526 0.00361483 0.0408563 
0.850553 0.0283194 0.0296389 0.024271 0.00496618 0.00495287 0.0572983 
0.844546 0.0248955 0.0309631 0.0226405 0.00561846 0.00570301 0.0656337 
0.881143 0.0194823 0.02558 0.0293466 0.00806551 0.00516881 0.0312134 
0.86038 0.0173044 0.0330777 0.0277199 0.00626196 0.00319613 0.0520597 
0.854714 0.0161519 0.0356339 0.0168635 0.00583536 0.00298886 0.0678124 
0.870223 0.014809 0.0334028 0.0150259 0.00471422 0.00502839 0.0567969 
0.838252 0.016985 0.0330045 0.0178488 0.00488634 0.00568252 0.0833411 
0.859965 0.0220996 0.0262902 0.0256347 0.00382982 0.00485906 0.0573218 
0.849672 0.0141535 0.0322849 0.017368 0.00742956 0.00593589 0.0731563 
0.847917 0.0127854 0.038913 0.020178 0.00340554 0.00542185 0.0713786 
0.870613 0.0165065 0.0355934 0.017974 0.00474065 0.00381467 0.0507579 
0.885531 0.017266 0.0434096 0.011382 0.00192537 0.00418495 0.0363012 
0.874717 0.0247994 0.0317971 0.0115435 0.00270069 0.00595353 0.0484885 
0.872631 0.0171699 0.0357884 0.0149984 0.00605098 0.00548666 0.0478749 
0.898094 0.0160604 0.029229 0.0226771 0.00347963 0.00451804 0.0259415 
0.882006 0.019287 0.0333571 0.0229444 0.00394454 0.00490494 0.0335561 
0.886499 0.0176852 0.0346026 0.0212258 0.00324902 0.00365117 0.0330875 
0.880217 0.0213447 0.0263346 0.0358233 0.0060196 0.00231585 0.0279449 
0.875426 0.0165772 0.0337164 0.0120144 0.0033458 0.00349972 0.05542 
0.878335 0.0161294 0.032654 0.0164252 0.00459352 0.00292785 0.048935 
0.884279 0.0140531 0.0284114 0.0148014 0.00575252 0.00339338 0.0493094 
0.878902 0.0146735 0.0431245 0.00953726 0.00175171 0.00391844 0.048093 
0.888706 0.0144776 0.0387014 0.00970848 0.00299672 0.00315003 0.0422593 
0.892296 0.0205282 0.0302292 0.0103626 0.00342679 0.00324679 0.0399104 
0.870525 0.0144244 0.0312727 0.0192749 0.00464172 0.00459087 0.0552708 
0.8945 0.0174286 0.02762 0.0158375 0.00400789 0.0055848 0.0350216 
0.85374 0.0173758 0.0362128 0.0161986 0.002481 0.00451472 0.0694774 
0.888025 0.0200122 0.036443 0.014137 0.00309921 0.00352765 0.0347565 
0.739322 0.00912003 0.0319011 0.0638169 0.0200648 0.00384284 0.131932 
0.717355 0.00923195 0.0366802 0.0423389 0.0200377 0.00486895 0.169488 
0.761307 0.00992623 0.0328715 0.0500475 0.00867049 0.00367845 0.133499 
0.751375 0.00872385 0.0313918 0.0650623 0.0232088 0.00349545 0.116743 
0.694032 0.00944524 0.0395036 0.0370234 0.0225403 0.00580873 0.191647 
0.73178 0.00836156 0.0401918 0.0354345 0.0151571 0.00486041 0.164214 
0.776531 0.00809882 0.0333315 0.0654119 0.0132708 0.00351351 0.0998423 
0.737872 0.0093346 0.0381709 0.03547 0.0125457 0.00624396 0.160363 
0.74035 0.0084979 0.041121 0.0457332 0.00745775 0.00376297 0.153077 
0.681628 0.0100117 0.039017 0.0522987 0.0136412 0.00560815 0.197796 
0.692802 0.0103888 0.0375003 0.0657822 0.0112721 0.00405037 0.178204 
0.723094 0.0105026 0.0382638 0.0783092 0.00724825 0.00519102 0.137391 
0.710128 0.0121981 0.0410914 0.0636435 0.00518955 0.00471978 0.16303 
0.766307 0.00986761 0.0366043 0.0376254 0.00852348 0.00298952 0.138083 
0.76235 0.0089993 0.0393774 0.0463491 0.0101545 0.00386719 0.128903 
0.673381 0.00970926 0.0451641 0.044852 0.00864579 0.00493348 0.213314 
0.752585 0.0066226 0.04305 0.0777916 0.00846145 0.00254758 0.108942 
0.717029 0.00943713 0.0364946 0.0686945 0.0168642 0.00425689 0.147224 
0.76049 0.00944991 0.0377022 0.0422202 0.00883662 0.00248023 0.138821 
0.686496 0.0080173 0.0417286 0.0801841 0.0109756 0.00373623 0.168862 
0.711714 0.0089699 0.0373893 0.0448344 0.0168221 0.00264762 0.177623 
0.756231 0.0123355 0.0307531 0.0556036 0.00959357 0.00432586 0.131158 
0.552723 0.0155667 0.041879 0.00679635 0.00864381 0.0169359 0.357455 
0.561613 0.013576 0.0473077 0.00576323 0.0060189 0.0112862 0.354435 
0.652291 0.0108831 0.0526848 0.00994957 0.00839789 0.00447175 0.261322 
0.651157 0.0168588 0.0472651 0.0061954 0.00509242 0.00474681 0.268685 
0.758138 0.025604 0.0412394 0.0108743 0.00623867 0.0040468 0.153859 
0.804131 0.0203074 0.0303198 0.0296104 0.0140522 0.00316586 0.0984135 
0.739322 0.00912003 0.0319011 0.0638169 0.0200648 0.00384284 0.131932 
0.717355 0.00923195 0.0366802 0.0423389 0.0200377 0.00486895 0.169488 
0.761307 0.00992623 0.0328715 0.0500475 0.00867049 0.00367845 0.133499 
0.751375 0.00872385 0.0313918 0.0650623 0.0232088 0.00349545 0.116743 
0.694032 0.00944524 0.0395036 0.0370234 0.0225403 0.00580873 0.191647 
0.73178 0.00836156 0.0401918 0.0354345 0.0151571 0.00486041 0.164214 
0.776531 0.00809882 0.0333315 0.0654119 0.0132708 0.00351351 0.0998423 
0.737872 0.0093346 0.0381709 0.03547 0.0125457 0.00624396 0.160363 
0.74035 0.0084979 0.041121 0.0457332 0.00745775 0.00376297 0.153077 
0.681628 0.0100117 0.039017 0.0522987 0.0136412 0.00560815 0.197796 
0.692802 0.0103888 0.0375003 0.0657822 0.0112721 0.00405037 0.178204 
0.723094 0.0105026 0.0382638 0.0783092 0.00724825 0.00519102 0.137391 
0.710128 0.0121981 0.0410914 0.0636435 0.00518955 0.00471978 0.16303 
0.766307 0.00986761 0.0366043 0.0376254 0.00852348 0.00298952 0.138083 
0.76235 0.0089993 0.0393774 0.0463491 0.0101545 0.00386719 0.128903 
0.673381 0.00970926 0.0451641 0.044852 0.00864579 0.00493348 0.213314 
0.752585 0.0066226 0.04305 0.0777916 0.00846145 0.00254758 0.108942 
0.717029 0.00943713 0.0364946 0.0686945 0.0168642 0.00425689 0.147224 
0.76049 0.00944991 0.0377022 0.0422202 0.00883662 0.00248023 0.138821 
0.686496 0.0080173 0.0417286 0.0801841 0.0109756 0.00373623 0.168862 
0.711714 0.0089699 0.0373893 0.0448344 0.0168221 0.00264762 0.177623 
0.756231 0.0123355 0.0307531 0.0556036 0.00959357 0.00432586 0.131158 
0.552723 0.0155667 0.041879 0.00679635 0.00864381 0.0169359 0.357455 
0.561613 0.013576 0.0473077 0.00576323 0.0060189 0.0112862 0.354435 
0.652291 0.0108831 0.0526848 0.00994957 0.00839789 0.00447175 0.261322 
0.651157 0.0168588 0.0472651 0.0061954 0.00509242 0.00474681 0.268685 
0.758138 0.025604 0.0412394 0.0108743 0.00623867 0.0040468 0.153859 
0.804131 0.0203074 0.0303198 0.0296104 0.0140522 0.00316586 0.0984135 
0.797855 0.0115652 0.0257614 0.0478354 0.0144017 0.00385197 0.0987293 
0.831088 0.00838174 0.0298734 0.0575958 0.0107581 0.00242113 0.059882 
0.836906 0.00983019 0.0311778 0.0660045 0.00800186 0.0024904 0.0455896 
0.835668 0.0110276 0.030953 0.0369985 0.00732231 0.00344637 0.0745838 
0.833788 0.010634 0.0278319 0.0892928 0.00503031 0.00289179 0.0305311 
0.849269 0.0102344 0.0328925 0.0293201 0.00291298 0.00428683 0.071084 
0.862683 0.0158795 0.0231849 0.0329809 0.00509399 0.00518146 0.054996 
0.838573 0.0155628 0.0241685 0.0227696 0.00674094 0.00827839 0.0839068 
0.852107 0.0120892 0.022756 0.0483748 0.00980169 0.00620569 0.048666 
0.841973 0.0118639 0.0284081 0.0329457 0.00769881 0.00549634 0.0716145 
0.834756 0.0122891 0.0280803 0.0520937 0.0068909 0.0051771 0.0607131 
0.825655 0.0136403 0.0257791 0.0517055 0.00877856 0.00572429 0.0687175 
0.850416 0.0131219 0.023593 0.0462537 0.00737602 0.00515614 0.0540833 
0.853395 0.0124991 0.0250136 0.0431083 0.00705158 0.00401135 0.0549206 
0.739322 0.00912003 0.0319011 0.0638169 0.0200648 0.00384284 0.131932 
0.717355 0.00923195 0.0366802 0.0423389 0.0200377 0.00486895 0.169488 
0.761307 0.00992623 0.0328715 0.0500475 0.00867049 0.00367845 0.133499 
0.751375 0.00872385 0.0313918 0.0650623 0.0232088 0.00349545 0.116743 
0.694032 0.00944524 0.0395036 0.0370234 0.0225403 0.00580873 0.191647 
0.73178 0.00836156 0.0401918 0.0354345 0.0151571 0.00486041 0.164214 
0.776531 0.00809882 0.0333315 0.0654119 0.0132708 0.00351351 0.0998423 
0.737872 0.0093346 0.0381709 0.03547 0.0125457 0.00624396 0.160363 
0.74035 0.0084979 0.041121 0.0457332 0.00745775 0.00376297 0.153077 
0.681628 0.0100117 0.039017 0.0522987 0.0136412 0.00560815 0.197796 
0.692802 0.0103888 0.0375003 0.0657822 0.0112721 0.00405037 0.178204 
0.723094 0.0105026 0.0382638 0.0783092 0.00724825 0.00519102 0.137391 
0.710128 0.0121981 0.0410914 0.0636435 0.00518955 0.00471978 0.16303 
0.766307 0.00986761 0.0366043 0.0376254 0.00852348 0.00298952 0.138083 
0.76235 0.0089993 0.0393774 0.0463491 0.0101545 0.00386719 0.128903 
0.673381 0.00970926 0.0451641 0.044852 0.00864579 0.00493348 0.213314 
0.752585 0.0066226 0.04305 0.0777916 0.00846145 0.00254758 0.108942 
0.717029 0.00943713 0.0364946 0.0686945 0.0168642 0.00425689 0.147224 
0.76049 0.00944991 0.0377022 0.0422202 0.00883662 0.00248023 0.138821 
0.686496 0.0080173 0.0417286 0.0801841 0.0109756 0.00373623 0.168862 
0.711714 0.0089699 0.0373893 0.0448344 0.0168221 0.00264762 0.177623 
0.756231 0.0123355 0.0307531 0.0556036 0.00959357 0.00432586 0.131158 
0.552723 0.0155667 0.041879 0.00679635 0.00864381 0.0169359 0.357455 
0.561613 0.013576 0.0473077 0.00576323 0.0060189 0.0112862 0.354435 
0.652291 0.0108831 0.0526848 0.00994957 0.00839789 0.00447175 0.261322 
0.651157 0.0168588 0.0472651 0.0061954 0.00509242 0.00474681 0.268685 
0.758138 0.025604 0.0412394 0.0108743 0.00623867 0.0040468 0.153859 
0.804131 0.0203074 0.0303198 0.0296104 0.0140522 0.00316586 0.0984135 
0.695009 0.0182901 0.0311984 0.0135666 0.0226587 0.00933462 0.209943 
0.756174 0.0109251 0.0317304 0.020362 0.011219 0.00620855 0.163381 
0.708574 0.0143818 0.0320738 0.0182991 0.0105966 0.00628024 0.209794 
0.785436 0.0140078 0.0299124 0.0201409 0.00738986 0.00649235 0.136621 
0.748327 0.0121012 0.0366227 0.0140807 0.00306977 0.00984625 0.175952 
0.773678 0.0117624 0.0339493 0.0444012 0.00507972 0.00645537 0.124674 
0.810282 0.0184877 0.026574 0.0582389 0.00625438 0.00511437 0.075049 
0.813618 0.0106581 0.0282995 0.0529139 0.00971219 0.00507145 0.0797265 
0.787754 0.00752042 0.0340304 0.0743344 0.0116429 0.00398001 0.0807376 
0.79751 0.0115971 0.028142 0.0707346 0.0104772 0.00371141 0.0778275 
0.755268 0.0113478 0.0334628 0.0328898 0.00773737 0.00457808 0.154716 
0.716877 0.0108677 0.027309 0.0990293 0.0124475 0.00451099 0.128959 
0.777621 0.00748047 0.0338466 0.0572515 0.0120293 0.0038451 0.107927 
0.80644 0.00949159 0.0319884 0.0492807 0.00885215 0.00361816 0.0903291 
0.739322 0.00912003 0.0319011 0.0638169 0.0200648 0.00384284 0.131932 
0.717355 0.00923195 0.0366802 0.0423389 0.0200377 0.00486895 0.169488 
0.761307 0.00992623 0.0328715 0.0500475 0.00867049 0.00367845 0.133499 
0.751375 0.00872385 0.0313918 0.0650623 0.0232088 0.00349545 0.116743 
0.694032 0.00944524 0.0395036 0.0370234 0.0225403 0.00580873 0.191647 
0.73178 0.00836156 0.0401918 0.0354345 0.0151571 0.00486041 0.164214 
0.776531 0.00809882 0.0333315 0.0654119 0.0132708 0.00351351 0.0998423 
0.737872 0.0093346 0.0381709 0.03547 0.0125457 0.00624396 0.160363 
0.74035 0.0084979 0.041121 0.0457332 0.00745775 0.00376297 0.153077 
0.681628 0.0100117 0.039017 0.0522987 0.0136412 0.00560815 0.197796 
0.692802 0.0103888 0.0375003 0.0657822 0.0112721 0.00405037 0.178204 
0.723094 0.0105026 0.0382638 0.0783092 0.00724825 0.00519102 0.137391 
0.710128 0.0121981 0.0410914 0.0636435 0.00518955 0.00471978 0.16303 
0.766307 0.00986761 0.0366043 0.0376254 0.00852348 0.00298952 0.138083 
0.76235 0.0089993 0.0393774 0.0463491 0.0101545 0.00386719 0.128903 
0.673381 0.00970926 0.0451641 0.044852 0.00864579 0.00493348 0.213314 
0.752585 0.0066226 0.04305 0.0777916 0.00846145 0.00254758 0.108942 
0.717029 0.00943713 0.0364946 0.0686945 0.0168642 0.00425689 0.147224 
0.76049 0.00944991 0.0377022 0.0422202 0.00883662 0.00248023 0.138821 
0.686496 0.0080173 0.0417286 0.0801841 0.0109756 0.00373623 0.168862 
0.711714 0.0089699 0.0373893 0.0448344 0.0168221 0.00264762 0.177623 
0.756231 0.0123355 0.0307531 0.0556036 0.00959357 0.00432586 0.131158 
0.552723 0.0155667 0.041879 0.00679635 0.00864381 0.0169359 0.357455 
0.561613 0.013576 0.0473077 0.00576323 0.0060189 0.0112862 0.354435 
0.652291 0.0108831 0.0526848 0.00994957 0.00839789 0.00447175 0.261322 
0.651157 0.0168588 0.0472651 0.0061954 0.00509242 0.00474681 0.268685 
0.758138 0.025604 0.0412394 0.0108743 0.00623867 0.0040468 0.153859 
0.804131 0.0203074 0.0303198 0.0296104 0.0140522 0.00316586 0.0984135 
0.862714 0.0160448 0.0224577 0.0673924 0.00787027 0.00251365 0.0210075 
0.818959 0.0162153 0.0224361 0.109226 0.00545682 0.00334708 0.0243599 
0.793454 0.0165047 0.0302144 0.125715 0.00405327 0.00214826 0.0279097 
0.795935 0.0243409 0.0196197 0.124898 0.00783729 0.00480881 0.0225603 
0.867932 0.0167246 0.0245344 0.0690296 0.00321586 0.00261412 0.0159492 
0.833271 0.0231373 0.0173731 0.0889956 0.0116983 0.00490716 0.0206174 
0.849144 0.0161322 0.0185616 0.0875675 0.01132 0.00315795 0.0141168 
0.873653 0.0289533 0.0166151 0.0406534 0.0159838 0.00309505 0.0210463 
0.857112 0.0174732 0.024241 0.0684187 0.00698702 0.00312066 0.0226477 
0.882732 0.0178679 0.0272765 0.0427441 0.00424459 0.00287319 0.0222622 
0.884644 0.0191698 0.0227604 0.041728 0.00965952 0.0023238 0.0197144 
0.904319 0.0140711 0.0283909 0.0230793 0.00446093 0.00221873 0.0234597 
0.870162 0.0156233 0.0322086 0.0460525 0.00295789 0.00348502 0.0295107 
0.891359 0.0198738 0.0265574 0.0313732 0.00537073 0.00272975 0.0227361 
0.881599 0.0132253 0.0261266 0.0505384 0.00580241 0.00257454 0.0201341 
