0.877083 0.0181419 0.0267708 0.0168754 0.00994512 0.00441665 0.0467667 
0.867594 0.0170657 0.0261453 0.0352747 0.0152481 0.00365903 0.0350133 
0.855857 0.0134643 0.031463 0.0341855 0.00833623 0.00460047 0.0520935 
0.870523 0.0187654 0.0303662 0.0146244 0.00852778 0.00459621 0.0525971 
0.852279 0.0155596 0.0315977 0.0173861 0.00671461 0.00479929 0.0716637 
0.880237 0.0161478 0.0243991 0.0287957 0.0131859 0.00250714 0.0347277 
0.852403 0.0139588 0.0361517 0.0275014 0.00571019 0.00218395 0.0620909 
0.861954 0.00867015 0.0358056 0.0267153 0.00959501 0.00222857 0.055031 
0.882557 0.0131649 0.0256779 0.0318378 0.0143543 0.00191803 0.0304903 
0.88362 0.013798 0.0281336 0.0353676 0.00938165 0.00169058 0.0280086 
0.832633 0.0100395 0.0446957 0.0211818 0.00820807 0.00193512 0.0813072 
0.886602 0.0105194 0.0371657 0.0262616 0.00728469 0.00192572 0.0302409 
0.873244 0.00894112 0.0381671 0.0415023 0.00623643 0.00172099 0.0301882 
0.871817 0.0101471 0.0369627 0.0315325 0.00574163 0.00262504 0.041174 
0.871829 0.0120738 0.03516 0.031258 0.0050417 0.00217746 0.0424595 
0.834919 0.0145019 0.0354246 0.0182162 0.00468171 0.00400046 0.0882562 
0.834449 0.0148719 0.0348075 0.0204007 0.00692803 0.00285333 0.0856893 
0.847155 0.0096177 0.0314316 0.0318347 0.0114964 0.00284349 0.0656208 
0.801432 0.00985857 0.0348518 0.0359285 0.0214867 0.00455879 0.0918834 
0.781864 0.0135544 0.0406327 0.011842 0.00831821 0.00309834 0.14069 
0.857784 0.01188 0.0421166 0.0257411 0.00533831 0.00227047 0.0548692 
0.847045 0.0126126 0.0328301 0.0387704 0.00842608 0.00251122 0.0578049 
0.833616 0.00945752 0.0343467 0.058686 0.0147254 0.00226186 0.0469064 
0.855099 0.0110119 0.0364083 0.0452787 0.00967119 0.00172963 0.0408007 
0.869021 0.0130361 0.0272232 0.0386086 0.0144803 0.00193813 0.0356926 
0.85396 0.013163 0.0336016 0.0233051 0.0113588 0.00235246 0.0622593 
0.868618 0.0149773 0.0278073 0.0215512 0.0156561 0.00360765 0.047782 
0.866984 0.0100241 0.0336456 0.0393517 0.0101501 0.00229346 0.0375509 
0.783889 0.00808597 0.0437728 0.0365128 0.0120536 0.00363787 0.112048 
0.759155 0.00862886 0.0428843 0.0691594 0.0103267 0.00271873 0.107127 
0.78835 0.0109234 0.0250388 0.0882908 0.0219808 0.00369158 0.0617244 
0.782769 0.0136246 0.0306521 0.0289629 0.0277656 0.00639924 0.109826 
0.813441 0.0138685 0.0328527 0.0412296 0.00850234 0.00502191 0.0850838 
0.756076 0.0118167 0.0431862 0.035023 0.0113211 0.00484802 0.137729 
0.739409 0.0140579 0.0395589 0.0403619 0.0140169 0.00406071 0.148534 
0.745413 0.0139158 0.0388887 0.06806 0.00890216 0.00374242 0.121078 
0.715434 0.0110543 0.0401944 0.0656871 0.00946696 0.00489758 0.153266 
0.767319 0.00966307 0.043315 0.0378728 0.0110207 0.00485296 0.125957 
0.762346 0.0125968 0.0368139 0.050987 0.0116029 0.00600277 0.11965 
0.70793 0.0127617 0.0402839 0.089592 0.00706435 0.0054996 0.136868 
0.715662 0.0138607 0.035059 0.0569368 0.0141869 0.00691915 0.157376 
0.69576 0.0139238 0.0357906 0.0375358 0.012614 0.00634589 0.19803 
0.716528 0.0131043 0.0405234 0.0323287 0.0137735 0.00448925 0.179253 
0.733873 0.0129866 0.0336233 0.0582033 0.0120263 0.0054583 0.14383 
0.74495 0.0118845 0.0363643 0.0541088 0.0120298 0.00375236 0.136911 
0.796909 0.0193356 0.0324915 0.0431472 0.0146972 0.00510006 0.0883192 
0.671124 0.0119509 0.0475419 0.0454555 0.00649599 0.00516785 0.212263 
0.630018 0.010727 0.0447382 0.0864223 0.0139568 0.00541709 0.208721 
0.731344 0.0114779 0.0397657 0.0453829 0.00712971 0.00418862 0.160711 
0.764307 0.0130782 0.0299845 0.0526285 0.0140998 0.00505485 0.120848 
0.71952 0.0136105 0.0327915 0.116358 0.0132221 0.00453936 0.0999591 
0.734452 0.0112029 0.0343227 0.0738512 0.0133467 0.00383978 0.128984 
0.681824 0.00904241 0.0359227 0.0961298 0.020688 0.00406452 0.152329 
0.694389 0.0130206 0.0283305 0.154409 0.0141988 0.00664059 0.0890119 
0.701231 0.0164089 0.0269316 0.162848 0.0120081 0.00475111 0.0758212 
0.786786 0.0150167 0.0267975 0.0767532 0.0106915 0.00430932 0.0796454 
0.783889 0.00808597 0.0437728 0.0365128 0.0120536 0.00363787 0.112048 
0.759155 0.00862886 0.0428843 0.0691594 0.0103267 0.00271873 0.107127 
0.78835 0.0109234 0.0250388 0.0882908 0.0219808 0.00369158 0.0617244 
0.782769 0.0136246 0.0306521 0.0289629 0.0277656 0.00639924 0.109826 
0.813441 0.0138685 0.0328527 0.0412296 0.00850234 0.00502191 0.0850838 
0.756076 0.0118167 0.0431862 0.035023 0.0113211 0.00484802 0.137729 
0.739409 0.0140579 0.0395589 0.0403619 0.0140169 0.00406071 0.148534 
0.745413 0.0139158 0.0388887 0.06806 0.00890216 0.00374242 0.121078 
0.715434 0.0110543 0.0401944 0.0656871 0.00946696 0.00489758 0.153266 
0.767319 0.00966307 0.043315 0.0378728 0.0110207 0.00485296 0.125957 
0.762346 0.0125968 0.0368139 0.050987 0.0116029 0.00600277 0.11965 
0.70793 0.0127617 0.0402839 0.089592 0.00706435 0.0054996 0.136868 
0.715662 0.0138607 0.035059 0.0569368 0.0141869 0.00691915 0.157376 
0.69576 0.0139238 0.0357906 0.0375358 0.012614 0.00634589 0.19803 
0.716528 0.0131043 0.0405234 0.0323287 0.0137735 0.00448925 0.179253 
0.733873 0.0129866 0.0336233 0.0582033 0.0120263 0.0054583 0.14383 
0.74495 0.0118845 0.0363643 0.0541088 0.0120298 0.00375236 0.136911 
0.796909 0.0193356 0.0324915 0.0431472 0.0146972 0.00510006 0.0883192 
0.671124 0.0119509 0.0475419 0.0454555 0.00649599 0.00516785 0.212263 
0.630018 0.010727 0.0447382 0.0864223 0.0139568 0.00541709 0.208721 
0.731344 0.0114779 0.0397657 0.0453829 0.00712971 0.00418862 0.160711 
0.764307 0.0130782 0.0299845 0.0526285 0.0140998 0.00505485 0.120848 
0.71952 0.0136105 0.0327915 0.116358 0.0132221 0.00453936 0.0999591 
0.734452 0.0112029 0.0343227 0.0738512 0.0133467 0.00383978 0.128984 
0.681824 0.00904241 0.0359227 0.0961298 0.020688 0.00406452 0.152329 
0.694389 0.0130206 0.0283305 0.154409 0.0141988 0.00664059 0.0890119 
0.701231 0.0164089 0.0269316 0.162848 0.0120081 0.00475111 0.0758212 
0.786786 0.0150167 0.0267975 0.0767532 0.0106915 0.00430932 0.0796454 
0.882822 0.013655 0.0232582 0.0264139 0.00488461 0.00543171 0.0435348 
0.845192 0.0156888 0.0248272 0.0166617 0.00534858 0.0093995 0.0828824 
0.837983 0.0219193 0.0226191 0.0104514 0.00604141 0.0130273 0.0879584 
0.84657 0.0192174 0.0204525 0.0173345 0.00625816 0.00998667 0.0801812 
0.756472 0.0140908 0.0296641 0.0106776 0.00726805 0.00886427 0.172963 
0.814663 0.0153723 0.0279333 0.0226977 0.00525252 0.00655642 0.107525 
0.799152 0.0121114 0.0292029 0.020433 0.00823271 0.00648445 0.124383 
0.797875 0.0217166 0.0301063 0.00609351 0.0112665 0.00943069 0.123512 
0.851009 0.027511 0.0215451 0.00905904 0.0143293 0.00743092 0.0691161 
0.873098 0.019497 0.0221357 0.0180666 0.010443 0.0048453 0.0519144 
0.848854 0.0122496 0.0292484 0.0291083 0.00690675 0.00389944 0.0697335 
0.862074 0.0162619 0.0222639 0.041629 0.00756095 0.00283166 0.0473787 
0.844618 0.0136246 0.0229986 0.0336808 0.0125645 0.00480793 0.0677056 
0.830212 0.0136553 0.0240323 0.0342733 0.0113394 0.0042614 0.0822262 
0.792173 0.0155926 0.027269 0.0311591 0.0120364 0.00413304 0.117637 
0.801291 0.0163854 0.0265004 0.0414557 0.00729276 0.00422393 0.10285 
0.83139 0.0152736 0.02465 0.0255346 0.0140929 0.00531459 0.083744 
0.842409 0.0134467 0.0251402 0.0358754 0.00568714 0.00453357 0.0729076 
0.873739 0.0139229 0.0195838 0.0409893 0.00670615 0.00513259 0.0399265 
0.892083 0.0135104 0.025661 0.0313672 0.00251702 0.00564172 0.0292197 
0.886261 0.02002 0.0183102 0.0284734 0.00539555 0.00567864 0.0358616 
0.801286 0.0164801 0.0242037 0.0436181 0.00959937 0.00795276 0.0968594 
0.810211 0.0133648 0.0269807 0.0353277 0.0089064 0.00454513 0.100665 
0.781668 0.0137939 0.0317793 0.0482163 0.00435485 0.00335692 0.116831 
0.820919 0.0187789 0.0229849 0.0665272 0.00595583 0.00377818 0.0610562 
0.813748 0.011678 0.0276403 0.0543938 0.0077364 0.0039424 0.0808613 
0.811089 0.00958209 0.0300602 0.0569611 0.0092748 0.00258742 0.0804451 
0.856701 0.0112296 0.0238829 0.0429651 0.00857119 0.00315718 0.0534933 
0.783889 0.00808597 0.0437728 0.0365128 0.0120536 0.00363787 0.112048 
0.759155 0.00862886 0.0428843 0.0691594 0.0103267 0.00271873 0.107127 
0.78835 0.0109234 0.0250388 0.0882908 0.0219808 0.00369158 0.0617244 
0.782769 0.0136246 0.0306521 0.0289629 0.0277656 0.00639924 0.109826 
0.813441 0.0138685 0.0328527 0.0412296 0.00850234 0.00502191 0.0850838 
0.756076 0.0118167 0.0431862 0.035023 0.0113211 0.00484802 0.137729 
0.739409 0.0140579 0.0395589 0.0403619 0.0140169 0.00406071 0.148534 
0.745413 0.0139158 0.0388887 0.06806 0.00890216 0.00374242 0.121078 
0.715434 0.0110543 0.0401944 0.0656871 0.00946696 0.00489758 0.153266 
0.767319 0.00966307 0.043315 0.0378728 0.0110207 0.00485296 0.125957 
0.762346 0.0125968 0.0368139 0.050987 0.0116029 0.00600277 0.11965 
0.70793 0.0127617 0.0402839 0.089592 0.00706435 0.0054996 0.136868 
0.715662 0.0138607 0.035059 0.0569368 0.0141869 0.00691915 0.157376 
0.69576 0.0139238 0.0357906 0.0375358 0.012614 0.00634589 0.19803 
0.716528 0.0131043 0.0405234 0.0323287 0.0137735 0.00448925 0.179253 
0.733873 0.0129866 0.0336233 0.0582033 0.0120263 0.0054583 0.14383 
0.74495 0.0118845 0.0363643 0.0541088 0.0120298 0.00375236 0.136911 
0.796909 0.0193356 0.0324915 0.0431472 0.0146972 0.00510006 0.0883192 
0.671124 0.0119509 0.0475419 0.0454555 0.00649599 0.00516785 0.212263 
0.630018 0.010727 0.0447382 0.0864223 0.0139568 0.00541709 0.208721 
0.731344 0.0114779 0.0397657 0.0453829 0.00712971 0.00418862 0.160711 
0.764307 0.0130782 0.0299845 0.0526285 0.0140998 0.00505485 0.120848 
0.71952 0.0136105 0.0327915 0.116358 0.0132221 0.00453936 0.0999591 
0.734452 0.0112029 0.0343227 0.0738512 0.0133467 0.00383978 0.128984 
0.681824 0.00904241 0.0359227 0.0961298 0.020688 0.00406452 0.152329 
0.694389 0.0130206 0.0283305 0.154409 0.0141988 0.00664059 0.0890119 
0.701231 0.0164089 0.0269316 0.162848 0.0120081 0.00475111 0.0758212 
0.786786 0.0150167 0.0267975 0.0767532 0.0106915 0.00430932 0.0796454 
0.894572 0.0295364 0.027138 0.0176285 0.00449333 0.00721115 0.0194206 
0.88515 0.0326521 0.0234168 0.0231186 0.0101616 0.00651641 0.0189842 
0.884313 0.0350707 0.0265982 0.016586 0.00561641 0.00736403 0.0244519 
0.88121 0.0327445 0.0250456 0.0233244 0.00724915 0.0072044 0.023222 
0.874678 0.0274897 0.0288022 0.0115387 0.010771 0.00798437 0.0387355 
0.885232 0.0302979 0.0298572 0.0143226 0.00492566 0.00626788 0.029097 
0.871083 0.0261579 0.0306991 0.0139318 0.00567178 0.00536544 0.0470904 
0.875552 0.0259961 0.0299008 0.0180769 0.00623937 0.00670362 0.0375311 
0.863604 0.022706 0.0348237 0.0129158 0.0088326 0.00525073 0.0518674 
0.84232 0.0254601 0.033801 0.0160775 0.0189052 0.00676423 0.0566718 
0.870022 0.030671 0.0247676 0.0263022 0.00884386 0.00702351 0.0323698 
0.873458 0.0290934 0.0289672 0.0214912 0.00899021 0.00595538 0.0320446 
0.861746 0.0300255 0.0266069 0.0211947 0.0203583 0.00730759 0.0327608 
0.869859 0.0269457 0.0302104 0.0210356 0.010938 0.00370698 0.0373049 
0.858229 0.0214696 0.0300631 0.0229398 0.00973645 0.00671794 0.0508438 
0.871702 0.0253634 0.0345236 0.0146692 0.00680569 0.00632402 0.0406124 
0.882472 0.0236904 0.029253 0.0265421 0.00696321 0.00597102 0.0251086 
0.879732 0.0270375 0.0279899 0.0292405 0.0109815 0.00388585 0.0211324 
0.886265 0.0288427 0.0284476 0.0238612 0.00711484 0.00471152 0.0207569 
0.89286 0.0280763 0.0273779 0.0132889 0.00478743 0.00793372 0.0256756 
0.876303 0.0424285 0.0228923 0.0105368 0.00946524 0.0115249 0.0268494 
0.89134 0.0351412 0.0236262 0.0131498 0.0109047 0.00657212 0.0192654 
0.875594 0.0422457 0.0256109 0.0160994 0.0111741 0.00659479 0.022681 
0.857347 0.0536026 0.0255239 0.0210444 0.00687029 0.00848313 0.0271288 
0.864403 0.0401019 0.0260751 0.0162206 0.0137761 0.0103043 0.0291186 
0.880591 0.0369784 0.0265201 0.0177661 0.00712315 0.0076549 0.0233668 
0.887249 0.0238807 0.0299437 0.0277097 0.00598115 0.00547394 0.0197622 
0.876581 0.0272996 0.030624 0.025457 0.00526834 0.00767642 0.0270939 
0.874662 0.0334809 0.0230521 0.0335984 0.00680481 0.0075218 0.0208795 
0.868266 0.0418077 0.0285777 0.0207781 0.00442193 0.00998203 0.0261664 
0.876829 0.0409739 0.0234926 0.0261646 0.00831977 0.0066893 0.0175305 
0.880778 0.0330954 0.0264528 0.0268173 0.00504867 0.00709481 0.0207134 
0.892803 0.0266714 0.0275592 0.0194571 0.00574999 0.00719166 0.0205673 
0.894631 0.0205626 0.0238447 0.0305336 0.0082374 0.00495991 0.0172309 
0.884859 0.0186353 0.029822 0.0284225 0.00557969 0.00371039 0.0289712 
0.879145 0.0186163 0.0334341 0.0195647 0.00759273 0.00419116 0.0374557 
0.868824 0.0244606 0.034165 0.0228142 0.00470207 0.00648542 0.0385492 
0.873748 0.0210405 0.0340879 0.0158015 0.00974674 0.00645308 0.0391221 
0.855642 0.0267966 0.0308984 0.0120613 0.0120878 0.0102406 0.0522732 
0.863071 0.0260226 0.0304077 0.00889147 0.0105103 0.00999366 0.0511033 
0.863368 0.0238688 0.0293642 0.00902436 0.0122562 0.00843351 0.0536853 
0.870148 0.0338895 0.0294176 0.0135528 0.00559339 0.00823831 0.0391599 
0.873211 0.0394473 0.0249323 0.0138258 0.0108906 0.00581873 0.0318738 
0.907463 0.0129973 0.0323253 0.013186 0.0044218 0.00317455 0.0264322 
0.903794 0.0247455 0.0228843 0.0109517 0.00500886 0.00631768 0.0262984 
0.899089 0.0202377 0.0284749 0.00927642 0.00589548 0.00634991 0.0306762 
0.913832 0.0203909 0.0243387 0.0144924 0.0040379 0.00544546 0.0174628 
0.904391 0.0160466 0.0289688 0.0269497 0.00313431 0.00455502 0.0159543 
0.889122 0.0185041 0.0234239 0.0481243 0.0060636 0.00317604 0.0115859 
0.899825 0.0189441 0.028266 0.0137329 0.00535841 0.00386514 0.0300083 
0.900101 0.0226374 0.0211562 0.0287898 0.00771018 0.00405489 0.0155508 
0.904738 0.0213788 0.0215903 0.0250699 0.00676418 0.00544845 0.0150102 
0.892694 0.0175945 0.0266532 0.0440808 0.0040848 0.00312575 0.0117669 
0.892128 0.0198077 0.0246473 0.0373013 0.00360921 0.00574907 0.0167578 
0.847129 0.0117818 0.0354953 0.0750004 0.00401548 0.00423911 0.0223389 
0.864817 0.0128284 0.0396356 0.0602271 0.0028847 0.00294145 0.0166654 
0.903226 0.0165138 0.0295709 0.024633 0.00265625 0.00617965 0.0172205 
0.821222 0.0367169 0.0433601 0.0071553 0.00641784 0.0586941 0.0264335 
0.84777 0.0425271 0.0319852 0.00756412 0.00526648 0.0457427 0.0191442 
0.896264 0.0224015 0.02424 0.0102359 0.00345934 0.0190144 0.0243847 
0.902387 0.0228339 0.0274547 0.0104698 0.00265186 0.00960275 0.0246003 
0.882333 0.0354273 0.0256606 0.0124552 0.00401308 0.0189842 0.0211272 
0.844267 0.0524915 0.0210792 0.0352742 0.00973091 0.014096 0.0230609 
0.786848 0.0736345 0.0150145 0.0889659 0.00795974 0.00936699 0.0182105 
0.55493 0.150601 0.00999068 0.197039 0.0541817 0.0133052 0.0199526 
0.358862 0.332451 0.00970065 0.202585 0.054653 0.0193024 0.022447 
0.276028 0.403359 0.0113999 0.221974 0.048793 0.0161266 0.0223194 
0.254855 0.585217 0.00677805 0.112971 0.0181533 0.00861403 0.0134121 
0.256157 0.409674 0.0133517 0.276525 0.0200689 0.00936054 0.014863 
0.186653 0.408321 0.0106356 0.34 0.0339011 0.00766577 0.0128226 
0.193042 0.389334 0.0123003 0.337651 0.0417134 0.00929674 0.0166633 
0.237857 0.410635 0.0094301 0.28653 0.0320381 0.00897191 0.0145368 
0.276631 0.186225 0.00930264 0.452859 0.0521547 0.00783373 0.0149937 
0.227612 0.253175 0.0131416 0.467494 0.0186454 0.00774944 0.0121824 
0.298977 0.2203 0.0105507 0.434372 0.019263 0.00555048 0.0109865 
0.366122 0.224766 0.0147749 0.36299 0.0127577 0.0078473 0.0107422 
0.569938 0.0303425 0.00960857 0.37312 0.0101074 0.00152244 0.00536031 
0.841748 0.0269075 0.011739 0.102946 0.00992598 0.00148308 0.00525019 
0.829321 0.0263038 0.0111419 0.0967891 0.0235368 0.00212678 0.0107805 
0.864999 0.0202821 0.0173199 0.07423 0.0101295 0.00150027 0.0115389 
0.829289 0.0182459 0.016615 0.111559 0.0115966 0.00150204 0.0111929 
0.868872 0.0224957 0.0183178 0.0621475 0.00888237 0.0042729 0.0150118 
0.868141 0.0284237 0.0167171 0.0628486 0.00584897 0.00383583 0.0141851 
0.880728 0.0309788 0.0149764 0.0496243 0.00763984 0.00237598 0.013677 
0.898299 0.0292687 0.0219398 0.0260071 0.00495424 0.00264575 0.0168852 
0.888945 0.0284877 0.0162931 0.0408845 0.00736154 0.00255551 0.0154724 
0.885355 0.0357065 0.0130803 0.0429222 0.00844462 0.00410442 0.0103873 
0.894231 0.0305233 0.0174329 0.0261466 0.00791632 0.00384272 0.0199073 
0.889826 0.02722 0.0135054 0.0436677 0.0128367 0.00375914 0.00918477 
0.846012 0.0280931 0.0137641 0.0902699 0.0115369 0.00235672 0.00796705 
0.881216 0.0300054 0.0134115 0.0471884 0.0140127 0.00247651 0.0116892 
0.907463 0.0129973 0.0323253 0.013186 0.0044218 0.00317455 0.0264322 
0.903794 0.0247455 0.0228843 0.0109517 0.00500886 0.00631768 0.0262984 
0.899089 0.0202377 0.0284749 0.00927642 0.00589548 0.00634991 0.0306762 
0.913832 0.0203909 0.0243387 0.0144924 0.0040379 0.00544546 0.0174628 
0.904391 0.0160466 0.0289688 0.0269497 0.00313431 0.00455502 0.0159543 
0.889122 0.0185041 0.0234239 0.0481243 0.0060636 0.00317604 0.0115859 
0.899825 0.0189441 0.028266 0.0137329 0.00535841 0.00386514 0.0300083 
0.900101 0.0226374 0.0211562 0.0287898 0.00771018 0.00405489 0.0155508 
0.904738 0.0213788 0.0215903 0.0250699 0.00676418 0.00544845 0.0150102 
0.892694 0.0175945 0.0266532 0.0440808 0.0040848 0.00312575 0.0117669 
0.892128 0.0198077 0.0246473 0.0373013 0.00360921 0.00574907 0.0167578 
0.847129 0.0117818 0.0354953 0.0750004 0.00401548 0.00423911 0.0223389 
0.864817 0.0128284 0.0396356 0.0602271 0.0028847 0.00294145 0.0166654 
0.903226 0.0165138 0.0295709 0.024633 0.00265625 0.00617965 0.0172205 
0.821222 0.0367169 0.0433601 0.0071553 0.00641784 0.0586941 0.0264335 
0.84777 0.0425271 0.0319852 0.00756412 0.00526648 0.0457427 0.0191442 
0.896264 0.0224015 0.02424 0.0102359 0.00345934 0.0190144 0.0243847 
0.902387 0.0228339 0.0274547 0.0104698 0.00265186 0.00960275 0.0246003 
0.882333 0.0354273 0.0256606 0.0124552 0.00401308 0.0189842 0.0211272 
0.844267 0.0524915 0.0210792 0.0352742 0.00973091 0.014096 0.0230609 
0.786848 0.0736345 0.0150145 0.0889659 0.00795974 0.00936699 0.0182105 
0.55493 0.150601 0.00999068 0.197039 0.0541817 0.0133052 0.0199526 
0.358862 0.332451 0.00970065 0.202585 0.054653 0.0193024 0.022447 
0.276028 0.403359 0.0113999 0.221974 0.048793 0.0161266 0.0223194 
0.254855 0.585217 0.00677805 0.112971 0.0181533 0.00861403 0.0134121 
0.256157 0.409674 0.0133517 0.276525 0.0200689 0.00936054 0.014863 
0.186653 0.408321 0.0106356 0.34 0.0339011 0.00766577 0.0128226 
0.193042 0.389334 0.0123003 0.337651 0.0417134 0.00929674 0.0166633 
0.237857 0.410635 0.0094301 0.28653 0.0320381 0.00897191 0.0145368 
0.276631 0.186225 0.00930264 0.452859 0.0521547 0.00783373 0.0149937 
0.227612 0.253175 0.0131416 0.467494 0.0186454 0.00774944 0.0121824 
0.298977 0.2203 0.0105507 0.434372 0.019263 0.00555048 0.0109865 
0.366122 0.224766 0.0147749 0.36299 0.0127577 0.0078473 0.0107422 
0.569938 0.0303425 0.00960857 0.37312 0.0101074 0.00152244 0.00536031 
0.841748 0.0269075 0.011739 0.102946 0.00992598 0.00148308 0.00525019 
0.829321 0.0263038 0.0111419 0.0967891 0.0235368 0.00212678 0.0107805 
0.864999 0.0202821 0.0173199 0.07423 0.0101295 0.00150027 0.0115389 
0.829289 0.0182459 0.016615 0.111559 0.0115966 0.00150204 0.0111929 
0.868872 0.0224957 0.0183178 0.0621475 0.00888237 0.0042729 0.0150118 
0.868141 0.0284237 0.0167171 0.0628486 0.00584897 0.00383583 0.0141851 
0.880728 0.0309788 0.0149764 0.0496243 0.00763984 0.00237598 0.013677 
0.898299 0.0292687 0.0219398 0.0260071 0.00495424 0.00264575 0.0168852 
0.888945 0.0284877 0.0162931 0.0408845 0.00736154 0.00255551 0.0154724 
0.809214 0.0142093 0.027913 0.104032 0.00940216 0.00327004 0.0319591 
0.788671 0.013511 0.0302048 0.139324 0.0048781 0.0016303 0.0217815 
0.774968 0.0119238 0.0234023 0.152436 0.00977235 0.00301755 0.0244801 
0.791933 0.0142658 0.0279404 0.141136 0.0045937 0.00275026 0.0173802 
0.790817 0.0117151 0.0266925 0.132133 0.00716133 0.0036559 0.0278251 
0.761195 0.0157844 0.024016 0.177485 0.00459546 0.00251547 0.0144082 
0.778428 0.0194302 0.0249008 0.146987 0.00387775 0.00309205 0.0232845 
0.850629 0.0172908 0.0267949 0.0634587 0.00489278 0.00348922 0.033445 
0.838463 0.0171158 0.0232922 0.0655248 0.00941173 0.00427397 0.041919 
0.863198 0.0134074 0.0274663 0.0617678 0.00497139 0.00342321 0.0257654 
0.831308 0.0142048 0.0239907 0.0953809 0.0100984 0.0026527 0.0223645 
0.862737 0.0121484 0.0308371 0.0531266 0.00711659 0.00179793 0.032236 
0.778019 0.0160834 0.0201003 0.153832 0.012848 0.00260112 0.0165158 
0.790776 0.0152541 0.019848 0.146442 0.0125988 0.00146211 0.0136191 
0.806843 0.0252746 0.0227862 0.122847 0.00626466 0.00179801 0.0141864 
0.846747 0.0131994 0.0250462 0.0790297 0.00988194 0.002292 0.0238033 
0.837618 0.0153422 0.0203776 0.0960882 0.0107229 0.00265428 0.0171972 
0.874396 0.0158186 0.0235478 0.0573889 0.00767175 0.00295481 0.0182222 
0.88109 0.0179268 0.022687 0.0520197 0.0073919 0.00324766 0.0156371 
0.86819 0.0241699 0.019381 0.0584578 0.00862448 0.00319703 0.0179803 
0.854749 0.0154876 0.0239644 0.0794564 0.00463548 0.00348237 0.0182252 
0.871939 0.0147149 0.0250322 0.0427839 0.00692605 0.00483128 0.0337727 
0.853663 0.0133551 0.0256847 0.0770837 0.00648108 0.00308604 0.0206462 
0.873069 0.0126601 0.0266366 0.0464096 0.00701859 0.00331243 0.0308935 
0.886228 0.0194856 0.0252766 0.0390561 0.00465957 0.00320185 0.0220924 
0.873714 0.012487 0.028805 0.053245 0.00520213 0.00270141 0.0238457 
0.805154 0.0212405 0.0202667 0.117373 0.00876607 0.0035728 0.0236276 
0.843886 0.0141115 0.0276356 0.0883988 0.00446588 0.00273899 0.0187631 
