0.746729 0.011734 0.0710232 0.0209105 0.0011994 0.00551051 0.142893 
0.844597 0.00731155 0.0638199 0.0206219 0.00224163 0.00272517 0.0586831 
0.782124 0.0103051 0.0727104 0.0502956 0.00160253 0.00336901 0.0795932 
0.849043 0.0151243 0.0552338 0.0220379 0.00214616 0.00229044 0.0541244 
0.78688 0.0102601 0.0757177 0.0195788 0.00167644 0.00430412 0.101583 
0.769139 0.00906527 0.0794614 0.0403947 0.00206157 0.00276326 0.0971145 
0.803027 0.0100946 0.065356 0.0566101 0.00362218 0.00231735 0.0589725 
0.795452 0.00951676 0.0745751 0.0367037 0.00247954 0.00263566 0.0786373 
0.818024 0.00977743 0.0670276 0.0484736 0.00268771 0.00366506 0.0503446 
0.796328 0.00877918 0.070441 0.0473291 0.0027347 0.00412802 0.0702604 
0.782449 0.00930257 0.0693448 0.0408376 0.00310414 0.00347985 0.0914821 
0.725722 0.0110706 0.079106 0.0280987 0.00145653 0.00400762 0.150539 
0.803494 0.0128271 0.0597422 0.0280086 0.00260057 0.00309768 0.09023 
0.725167 0.00937854 0.0775893 0.0314997 0.00202916 0.0035829 0.150753 
0.74436 0.01151 0.0788231 0.0492143 0.00198027 0.00295017 0.111162 
0.781416 0.013606 0.0714208 0.0337553 0.00160528 0.00286588 0.0953312 
0.773154 0.00949737 0.0813894 0.0376048 0.00167312 0.00387498 0.0928062 
0.725507 0.00779234 0.0957872 0.0145368 9.19906E-4 0.00416621 0.15129 
0.768985 0.00974916 0.0756286 0.0477074 0.00159865 0.00429326 0.0920378 
0.716453 0.00982583 0.0801175 0.0721804 0.0019264 0.00446174 0.115035 
0.75674 0.0103593 0.0836866 0.075626 0.00163573 0.00433314 0.0676187 
0.716479 0.00899279 0.0894863 0.0348598 0.00122315 0.00329781 0.145661 
0.711292 0.00854075 0.0920064 0.0241165 0.00158548 0.00281543 0.159644 
0.726176 0.0123748 0.0648273 0.0233706 0.00316428 0.00388084 0.166206 
0.716768 0.0147539 0.0616584 0.0266046 0.0027571 0.00398008 0.173478 
0.802943 0.0131074 0.0619484 0.0215876 0.00172407 0.00356414 0.0951249 
0.726708 0.0119342 0.0629812 0.0189094 0.00224279 0.00386964 0.173354 
0.629962 0.0128319 0.0857801 0.0540638 0.00219531 0.00584455 0.209323 
0.714695 0.0104946 0.0792348 0.0126558 0.00121352 0.00390493 0.177801 
0.716434 0.0137142 0.0566731 0.0278954 0.00300898 0.00624001 0.176034 
0.693839 0.0158656 0.0593322 0.0197192 0.00400148 0.00442951 0.202813 
0.622823 0.0131787 0.0719208 0.0141336 0.00292889 0.0047787 0.270236 
0.597858 0.0149684 0.0757708 0.0431616 0.00322127 0.00268855 0.262331 
0.560131 0.0102678 0.091636 0.0266301 0.00349126 0.00301198 0.304831 
0.436353 0.00996721 0.0866063 0.0436022 0.00489646 0.00290351 0.415671 
0.678859 0.0113084 0.079006 0.0175447 0.0018403 0.00452341 0.206918 
0.754788 0.0128837 0.0622655 0.0379415 0.00267456 0.00420276 0.125244 
0.531804 0.00960729 0.0862188 0.0197742 0.00135588 0.00415985 0.34708 
0.580711 0.00935739 0.101491 0.0224848 9.63716E-4 0.00477575 0.280217 
0.606236 0.00846283 0.102737 0.0223999 0.00112043 0.00356789 0.255476 
0.49157 0.0102963 0.100621 0.0247881 0.0014875 0.00263767 0.368599 
0.483202 0.0110398 0.0966473 0.0226023 0.00162378 0.00264215 0.382243 
0.688391 0.0119047 0.0845111 0.0509574 0.00183464 0.00273034 0.159671 
0.731906 0.00833319 0.0921437 0.065586 0.00278238 0.00208409 0.0971649 
0.660649 0.0106643 0.0906182 0.185643 0.00339567 0.00185532 0.0471747 
0.638731 0.0113314 0.117904 0.0913123 0.0023169 0.0021 0.136304 
0.554936 0.0145215 0.0982863 0.0483257 0.00183657 0.00207857 0.280015 
0.683652 0.0127768 0.112381 0.0665061 0.00143401 0.0022073 0.121043 
0.650149 0.0100657 0.100518 0.0336573 0.00112015 0.00281857 0.201672 
0.71237 0.010554 0.088109 0.0539312 0.00154197 0.00370189 0.129792 
0.601508 0.0132497 0.105527 0.0967849 0.00244636 0.00398456 0.176499 
0.583204 0.0127449 0.0859947 0.0551735 0.00195326 0.00401953 0.25691 
0.650576 0.0115139 0.067469 0.0945142 0.00657079 0.00507374 0.164283 
0.746729 0.011734 0.0710232 0.0209105 0.0011994 0.00551051 0.142893 
0.844597 0.00731155 0.0638199 0.0206219 0.00224163 0.00272517 0.0586831 
0.782124 0.0103051 0.0727104 0.0502956 0.00160253 0.00336901 0.0795932 
0.849043 0.0151243 0.0552338 0.0220379 0.00214616 0.00229044 0.0541244 
0.78688 0.0102601 0.0757177 0.0195788 0.00167644 0.00430412 0.101583 
0.769139 0.00906527 0.0794614 0.0403947 0.00206157 0.00276326 0.0971145 
0.803027 0.0100946 0.065356 0.0566101 0.00362218 0.00231735 0.0589725 
0.795452 0.00951676 0.0745751 0.0367037 0.00247954 0.00263566 0.0786373 
0.818024 0.00977743 0.0670276 0.0484736 0.00268771 0.00366506 0.0503446 
0.796328 0.00877918 0.070441 0.0473291 0.0027347 0.00412802 0.0702604 
0.782449 0.00930257 0.0693448 0.0408376 0.00310414 0.00347985 0.0914821 
0.725722 0.0110706 0.079106 0.0280987 0.00145653 0.00400762 0.150539 
0.803494 0.0128271 0.0597422 0.0280086 0.00260057 0.00309768 0.09023 
0.725167 0.00937854 0.0775893 0.0314997 0.00202916 0.0035829 0.150753 
0.74436 0.01151 0.0788231 0.0492143 0.00198027 0.00295017 0.111162 
0.781416 0.013606 0.0714208 0.0337553 0.00160528 0.00286588 0.0953312 
0.773154 0.00949737 0.0813894 0.0376048 0.00167312 0.00387498 0.0928062 
0.725507 0.00779234 0.0957872 0.0145368 9.19906E-4 0.00416621 0.15129 
0.768985 0.00974916 0.0756286 0.0477074 0.00159865 0.00429326 0.0920378 
0.716453 0.00982583 0.0801175 0.0721804 0.0019264 0.00446174 0.115035 
0.75674 0.0103593 0.0836866 0.075626 0.00163573 0.00433314 0.0676187 
0.716479 0.00899279 0.0894863 0.0348598 0.00122315 0.00329781 0.145661 
0.711292 0.00854075 0.0920064 0.0241165 0.00158548 0.00281543 0.159644 
0.726176 0.0123748 0.0648273 0.0233706 0.00316428 0.00388084 0.166206 
0.716768 0.0147539 0.0616584 0.0266046 0.0027571 0.00398008 0.173478 
0.802943 0.0131074 0.0619484 0.0215876 0.00172407 0.00356414 0.0951249 
0.726708 0.0119342 0.0629812 0.0189094 0.00224279 0.00386964 0.173354 
0.629962 0.0128319 0.0857801 0.0540638 0.00219531 0.00584455 0.209323 
0.714695 0.0104946 0.0792348 0.0126558 0.00121352 0.00390493 0.177801 
0.716434 0.0137142 0.0566731 0.0278954 0.00300898 0.00624001 0.176034 
0.693839 0.0158656 0.0593322 0.0197192 0.00400148 0.00442951 0.202813 
0.622823 0.0131787 0.0719208 0.0141336 0.00292889 0.0047787 0.270236 
0.597858 0.0149684 0.0757708 0.0431616 0.00322127 0.00268855 0.262331 
0.560131 0.0102678 0.091636 0.0266301 0.00349126 0.00301198 0.304831 
0.436353 0.00996721 0.0866063 0.0436022 0.00489646 0.00290351 0.415671 
0.678859 0.0113084 0.079006 0.0175447 0.0018403 0.00452341 0.206918 
0.754788 0.0128837 0.0622655 0.0379415 0.00267456 0.00420276 0.125244 
0.531804 0.00960729 0.0862188 0.0197742 0.00135588 0.00415985 0.34708 
0.580711 0.00935739 0.101491 0.0224848 9.63716E-4 0.00477575 0.280217 
0.606236 0.00846283 0.102737 0.0223999 0.00112043 0.00356789 0.255476 
0.49157 0.0102963 0.100621 0.0247881 0.0014875 0.00263767 0.368599 
0.483202 0.0110398 0.0966473 0.0226023 0.00162378 0.00264215 0.382243 
0.688391 0.0119047 0.0845111 0.0509574 0.00183464 0.00273034 0.159671 
0.731906 0.00833319 0.0921437 0.065586 0.00278238 0.00208409 0.0971649 
0.660649 0.0106643 0.0906182 0.185643 0.00339567 0.00185532 0.0471747 
0.638731 0.0113314 0.117904 0.0913123 0.0023169 0.0021 0.136304 
0.554936 0.0145215 0.0982863 0.0483257 0.00183657 0.00207857 0.280015 
0.683652 0.0127768 0.112381 0.0665061 0.00143401 0.0022073 0.121043 
0.650149 0.0100657 0.100518 0.0336573 0.00112015 0.00281857 0.201672 
0.71237 0.010554 0.088109 0.0539312 0.00154197 0.00370189 0.129792 
0.601508 0.0132497 0.105527 0.0967849 0.00244636 0.00398456 0.176499 
0.583204 0.0127449 0.0859947 0.0551735 0.00195326 0.00401953 0.25691 
0.650576 0.0115139 0.067469 0.0945142 0.00657079 0.00507374 0.164283 
0.767116 0.0104448 0.0709329 0.0801579 0.0025758 0.00317468 0.0655982 
0.751674 0.0102069 0.0771613 0.0746754 0.00220763 0.00358232 0.0804925 
0.742355 0.00989085 0.0739409 0.0839422 0.00258066 0.00328906 0.0840013 
0.780748 0.011265 0.0675734 0.0637474 0.00212478 0.00214206 0.0723998 
0.717985 0.0141807 0.0713791 0.095942 0.0026112 0.0025335 0.0953687 
0.760109 0.0114108 0.0711381 0.0353119 0.00285471 0.00211912 0.117056 
0.750942 0.0118793 0.0680295 0.0488858 0.00184134 0.00314176 0.11528 
0.752705 0.0113938 0.0708698 0.085162 0.00251956 0.00276979 0.0745804 
0.775148 0.00991642 0.0782987 0.0789271 0.00238495 0.00278348 0.0525417 
0.693667 0.00933805 0.0905771 0.0548473 0.00176418 0.00559266 0.144213 
0.778724 0.00846413 0.0848768 0.0365027 0.00143442 0.00311508 0.0868828 
0.760237 0.00875537 0.0996326 0.037798 0.00111459 0.00224149 0.0902209 
0.796854 0.0107611 0.0779577 0.05057 0.0013556 0.00217385 0.0603274 
0.799822 0.0112563 0.0765704 0.0442688 0.00133336 0.00256523 0.0641838 
0.790773 0.0107258 0.0740045 0.0457903 0.00187884 0.00301782 0.0738099 
0.768882 0.0106157 0.0754374 0.0341973 0.00180046 0.00255888 0.106508 
0.712181 0.0126126 0.0748981 0.072236 0.00258053 0.00294701 0.122544 
0.750378 0.0131923 0.069468 0.083979 0.00276202 0.00332683 0.0768943 
0.709324 0.0119361 0.091648 0.100787 0.00194289 0.00289408 0.0814683 
0.796052 0.011781 0.0685707 0.0728777 0.00192625 0.0035957 0.045197 
0.809093 0.00935291 0.0732057 0.0317076 0.0014749 0.00303441 0.0721315 
0.779828 0.0085512 0.0827179 0.0298264 0.00133964 0.0028872 0.0948493 
0.777757 0.0109193 0.0805923 0.0635528 0.00166469 0.00233541 0.063179 
0.764719 0.00934423 0.0789852 0.0572698 0.00183549 0.00232933 0.0855165 
0.723456 0.0111927 0.0872752 0.0935127 0.00211558 0.0032908 0.0791572 
0.68213 0.0118804 0.0922057 0.0899128 0.00205755 0.00291528 0.118898 
0.750652 0.0119719 0.0758485 0.0658096 0.00202125 0.00308852 0.0906077 
0.72982 0.00930924 0.0864454 0.05749 0.00241032 0.00269571 0.111829 
0.767116 0.0104448 0.0709329 0.0801579 0.0025758 0.00317468 0.0655982 
0.751674 0.0102069 0.0771613 0.0746754 0.00220763 0.00358232 0.0804925 
0.742355 0.00989085 0.0739409 0.0839422 0.00258066 0.00328906 0.0840013 
0.780748 0.011265 0.0675734 0.0637474 0.00212478 0.00214206 0.0723998 
0.717985 0.0141807 0.0713791 0.095942 0.0026112 0.0025335 0.0953687 
0.760109 0.0114108 0.0711381 0.0353119 0.00285471 0.00211912 0.117056 
0.750942 0.0118793 0.0680295 0.0488858 0.00184134 0.00314176 0.11528 
0.752705 0.0113938 0.0708698 0.085162 0.00251956 0.00276979 0.0745804 
0.775148 0.00991642 0.0782987 0.0789271 0.00238495 0.00278348 0.0525417 
0.693667 0.00933805 0.0905771 0.0548473 0.00176418 0.00559266 0.144213 
0.778724 0.00846413 0.0848768 0.0365027 0.00143442 0.00311508 0.0868828 
0.760237 0.00875537 0.0996326 0.037798 0.00111459 0.00224149 0.0902209 
0.796854 0.0107611 0.0779577 0.05057 0.0013556 0.00217385 0.0603274 
0.799822 0.0112563 0.0765704 0.0442688 0.00133336 0.00256523 0.0641838 
0.790773 0.0107258 0.0740045 0.0457903 0.00187884 0.00301782 0.0738099 
0.768882 0.0106157 0.0754374 0.0341973 0.00180046 0.00255888 0.106508 
0.712181 0.0126126 0.0748981 0.072236 0.00258053 0.00294701 0.122544 
0.750378 0.0131923 0.069468 0.083979 0.00276202 0.00332683 0.0768943 
0.709324 0.0119361 0.091648 0.100787 0.00194289 0.00289408 0.0814683 
0.796052 0.011781 0.0685707 0.0728777 0.00192625 0.0035957 0.045197 
0.809093 0.00935291 0.0732057 0.0317076 0.0014749 0.00303441 0.0721315 
0.779828 0.0085512 0.0827179 0.0298264 0.00133964 0.0028872 0.0948493 
0.777757 0.0109193 0.0805923 0.0635528 0.00166469 0.00233541 0.063179 
0.764719 0.00934423 0.0789852 0.0572698 0.00183549 0.00232933 0.0855165 
0.723456 0.0111927 0.0872752 0.0935127 0.00211558 0.0032908 0.0791572 
0.68213 0.0118804 0.0922057 0.0899128 0.00205755 0.00291528 0.118898 
0.750652 0.0119719 0.0758485 0.0658096 0.00202125 0.00308852 0.0906077 
0.72982 0.00930924 0.0864454 0.05749 0.00241032 0.00269571 0.111829 
0.788932 0.0182716 0.0522054 0.0316024 0.00135044 0.00490965 0.102729 
0.753972 0.0181191 0.0537734 0.106672 0.00170889 0.00394789 0.061807 
0.695799 0.0165561 0.0543488 0.118274 0.00203014 0.00595719 0.107035 
0.702107 0.0149771 0.0583997 0.170211 0.00192536 0.00425691 0.0481235 
0.770978 0.0140392 0.0585573 0.064977 0.00142334 0.00359691 0.0864282 
0.795888 0.0174324 0.0461237 0.0652056 0.0016695 0.0043545 0.0693264 
0.796109 0.0211064 0.0462186 0.0878018 0.00173353 0.00411963 0.0429116 
0.809235 0.0225973 0.0395068 0.0429431 0.00213448 0.00462601 0.0789578 
0.705389 0.0192362 0.0604612 0.0273781 0.00100038 0.00591838 0.180617 
0.684405 0.0176832 0.0589493 0.0620687 0.00163723 0.00553069 0.169726 
0.750425 0.0164394 0.0557241 0.0361232 0.00130794 0.00493967 0.135041 
0.724885 0.0184225 0.0475956 0.0472833 0.00202931 0.00564869 0.154135 
0.754978 0.0216293 0.0452554 0.032381 0.00147195 0.00660388 0.13768 
0.712127 0.0175511 0.0534418 0.0491076 0.00161743 0.00727408 0.158881 
0.734824 0.0182497 0.0568204 0.0550929 0.00155086 0.00459973 0.128863 
0.724795 0.0162175 0.0619013 0.0723996 0.00128466 0.00584821 0.117554 
0.696069 0.0167988 0.0586477 0.0665362 0.00137256 0.00623808 0.154337 
0.757087 0.0158795 0.0545312 0.0475762 0.0011474 0.00482521 0.118953 
0.75346 0.0162317 0.0606925 0.0344253 0.00102538 0.00501584 0.129149 
0.603123 0.0155385 0.0674897 0.0153004 0.00107547 0.00503001 0.292443 
0.738088 0.0193014 0.0587612 0.0360662 0.00106277 0.00529979 0.141421 
0.69692 0.0169684 0.0675244 0.0362344 0.00104995 0.0048093 0.176493 
0.718297 0.0164758 0.0698898 0.0444025 0.0013148 0.0026959 0.146924 
0.776987 0.0145888 0.0599628 0.031095 0.0011613 0.00425563 0.111949 
0.77211 0.0135516 0.0677537 0.0449801 0.00113993 0.00353957 0.0969246 
0.675617 0.0158143 0.063779 0.076357 0.00144361 0.00649764 0.160492 
0.67033 0.0145575 0.0632926 0.075701 0.00179639 0.00525672 0.169065 
0.738638 0.0140816 0.063949 0.0450868 0.00132629 0.00387351 0.133045 
0.42207 0.0391734 0.0563222 0.0174856 0.00251521 0.00794738 0.454486 
0.581918 0.0234499 0.0572471 0.0128737 0.00199198 0.0105092 0.31201 
0.409666 0.0267783 0.0440903 0.00784138 0.00322613 0.013336 0.495062 
0.542193 0.020672 0.0524619 0.0120294 0.00203296 0.0136716 0.356939 
0.511482 0.0235249 0.0575228 0.0163767 0.00171055 0.0104685 0.378914 
0.600362 0.027104 0.0557379 0.0203238 0.00169126 0.00909822 0.285683 
0.516706 0.0456561 0.0494332 0.0189868 0.00354885 0.00951604 0.356153 
0.368124 0.0281062 0.0648674 0.0111115 0.00225143 0.0104243 0.515115 
0.391616 0.0384132 0.0572527 0.0155771 0.00282127 0.011574 0.482746 
0.415253 0.0332653 0.0515384 0.0109514 0.00292381 0.00847903 0.477589 
0.485425 0.0333272 0.0499339 0.0127446 0.00285132 0.00890664 0.406811 
0.415983 0.0429504 0.0524246 0.013537 0.00286502 0.0103579 0.461882 
0.324631 0.0315208 0.0458215 0.00634442 0.00259098 0.0165623 0.572529 
0.368465 0.0335932 0.0396149 0.00917723 0.00486795 0.0116009 0.532681 
0.568729 0.0308545 0.0399268 0.0152292 0.00492727 0.0101617 0.330172 
0.475411 0.0347032 0.0442213 0.017099 0.00497893 0.0109147 0.412672 
0.685506 0.0352614 0.0412043 0.021083 0.00436496 0.0074563 0.205124 
0.533244 0.0508716 0.050366 0.0192078 0.00476034 0.00647241 0.335078 
0.540424 0.0399037 0.0393305 0.0136669 0.00383065 0.00888634 0.353958 
0.6565 0.0360022 0.0377496 0.0111014 0.00319771 0.00851665 0.246932 
0.689387 0.0403942 0.0330332 0.00845911 0.00255732 0.0184025 0.207766 
0.719459 0.0363805 0.0396981 0.0155078 0.00144548 0.0102226 0.177286 
0.618458 0.018522 0.0589968 0.00786779 0.00100521 0.0161242 0.279027 
0.393042 0.0144066 0.0486874 0.00675441 0.00255134 0.0311936 0.503365 
0.555802 0.0135871 0.0644398 0.00741371 0.0013175 0.010498 0.346942 
0.498142 0.0141143 0.0722951 0.0136612 0.00125288 0.00963204 0.390903 
0.667663 0.0154527 0.070702 0.00979606 9.14679E-4 0.00708994 0.228382 
0.489807 0.0290991 0.0750162 0.0171641 0.00158472 0.00761799 0.379711 
0.615769 0.0175175 0.0777343 0.0145848 0.00124939 0.00513973 0.268005 
0.758764 0.0177902 0.0622827 0.0247157 0.00198698 0.0116779 0.122782 
0.778787 0.0101543 0.108692 0.0138067 0.00181079 0.0180791 0.0686695 
0.778032 0.0107255 0.0833502 0.0481962 0.00261151 0.0269899 0.0500949 
0.830601 0.00730196 0.0695549 0.0102404 0.00135733 0.0143293 0.0666156 
0.833705 0.0143601 0.0553813 0.0365622 0.00228919 0.00709428 0.0506077 
0.777812 0.0126265 0.0649405 0.0342741 0.00162351 0.00988093 0.0988422 
0.749409 0.011115 0.0735824 0.0273375 0.00129182 0.0100339 0.127231 
0.641751 0.011915 0.0749292 0.131749 0.00401366 0.00986865 0.125773 
0.697252 0.0174469 0.0731142 0.0797112 0.00240296 0.00930506 0.120767 
0.788603 0.0119776 0.0546261 0.072443 0.00295445 0.00937105 0.0600247 
0.648601 0.0152658 0.0730493 0.0619851 0.0017291 0.0278979 0.171472 
0.825546 0.0111354 0.0744061 0.0134666 7.96136E-4 0.0210076 0.0536424 
0.781057 0.0151283 0.0491303 0.00963803 0.00113898 0.0380977 0.10581 
0.702382 0.0138162 0.082926 0.111251 0.00208065 0.0128096 0.0747345 
0.795106 0.0135509 0.0540601 0.0558377 0.0015275 0.0195136 0.0604041 
0.775323 0.0108165 0.0634954 0.0517468 0.00237367 0.0170105 0.0792342 
0.780213 0.0135509 0.063466 0.0666951 0.00241038 0.00624749 0.0674173 
0.844891 0.0244127 0.0566605 0.0323139 0.00112952 0.00716227 0.0334305 
0.778211 0.0146671 0.0754256 0.0294292 0.00123993 0.00621601 0.0948115 
0.728431 0.016238 0.0651923 0.0763743 0.0017248 0.0111008 0.100939 
0.722404 0.0172939 0.0823484 0.0947585 0.00149725 0.0161535 0.0655443 
0.586415 0.0153374 0.0871296 0.170612 0.00292732 0.0111753 0.126403 
0.42207 0.0391734 0.0563222 0.0174856 0.00251521 0.00794738 0.454486 
0.581918 0.0234499 0.0572471 0.0128737 0.00199198 0.0105092 0.31201 
0.409666 0.0267783 0.0440903 0.00784138 0.00322613 0.013336 0.495062 
0.542193 0.020672 0.0524619 0.0120294 0.00203296 0.0136716 0.356939 
0.511482 0.0235249 0.0575228 0.0163767 0.00171055 0.0104685 0.378914 
0.600362 0.027104 0.0557379 0.0203238 0.00169126 0.00909822 0.285683 
0.516706 0.0456561 0.0494332 0.0189868 0.00354885 0.00951604 0.356153 
0.368124 0.0281062 0.0648674 0.0111115 0.00225143 0.0104243 0.515115 
0.391616 0.0384132 0.0572527 0.0155771 0.00282127 0.011574 0.482746 
0.415253 0.0332653 0.0515384 0.0109514 0.00292381 0.00847903 0.477589 
0.485425 0.0333272 0.0499339 0.0127446 0.00285132 0.00890664 0.406811 
0.415983 0.0429504 0.0524246 0.013537 0.00286502 0.0103579 0.461882 
0.324631 0.0315208 0.0458215 0.00634442 0.00259098 0.0165623 0.572529 
0.368465 0.0335932 0.0396149 0.00917723 0.00486795 0.0116009 0.532681 
0.568729 0.0308545 0.0399268 0.0152292 0.00492727 0.0101617 0.330172 
0.475411 0.0347032 0.0442213 0.017099 0.00497893 0.0109147 0.412672 
0.685506 0.0352614 0.0412043 0.021083 0.00436496 0.0074563 0.205124 
0.533244 0.0508716 0.050366 0.0192078 0.00476034 0.00647241 0.335078 
0.540424 0.0399037 0.0393305 0.0136669 0.00383065 0.00888634 0.353958 
0.6565 0.0360022 0.0377496 0.0111014 0.00319771 0.00851665 0.246932 
0.689387 0.0403942 0.0330332 0.00845911 0.00255732 0.0184025 0.207766 
0.719459 0.0363805 0.0396981 0.0155078 0.00144548 0.0102226 0.177286 
0.618458 0.018522 0.0589968 0.00786779 0.00100521 0.0161242 0.279027 
0.393042 0.0144066 0.0486874 0.00675441 0.00255134 0.0311936 0.503365 
0.555802 0.0135871 0.0644398 0.00741371 0.0013175 0.010498 0.346942 
0.498142 0.0141143 0.0722951 0.0136612 0.00125288 0.00963204 0.390903 
0.667663 0.0154527 0.070702 0.00979606 9.14679E-4 0.00708994 0.228382 
0.489807 0.0290991 0.0750162 0.0171641 0.00158472 0.00761799 0.379711 
0.615769 0.0175175 0.0777343 0.0145848 0.00124939 0.00513973 0.268005 
0.758764 0.0177902 0.0622827 0.0247157 0.00198698 0.0116779 0.122782 
0.778787 0.0101543 0.108692 0.0138067 0.00181079 0.0180791 0.0686695 
0.778032 0.0107255 0.0833502 0.0481962 0.00261151 0.0269899 0.0500949 
0.830601 0.00730196 0.0695549 0.0102404 0.00135733 0.0143293 0.0666156 
0.833705 0.0143601 0.0553813 0.0365622 0.00228919 0.00709428 0.0506077 
0.777812 0.0126265 0.0649405 0.0342741 0.00162351 0.00988093 0.0988422 
0.749409 0.011115 0.0735824 0.0273375 0.00129182 0.0100339 0.127231 
0.641751 0.011915 0.0749292 0.131749 0.00401366 0.00986865 0.125773 
0.697252 0.0174469 0.0731142 0.0797112 0.00240296 0.00930506 0.120767 
0.788603 0.0119776 0.0546261 0.072443 0.00295445 0.00937105 0.0600247 
0.648601 0.0152658 0.0730493 0.0619851 0.0017291 0.0278979 0.171472 
0.825546 0.0111354 0.0744061 0.0134666 7.96136E-4 0.0210076 0.0536424 
0.781057 0.0151283 0.0491303 0.00963803 0.00113898 0.0380977 0.10581 
0.702382 0.0138162 0.082926 0.111251 0.00208065 0.0128096 0.0747345 
0.516032 0.0184615 0.0538364 0.0137176 0.00177224 0.00952483 0.386655 
0.622162 0.0165239 0.0506392 0.0276249 0.00227221 0.00585076 0.274927 
0.600391 0.0203166 0.0479831 0.0290489 0.00251123 0.00571284 0.294036 
0.601864 0.0157733 0.0567414 0.0237752 0.00182414 0.00588563 0.294136 
0.603811 0.0169613 0.0548497 0.0449071 0.00230275 0.00456052 0.272608 
0.690688 0.0182013 0.0490925 0.0277242 0.0019704 0.00762961 0.204694 
0.642504 0.0176294 0.060446 0.0443909 0.00124799 0.00684669 0.226935 
0.672636 0.0168044 0.0524561 0.017532 0.00150081 0.0082484 0.230822 
0.64691 0.0210385 0.0611483 0.0359856 0.0012228 0.00656667 0.227128 
0.707364 0.0204577 0.0545514 0.0195428 0.00109568 0.0080683 0.18892 
0.581537 0.0171818 0.0679613 0.0340238 0.00129181 0.00770737 0.290297 
0.74632 0.0168701 0.0585226 0.040693 0.00179328 0.00588972 0.129912 
0.675994 0.0143712 0.0647771 0.0524129 0.00140373 0.00949924 0.181542 
0.697122 0.0176941 0.0621808 0.042341 0.00116055 0.0101639 0.169337 
0.70808 0.0146578 0.0754481 0.0244059 9.25907E-4 0.00533324 0.171149 
0.825861 0.0167755 0.0492956 0.028517 0.00116476 0.00817938 0.070207 
0.803071 0.0163348 0.0458711 0.0257004 0.00121603 0.00551119 0.102295 
0.782912 0.0132295 0.0567327 0.0255164 0.0010494 0.00630951 0.114251 
0.760303 0.0139655 0.0556979 0.0378944 0.00151288 0.00496803 0.125658 
0.645834 0.0144958 0.0464995 0.0253066 0.00210054 0.0144146 0.251349 
0.716229 0.0135754 0.0616911 0.0564824 0.00143731 0.0051486 0.145436 
0.738279 0.0148303 0.0634861 0.0439102 0.00123766 0.00613249 0.132124 
0.703982 0.0137962 0.0683975 0.0507766 0.00130572 0.00648303 0.155259 
0.7445 0.0164372 0.0547754 0.0332762 0.00115954 0.00964034 0.140211 
0.701583 0.0139382 0.0659785 0.0272122 0.00121573 0.00706945 0.183003 
0.755533 0.0173009 0.054176 0.0269743 0.00145152 0.006276 0.138289 
0.715192 0.0150063 0.0642613 0.0364311 0.00141207 0.0058649 0.161832 
0.79803 0.0151282 0.0469015 0.0459516 0.00227801 0.00659053 0.0851201 
0.516032 0.0184615 0.0538364 0.0137176 0.00177224 0.00952483 0.386655 
0.622162 0.0165239 0.0506392 0.0276249 0.00227221 0.00585076 0.274927 
0.600391 0.0203166 0.0479831 0.0290489 0.00251123 0.00571284 0.294036 
0.601864 0.0157733 0.0567414 0.0237752 0.00182414 0.00588563 0.294136 
0.603811 0.0169613 0.0548497 0.0449071 0.00230275 0.00456052 0.272608 
0.690688 0.0182013 0.0490925 0.0277242 0.0019704 0.00762961 0.204694 
0.642504 0.0176294 0.060446 0.0443909 0.00124799 0.00684669 0.226935 
0.672636 0.0168044 0.0524561 0.017532 0.00150081 0.0082484 0.230822 
0.64691 0.0210385 0.0611483 0.0359856 0.0012228 0.00656667 0.227128 
0.707364 0.0204577 0.0545514 0.0195428 0.00109568 0.0080683 0.18892 
0.581537 0.0171818 0.0679613 0.0340238 0.00129181 0.00770737 0.290297 
0.74632 0.0168701 0.0585226 0.040693 0.00179328 0.00588972 0.129912 
0.675994 0.0143712 0.0647771 0.0524129 0.00140373 0.00949924 0.181542 
0.697122 0.0176941 0.0621808 0.042341 0.00116055 0.0101639 0.169337 
0.70808 0.0146578 0.0754481 0.0244059 9.25907E-4 0.00533324 0.171149 
0.825861 0.0167755 0.0492956 0.028517 0.00116476 0.00817938 0.070207 
0.803071 0.0163348 0.0458711 0.0257004 0.00121603 0.00551119 0.102295 
0.782912 0.0132295 0.0567327 0.0255164 0.0010494 0.00630951 0.114251 
0.760303 0.0139655 0.0556979 0.0378944 0.00151288 0.00496803 0.125658 
0.645834 0.0144958 0.0464995 0.0253066 0.00210054 0.0144146 0.251349 
0.716229 0.0135754 0.0616911 0.0564824 0.00143731 0.0051486 0.145436 
0.738279 0.0148303 0.0634861 0.0439102 0.00123766 0.00613249 0.132124 
0.703982 0.0137962 0.0683975 0.0507766 0.00130572 0.00648303 0.155259 
0.7445 0.0164372 0.0547754 0.0332762 0.00115954 0.00964034 0.140211 
0.701583 0.0139382 0.0659785 0.0272122 0.00121573 0.00706945 0.183003 
0.755533 0.0173009 0.054176 0.0269743 0.00145152 0.006276 0.138289 
0.715192 0.0150063 0.0642613 0.0364311 0.00141207 0.0058649 0.161832 
0.79803 0.0151282 0.0469015 0.0459516 0.00227801 0.00659053 0.0851201 
0.76357 0.0124843 0.04931 0.0677306 0.00280451 0.00557978 0.0985211 
0.685824 0.0126492 0.0652476 0.108478 0.00237046 0.00433615 0.121095 
0.70261 0.0145457 0.0630446 0.120587 0.00226206 0.00345082 0.0935 
0.752914 0.0138378 0.0511203 0.0761335 0.00226758 0.00413998 0.0995865 
0.688317 0.0134462 0.0636688 0.0814413 0.00195019 0.00573594 0.145441 
0.742087 0.0138895 0.0605945 0.0600097 0.00172269 0.0038808 0.117816 
0.765277 0.0114191 0.0591558 0.0967788 0.00211077 0.00388265 0.0613756 
0.769224 0.0123811 0.0541895 0.075368 0.00226691 0.00317382 0.0833966 
0.709902 0.0125433 0.0705535 0.104271 0.00202807 0.00481845 0.0958835 
0.754595 0.0110933 0.0841117 0.0594861 0.00123528 0.00289935 0.0865792 
0.779666 0.0122627 0.07185 0.0666008 0.00152774 0.00242807 0.0656652 
0.591797 0.0174238 0.091846 0.0332358 0.00109887 0.00428657 0.260312 
0.660175 0.0186023 0.0656878 0.0215706 0.00144249 0.00491539 0.227607 
0.609175 0.0144316 0.0814416 0.035521 0.00145639 0.00575512 0.252219 
0.684204 0.0162525 0.0755195 0.0416783 0.00139859 0.0050391 0.175908 
0.590993 0.0174245 0.0838153 0.0368861 0.00104102 0.00717554 0.262664 
0.684646 0.019946 0.0699655 0.0318075 8.76217E-4 0.00696303 0.185795 
0.572935 0.0182251 0.069564 0.023841 8.61001E-4 0.00962698 0.304947 
0.617711 0.0186232 0.0747863 0.0255715 8.17957E-4 0.00822417 0.254266 
0.512589 0.0227459 0.0856669 0.0279135 0.00128128 0.00592053 0.343883 
0.565822 0.0157256 0.0801603 0.0201363 0.00113391 0.00699423 0.310027 
0.74583 0.0148963 0.0637067 0.0288867 0.00131979 0.00632026 0.13904 
0.678732 0.0149507 0.0745604 0.0357164 0.00124835 0.00543306 0.189359 
0.706391 0.0121776 0.081432 0.0304931 0.00103524 0.00541285 0.163058 
0.769369 0.0143175 0.0671552 0.0269681 0.00111598 0.00467618 0.116398 
0.725387 0.0150096 0.0638717 0.0494999 0.00130614 0.00454921 0.140376 
0.740476 0.013394 0.063102 0.0294497 0.00151645 0.00430959 0.147752 
0.759625 0.0176972 0.0606678 0.0394876 0.00119797 0.00514156 0.116183 
0.765581 0.0174714 0.0649321 0.0517138 0.0011042 0.00440958 0.0947882 
