0.00718807 0.0687002 0.0242849 0.875708 0.0058156 0.0130188 0.00528471 
0.0055325 0.0549074 0.0213812 0.899071 0.00488734 0.0103731 0.00384702 
0.0090404 0.08517 0.024381 0.849763 0.00894056 0.0166345 0.00607061 
0.0102631 0.102662 0.0300682 0.819023 0.0107975 0.0195816 0.00760445 
0.0109327 0.103926 0.0290829 0.818573 0.0105147 0.0190513 0.00791915 
0.0103092 0.0946578 0.0269233 0.834211 0.00905076 0.017579 0.00726863 
0.00173551 0.0167036 0.00571803 0.970603 0.0012484 0.00266765 0.00132419 
5.36321E-4 0.0067272 0.00221285 0.987596 0.00141877 9.27819E-4 5.80948E-4 
2.55467E-4 0.00318409 0.00106132 0.993078 0.00165917 4.25252E-4 3.36962E-4 
2.9357E-4 0.00431489 0.00113561 0.992574 8.74668E-4 4.88829E-4 3.18406E-4 
4.77253E-5 0.00281731 1.25487E-4 0.995836 7.55741E-4 2.39652E-4 1.78212E-4 
2.74542E-4 0.00441936 0.00111662 0.992806 6.18141E-4 4.4536E-4 3.20059E-4 
3.31326E-4 0.00501971 0.00115947 0.992405 4.10482E-4 3.76412E-4 2.97685E-4 
0.00173745 0.0169566 0.00485876 0.973129 8.97905E-4 0.00143145 9.88773E-4 
5.56303E-4 0.00747212 0.00188182 0.988559 5.71251E-4 5.2981E-4 4.30128E-4 
2.09461E-5 8.6719E-4 3.96442E-5 0.996983 0.00199732 4.94269E-5 4.20112E-5 
3.13699E-5 7.71329E-4 6.04816E-5 0.996583 0.00246189 4.83299E-5 4.31735E-5 
0.0013076 7.83176E-4 7.99479E-4 0.986314 0.0098506 2.14465E-4 7.30327E-4 
0.00366945 0.00127586 0.00303731 0.966463 0.0228983 6.42229E-4 0.00201378 
0.00371125 0.00177898 0.0044838 0.962197 0.023263 0.0014721 0.0030939 
0.00214251 0.00301783 0.00550306 0.96634 0.0188536 0.0020237 0.00211927 
0.00129426 0.00697053 0.0825921 0.897163 0.00782812 0.00284494 0.00130726 
0.0019658 0.0107974 0.0697699 0.899351 0.0115438 0.00522806 0.00134355 
0.00259875 0.0109516 0.0480338 0.912138 0.0186952 0.00610146 0.00148104 
0.00320258 0.0106518 0.0469866 0.905943 0.0250152 0.00645584 0.001745 
0.00397302 0.0133462 0.0777772 0.861669 0.0321086 0.00912169 0.00200479 
0.00270551 0.00977255 0.0431964 0.915613 0.0214484 0.00577467 0.00148927 
0.00277598 0.0108844 0.0386612 0.917608 0.0221499 0.00643804 0.00148296 
0.00246228 0.00727844 0.0192319 0.942979 0.0224275 0.00423016 0.00139032 
0.00177221 0.00971307 0.0192138 0.951784 0.0124497 0.00404537 0.00102206 
0.00230612 0.00786373 0.00995147 0.956655 0.0184424 0.00338578 0.00139559 
0.00573074 0.0205922 0.0194497 0.908095 0.0342096 0.00927119 0.00265126 
0.00577776 0.0172472 0.0138704 0.918256 0.0355011 0.00674275 0.0026046 
0.00605636 0.0179741 0.0110758 0.925714 0.0310776 0.00543219 0.00267032 
0.00281022 0.0163134 0.00561621 0.963986 0.00774716 0.00219732 0.00132998 
0.00367931 0.0202662 0.00696012 0.957122 0.00810593 0.00253017 0.00133643 
0.00302902 0.0212705 0.00673553 0.959141 0.00577924 0.00280695 0.00123787 
0.00225534 0.0151922 0.00505389 0.967495 0.00674457 0.00212853 0.00113045 
0.00501788 0.0104382 0.00687525 0.94398 0.0278264 0.00355436 0.00230831 
0.0021455 0.00581658 0.00229515 0.974222 0.0132132 0.00124837 0.00105912 
0.00610164 0.00728668 0.00646215 0.942815 0.0327753 0.00203097 0.00252822 
0.00828582 0.00921489 0.00875709 0.932051 0.0363952 0.00181908 0.00347704 
0.00521109 0.0047251 0.0046569 0.956611 0.0256436 8.51479E-4 0.00230094 
0.00202732 0.00396453 0.0015469 0.982332 0.00915171 2.29526E-4 7.47784E-4 
0.00494005 0.00519658 0.00407803 0.961398 0.021975 5.48758E-4 0.00186333 
0.00324392 0.00259013 0.00227016 0.975081 0.0153125 2.66887E-4 0.00123542 
0.00985193 0.00668062 0.0103233 0.92775 0.0411256 0.0010957 0.00317243 
0.00815724 0.00476416 0.00807105 0.938735 0.0364326 9.11484E-4 0.00292888 
0.00539294 0.00504154 0.00493178 0.956964 0.0252415 5.24872E-4 0.00190373 
0.00359777 0.00429444 0.00285814 0.969617 0.017802 3.84245E-4 0.00144618 
0.00214928 0.00399827 0.00162192 0.980994 0.0102714 1.94084E-4 7.7065E-4 
0.00248515 0.00497868 0.00187066 0.979164 0.0103935 2.62832E-4 8.44968E-4 
0.0105657 0.0117346 0.0115993 0.919273 0.0414193 0.00150956 0.00389871 
0.0130588 0.0107653 0.0152635 0.900768 0.0536592 0.00195409 0.00453143 
0.0113533 0.00973735 0.0130265 0.90989 0.0498589 0.00184875 0.00428549 
0.0182657 0.0140966 0.023493 0.86237 0.0723662 0.00308642 0.00632255 
0.0205908 0.0142592 0.0269054 0.847157 0.0804713 0.00354172 0.00707443 
0.0151117 0.0157811 0.0184559 0.885093 0.0571871 0.00270803 0.00566306 
0.0314008 0.0220304 0.0432569 0.783826 0.103087 0.00574772 0.0106521 
0.0545662 0.0319931 0.0811827 0.64501 0.160229 0.010125 0.0168945 
0.0202081 0.0157748 0.0244437 0.861313 0.0684503 0.00309703 0.00671312 
0.0857146 0.662291 0.0446728 0.00488061 0.0148975 0.0407263 0.146817 
0.0117377 0.946287 0.00644246 5.70789E-4 0.00541663 0.00431413 0.0252312 
0.00626188 0.967818 0.00715466 9.99273E-4 0.00204208 0.0082363 0.00748738 
0.0184222 0.864605 0.0509661 0.0198992 0.0142709 0.023336 0.00850044 
0.0311875 0.712733 0.112788 0.0453591 0.034683 0.0454496 0.0177994 
0.0601181 0.597662 0.160222 0.0140626 0.0260623 0.0917088 0.0501645 
0.00992655 0.0238579 0.0863547 0.00257869 0.00402624 0.821428 0.0518274 
0.00179707 0.00183891 0.0160518 4.78724E-4 6.57987E-4 0.730001 0.249175 
5.80759E-4 0.00250609 0.00627919 2.40434E-4 8.84436E-4 0.934099 0.0554104 
0.00247448 0.00256027 0.0182845 5.42103E-4 0.00100862 0.815331 0.159799 
0.0123281 0.0154249 0.097623 0.00293384 0.00638161 0.791179 0.0741292 
0.00605629 0.00727007 0.0578373 0.00165452 0.00271917 0.850214 0.0742491 
0.00717012 0.0106733 0.0897554 0.00261764 0.00861646 0.810964 0.0702031 
0.00230399 0.00386367 0.0161901 4.8619E-4 0.00152865 0.7979 0.177727 
0.00178035 0.00491238 0.0129608 6.2329E-4 0.00228211 0.876603 0.100838 
0.00205403 0.00475479 0.0136197 5.87329E-4 0.00285838 0.78974 0.186386 
0.00385304 0.00810135 0.0454396 0.00135093 0.00559173 0.854026 0.0816378 
0.0049856 0.00698945 0.0570735 0.00151677 0.00391606 0.838322 0.0871966 
0.00301558 0.00244404 0.0282883 0.00118723 0.00110861 0.72578 0.238176 
0.004176 0.00367965 0.0574252 0.00145463 0.00206966 0.786364 0.144831 
0.00379922 0.00426674 0.0581109 0.00110651 0.00239328 0.735244 0.195079 
0.00158744 8.14509E-4 0.0308674 3.45316E-4 7.6374E-4 0.231348 0.734273 
0.00101649 1.48822E-4 0.0145623 1.93834E-5 1.13929E-4 0.0148964 0.969243 
0.0209879 0.013391 0.518985 0.0151115 0.0116505 0.195829 0.224045 
0.00480594 0.00357267 0.834276 0.00293388 0.00242964 0.0794467 0.0725356 
0.00100986 0.00261025 0.957764 4.69793E-4 3.98574E-4 0.0151181 0.0226297 
0.00381855 0.0268667 0.937802 0.00415101 0.00369839 0.0156295 0.0080336 
0.00541957 0.0173122 0.937002 0.0102842 0.00168796 0.014586 0.0137082 
0.00282243 0.0215756 0.953884 0.00396906 0.00200642 0.00711886 0.00862392 
6.92204E-4 0.00504603 0.98547 4.79784E-4 1.33777E-4 0.00249032 0.00568826 
0.00768434 0.0619492 0.880626 0.00940712 0.00289562 0.0219386 0.015499 
5.25339E-4 0.00270164 0.991183 2.57641E-4 1.87993E-5 0.00306569 0.00224828 
6.54651E-4 0.00230643 0.991966 2.30267E-4 1.6917E-5 0.00230718 0.00251882 
9.6084E-4 0.00155168 0.990946 1.77331E-4 1.40362E-5 0.00251057 0.00383931 
7.5194E-4 7.78207E-4 0.990534 1.192E-4 1.42164E-5 0.00224649 0.00555617 
0.00146467 7.49894E-4 0.984053 2.09284E-4 2.50012E-5 0.00540643 0.00809185 
0.00281357 0.00109958 0.970413 3.85113E-4 5.03398E-5 0.0137225 0.0115155 
0.00269582 0.00157828 0.976101 3.81872E-4 3.6385E-5 0.0106569 0.00854955 
0.00221192 0.00198725 0.980562 3.60199E-4 2.60702E-5 0.00849617 0.00635668 
0.00320933 0.00158673 0.977125 4.44514E-4 4.15381E-5 0.00882773 0.00876531 
0.0022392 0.00291531 0.978402 4.09399E-4 3.45902E-5 0.01027 0.00572899 
0.00284538 0.00336452 0.978197 4.82308E-4 4.10921E-5 0.0101484 0.00492114 
0.00421272 0.00790779 0.954568 9.45517E-4 9.91813E-5 0.0272798 0.00498697 
0.0747405 0.0280437 0.59967 0.013907 0.00352262 0.246026 0.0340908 
0.241832 0.0567057 0.222746 0.0354403 0.00572984 0.394814 0.0427319 
0.523601 0.153663 0.10243 0.0465259 0.00316577 0.120696 0.0499181 
0.604712 0.129949 0.113232 0.0231068 0.00240687 0.0914134 0.0351795 
0.774421 0.107594 0.050261 0.0210805 0.00148123 0.0154298 0.0297324 
0.78369 0.073237 0.059933 0.0231928 0.00123842 0.0282818 0.0304273 
0.841314 0.0454506 0.03444 0.0264042 0.00119265 0.0100954 0.0411036 
0.820933 0.0192782 0.0547366 0.0589732 7.04283E-4 0.00483309 0.0405421 
0.777635 0.0252912 0.0783076 0.050876 7.64935E-4 0.00788963 0.0592353 
0.767645 0.0179736 0.0948553 0.0342106 5.24193E-4 0.00810979 0.0766814 
0.7393 0.0266782 0.0995212 0.0731026 8.79228E-4 0.00430557 0.0562136 
0.760364 0.0629855 0.0828913 0.0497985 7.84542E-4 0.00617687 0.0369996 
0.69484 0.0721439 0.0954407 0.0866987 0.00114324 0.00967908 0.0400539 
0.554974 0.206758 0.0526399 0.147777 0.00280729 0.0112668 0.0237763 
0.642632 0.216776 0.0380751 0.0691737 0.00178049 0.0113985 0.0201638 
0.266966 0.645902 0.00892894 0.032453 0.0095348 0.0262567 0.00995857 
0.0838067 0.86466 0.00350315 0.0136923 0.00587595 0.0240771 0.00438449 
0.0504062 0.915414 0.00187923 0.00743238 0.00388132 0.0179323 0.00305446 
0.221188 0.713755 0.00579938 0.0261745 0.00555609 0.0193093 0.00821804 
0.225913 0.695982 0.00441703 0.0508805 0.00664564 0.00926917 0.00689213 
0.298774 0.611385 0.00623922 0.0594412 0.00514415 0.00936215 0.00965478 
0.225596 0.71979 0.00287443 0.0292057 0.00825558 0.00708546 0.00719242 
0.26146 0.666691 0.0032642 0.0489006 0.0105968 0.00382572 0.00526073 
0.453462 0.430224 0.0094406 0.0918502 0.00330502 0.00270926 0.00900886 
0.489844 0.320505 0.0216719 0.139181 0.00368617 0.00741595 0.0176964 
0.357629 0.418225 0.0180202 0.176063 0.005889 0.0100189 0.0141555 
0.294857 0.318008 0.0345607 0.302152 0.0066773 0.0201508 0.0235939 
0.372742 0.343868 0.0352593 0.18386 0.00544926 0.0375751 0.021246 
0.443188 0.333028 0.0424201 0.0738289 0.00258988 0.0746134 0.0303318 
0.27419 0.502029 0.0345489 0.00814926 0.00173145 0.150098 0.0292532 
0.0367349 0.497289 0.0124217 1.09513E-4 0.00203816 0.449786 0.00162041 
0.0292174 0.567512 0.0194735 1.84823E-4 0.00216265 0.380346 0.00110314 
0.0387949 0.552247 0.0220488 2.11921E-4 0.00240805 0.383186 0.00110398 
0.0543713 0.629144 0.0172045 3.76148E-4 0.00280068 0.295136 9.67823E-4 
0.0482573 0.704939 0.0211177 3.08177E-4 0.00243139 0.221519 0.00142741 
0.0333076 0.749366 0.0139976 1.50815E-4 0.00198054 0.200299 8.97887E-4 
0.0166238 0.867394 0.0107147 1.23289E-4 0.00159617 0.102776 7.72343E-4 
0.0116834 0.904263 0.00661535 6.91214E-5 0.00111962 0.0756992 5.50419E-4 
0.018539 0.875533 0.00995101 1.53724E-4 0.00155384 0.0933638 9.05908E-4 
0.282845 0.321297 0.0518645 0.00836179 0.00286297 0.306765 0.0260039 
0.760988 0.0432735 0.0353878 0.0547679 8.39082E-4 0.00755836 0.0971858 
0.757857 0.0832969 0.0330581 0.0291068 0.00136762 0.01248 0.0828334 
0.621916 0.145698 0.0671211 0.0231315 0.00259711 0.0857836 0.0537527 
0.201192 0.122973 0.0341963 0.00531284 0.00100072 0.611783 0.0235423 
0.488667 0.118838 0.06102 0.123133 0.00468154 0.123453 0.0802071 
0.165533 0.0675865 0.138967 0.0624948 0.0060095 0.527539 0.0318696 
0.237755 0.213653 0.0775479 0.0367135 0.00269081 0.383745 0.0478942 
0.257073 0.110118 0.0739686 0.0311152 0.0025393 0.48208 0.0431063 
0.385355 0.166203 0.0935475 0.0415839 0.00541291 0.224843 0.0830538 
0.634491 0.106738 0.0519144 0.0548174 0.00325477 0.0794095 0.0693748 
0.553309 0.135977 0.0833384 0.103418 0.00374418 0.0600022 0.0602113 
0.499002 0.103368 0.0884799 0.070605 0.00517745 0.164148 0.0692201 
0.0426184 0.11843 0.012342 1.2746E-4 7.15368E-4 0.822836 0.00293149 
0.0162578 0.576717 0.0017188 1.02306E-4 6.49682E-4 0.403366 0.00118883 
0.124076 0.408693 0.0221825 0.00273941 0.00144979 0.426411 0.0144484 
0.145412 0.694606 0.0191645 0.00525239 6.8094E-4 0.10931 0.0255738 
0.0616166 0.22853 0.0108936 4.9923E-4 2.9665E-4 0.685928 0.0122357 
0.243764 0.17786 0.100919 0.0707214 0.00722781 0.309789 0.0897179 
0.0857146 0.662291 0.0446728 0.00488061 0.0148975 0.0407263 0.146817 
0.0117377 0.946287 0.00644246 5.70789E-4 0.00541663 0.00431413 0.0252312 
0.00626188 0.967818 0.00715466 9.99273E-4 0.00204208 0.0082363 0.00748738 
0.0184222 0.864605 0.0509661 0.0198992 0.0142709 0.023336 0.00850044 
0.0311875 0.712733 0.112788 0.0453591 0.034683 0.0454496 0.0177994 
0.0601181 0.597662 0.160222 0.0140626 0.0260623 0.0917088 0.0501645 
0.00992655 0.0238579 0.0863547 0.00257869 0.00402624 0.821428 0.0518274 
0.00179707 0.00183891 0.0160518 4.78724E-4 6.57987E-4 0.730001 0.249175 
5.80759E-4 0.00250609 0.00627919 2.40434E-4 8.84436E-4 0.934099 0.0554104 
0.00247448 0.00256027 0.0182845 5.42103E-4 0.00100862 0.815331 0.159799 
0.0123281 0.0154249 0.097623 0.00293384 0.00638161 0.791179 0.0741292 
0.00605629 0.00727007 0.0578373 0.00165452 0.00271917 0.850214 0.0742491 
0.00717012 0.0106733 0.0897554 0.00261764 0.00861646 0.810964 0.0702031 
0.00230399 0.00386367 0.0161901 4.8619E-4 0.00152865 0.7979 0.177727 
0.00178035 0.00491238 0.0129608 6.2329E-4 0.00228211 0.876603 0.100838 
0.00205403 0.00475479 0.0136197 5.87329E-4 0.00285838 0.78974 0.186386 
0.00385304 0.00810135 0.0454396 0.00135093 0.00559173 0.854026 0.0816378 
0.0049856 0.00698945 0.0570735 0.00151677 0.00391606 0.838322 0.0871966 
0.00301558 0.00244404 0.0282883 0.00118723 0.00110861 0.72578 0.238176 
0.004176 0.00367965 0.0574252 0.00145463 0.00206966 0.786364 0.144831 
0.00379922 0.00426674 0.0581109 0.00110651 0.00239328 0.735244 0.195079 
0.00158744 8.14509E-4 0.0308674 3.45316E-4 7.6374E-4 0.231348 0.734273 
0.00101649 1.48822E-4 0.0145623 1.93834E-5 1.13929E-4 0.0148964 0.969243 
0.0209879 0.013391 0.518985 0.0151115 0.0116505 0.195829 0.224045 
0.00480594 0.00357267 0.834276 0.00293388 0.00242964 0.0794467 0.0725356 
0.00100986 0.00261025 0.957764 4.69793E-4 3.98574E-4 0.0151181 0.0226297 
0.00381855 0.0268667 0.937802 0.00415101 0.00369839 0.0156295 0.0080336 
0.00541957 0.0173122 0.937002 0.0102842 0.00168796 0.014586 0.0137082 
0.00282243 0.0215756 0.953884 0.00396906 0.00200642 0.00711886 0.00862392 
6.92204E-4 0.00504603 0.98547 4.79784E-4 1.33777E-4 0.00249032 0.00568826 
0.00768434 0.0619492 0.880626 0.00940712 0.00289562 0.0219386 0.015499 
5.25339E-4 0.00270164 0.991183 2.57641E-4 1.87993E-5 0.00306569 0.00224828 
6.54651E-4 0.00230643 0.991966 2.30267E-4 1.6917E-5 0.00230718 0.00251882 
9.6084E-4 0.00155168 0.990946 1.77331E-4 1.40362E-5 0.00251057 0.00383931 
7.5194E-4 7.78207E-4 0.990534 1.192E-4 1.42164E-5 0.00224649 0.00555617 
0.00146467 7.49894E-4 0.984053 2.09284E-4 2.50012E-5 0.00540643 0.00809185 
0.00281357 0.00109958 0.970413 3.85113E-4 5.03398E-5 0.0137225 0.0115155 
0.00269582 0.00157828 0.976101 3.81872E-4 3.6385E-5 0.0106569 0.00854955 
0.00221192 0.00198725 0.980562 3.60199E-4 2.60702E-5 0.00849617 0.00635668 
0.00320933 0.00158673 0.977125 4.44514E-4 4.15381E-5 0.00882773 0.00876531 
0.0022392 0.00291531 0.978402 4.09399E-4 3.45902E-5 0.01027 0.00572899 
0.00284538 0.00336452 0.978197 4.82308E-4 4.10921E-5 0.0101484 0.00492114 
0.00421272 0.00790779 0.954568 9.45517E-4 9.91813E-5 0.0272798 0.00498697 
0.0747405 0.0280437 0.59967 0.013907 0.00352262 0.246026 0.0340908 
0.241832 0.0567057 0.222746 0.0354403 0.00572984 0.394814 0.0427319 
0.523601 0.153663 0.10243 0.0465259 0.00316577 0.120696 0.0499181 
0.604712 0.129949 0.113232 0.0231068 0.00240687 0.0914134 0.0351795 
0.774421 0.107594 0.050261 0.0210805 0.00148123 0.0154298 0.0297324 
0.78369 0.073237 0.059933 0.0231928 0.00123842 0.0282818 0.0304273 
0.841314 0.0454506 0.03444 0.0264042 0.00119265 0.0100954 0.0411036 
0.820933 0.0192782 0.0547366 0.0589732 7.04283E-4 0.00483309 0.0405421 
0.777635 0.0252912 0.0783076 0.050876 7.64935E-4 0.00788963 0.0592353 
0.767645 0.0179736 0.0948553 0.0342106 5.24193E-4 0.00810979 0.0766814 
0.7393 0.0266782 0.0995212 0.0731026 8.79228E-4 0.00430557 0.0562136 
0.760364 0.0629855 0.0828913 0.0497985 7.84542E-4 0.00617687 0.0369996 
0.69484 0.0721439 0.0954407 0.0866987 0.00114324 0.00967908 0.0400539 
0.554974 0.206758 0.0526399 0.147777 0.00280729 0.0112668 0.0237763 
0.642632 0.216776 0.0380751 0.0691737 0.00178049 0.0113985 0.0201638 
0.266966 0.645902 0.00892894 0.032453 0.0095348 0.0262567 0.00995857 
0.0838067 0.86466 0.00350315 0.0136923 0.00587595 0.0240771 0.00438449 
0.0504062 0.915414 0.00187923 0.00743238 0.00388132 0.0179323 0.00305446 
0.221188 0.713755 0.00579938 0.0261745 0.00555609 0.0193093 0.00821804 
0.225913 0.695982 0.00441703 0.0508805 0.00664564 0.00926917 0.00689213 
0.298774 0.611385 0.00623922 0.0594412 0.00514415 0.00936215 0.00965478 
0.225596 0.71979 0.00287443 0.0292057 0.00825558 0.00708546 0.00719242 
0.26146 0.666691 0.0032642 0.0489006 0.0105968 0.00382572 0.00526073 
0.453462 0.430224 0.0094406 0.0918502 0.00330502 0.00270926 0.00900886 
0.489844 0.320505 0.0216719 0.139181 0.00368617 0.00741595 0.0176964 
0.357629 0.418225 0.0180202 0.176063 0.005889 0.0100189 0.0141555 
0.294857 0.318008 0.0345607 0.302152 0.0066773 0.0201508 0.0235939 
0.372742 0.343868 0.0352593 0.18386 0.00544926 0.0375751 0.021246 
0.443188 0.333028 0.0424201 0.0738289 0.00258988 0.0746134 0.0303318 
0.27419 0.502029 0.0345489 0.00814926 0.00173145 0.150098 0.0292532 
0.0367349 0.497289 0.0124217 1.09513E-4 0.00203816 0.449786 0.00162041 
0.0292174 0.567512 0.0194735 1.84823E-4 0.00216265 0.380346 0.00110314 
0.0387949 0.552247 0.0220488 2.11921E-4 0.00240805 0.383186 0.00110398 
0.0543713 0.629144 0.0172045 3.76148E-4 0.00280068 0.295136 9.67823E-4 
0.0482573 0.704939 0.0211177 3.08177E-4 0.00243139 0.221519 0.00142741 
0.0333076 0.749366 0.0139976 1.50815E-4 0.00198054 0.200299 8.97887E-4 
0.0166238 0.867394 0.0107147 1.23289E-4 0.00159617 0.102776 7.72343E-4 
0.0116834 0.904263 0.00661535 6.91214E-5 0.00111962 0.0756992 5.50419E-4 
0.018539 0.875533 0.00995101 1.53724E-4 0.00155384 0.0933638 9.05908E-4 
0.282845 0.321297 0.0518645 0.00836179 0.00286297 0.306765 0.0260039 
0.760988 0.0432735 0.0353878 0.0547679 8.39082E-4 0.00755836 0.0971858 
0.757857 0.0832969 0.0330581 0.0291068 0.00136762 0.01248 0.0828334 
0.621916 0.145698 0.0671211 0.0231315 0.00259711 0.0857836 0.0537527 
0.201192 0.122973 0.0341963 0.00531284 0.00100072 0.611783 0.0235423 
0.488667 0.118838 0.06102 0.123133 0.00468154 0.123453 0.0802071 
0.165533 0.0675865 0.138967 0.0624948 0.0060095 0.527539 0.0318696 
0.237755 0.213653 0.0775479 0.0367135 0.00269081 0.383745 0.0478942 
0.257073 0.110118 0.0739686 0.0311152 0.0025393 0.48208 0.0431063 
0.385355 0.166203 0.0935475 0.0415839 0.00541291 0.224843 0.0830538 
0.634491 0.106738 0.0519144 0.0548174 0.00325477 0.0794095 0.0693748 
0.553309 0.135977 0.0833384 0.103418 0.00374418 0.0600022 0.0602113 
0.499002 0.103368 0.0884799 0.070605 0.00517745 0.164148 0.0692201 
0.0426184 0.11843 0.012342 1.2746E-4 7.15368E-4 0.822836 0.00293149 
0.0162578 0.576717 0.0017188 1.02306E-4 6.49682E-4 0.403366 0.00118883 
0.124076 0.408693 0.0221825 0.00273941 0.00144979 0.426411 0.0144484 
0.145412 0.694606 0.0191645 0.00525239 6.8094E-4 0.10931 0.0255738 
0.0616166 0.22853 0.0108936 4.9923E-4 2.9665E-4 0.685928 0.0122357 
0.243764 0.17786 0.100919 0.0707214 0.00722781 0.309789 0.0897179 
0.490933 0.00537812 0.161973 0.00659252 0.00146317 0.0017317 0.331929 
0.552606 0.00402706 0.19348 0.00511608 8.62445E-4 0.00167592 0.242232 
0.425433 0.00601571 0.163334 0.00525324 0.00121102 0.0022983 0.396454 
0.440518 0.0054575 0.175091 0.00704314 0.00121309 0.00202438 0.368653 
0.450199 0.00455297 0.179353 0.00619298 0.00149083 0.00259825 0.355613 
0.539213 0.0044631 0.166611 0.00579313 8.27985E-4 0.00145642 0.281635 
0.341485 0.00528589 0.167909 0.00535086 0.0017944 0.00317674 0.474999 
0.43513 0.00536187 0.198299 0.00505799 0.00152269 0.00264887 0.35198 
0.346324 0.0061038 0.213883 0.00620944 0.00195871 0.00323961 0.422282 
0.463657 0.00612501 0.217773 0.00541473 0.00145002 0.0026299 0.302951 
0.411506 0.00570896 0.241587 0.0060447 0.00232109 0.00380587 0.329026 
0.507403 0.00383268 0.242296 0.0115358 0.00107908 0.00197146 0.231882 
0.296222 0.00592272 0.244585 0.00784641 0.00251739 0.00357973 0.439327 
0.41756 0.00486184 0.230691 0.00943887 0.00160581 0.00360546 0.332237 
0.27374 0.00639479 0.209881 0.012264 0.00268492 0.00477733 0.490258 
0.369469 0.00628477 0.221633 0.0115471 0.00208696 0.00290436 0.386074 
0.420185 0.00561302 0.192794 0.00620502 0.00210095 0.00349903 0.369603 
0.239301 0.00638148 0.194838 0.00873002 0.00263022 0.00422613 0.543893 
0.240931 0.00576084 0.166446 0.00639869 0.00265473 0.00446184 0.573347 
0.250838 0.00579856 0.174631 0.00790018 0.00236345 0.00342508 0.555043 
0.241627 0.00568814 0.216125 0.0059622 0.00275129 0.00496961 0.522877 
0.196159 0.00562209 0.308652 0.00634157 0.00275341 0.00533274 0.475139 
0.17608 0.00501352 0.202999 0.00537804 0.00254367 0.0036435 0.604343 
0.183844 0.00615543 0.190916 0.00758332 0.00263174 0.00396596 0.604903 
0.231475 0.00670476 0.240298 0.00764423 0.00340857 0.00494393 0.505526 
0.220244 0.00626051 0.192946 0.00627219 0.00267942 0.00367431 0.567924 
0.228729 0.00579127 0.25283 0.0062744 0.00319917 0.00483765 0.498339 
0.183043 0.00604005 0.228326 0.00688957 0.00316337 0.00418976 0.568349 
0.270523 0.00676681 0.189395 0.00913698 0.00291964 0.00334108 0.517917 
0.220563 0.0058303 0.249054 0.00595009 0.00257447 0.00393096 0.512097 
0.237515 0.00628826 0.20889 0.00859218 0.00294325 0.00421128 0.53156 
0.264938 0.00654222 0.233969 0.00823761 0.00283377 0.00480697 0.478673 
0.215578 0.00846968 0.257419 0.00878781 0.00375546 0.00680344 0.499186 
0.259601 0.00597832 0.177448 0.00611377 0.00233339 0.00546328 0.543063 
0.230735 0.00638989 0.208629 0.0107878 0.00241217 0.00537338 0.535672 
0.256961 0.00648913 0.206466 0.00948116 0.00248226 0.00461848 0.513502 
0.260864 0.0060287 0.235155 0.0110352 0.00246615 0.00478313 0.479668 
0.264773 0.00634684 0.208484 0.0113635 0.00244911 0.00436413 0.502219 
0.228798 0.00589938 0.217703 0.0108312 0.00243601 0.00486042 0.529472 
0.351718 0.00525524 0.278298 0.0092207 0.00242862 0.00472602 0.348353 
0.31475 0.0066053 0.265722 0.00781801 0.00257963 0.00417819 0.398347 
0.323372 0.00550879 0.180939 0.00673415 0.00213565 0.0036408 0.477669 
0.359126 0.0061311 0.215679 0.0091727 0.00202103 0.00406716 0.403803 
0.359746 0.00552561 0.223056 0.00715501 0.00205422 0.00345993 0.399003 
0.388555 0.00598366 0.165937 0.00658046 0.00151682 0.00191341 0.429514 
0.317637 0.00570576 0.171185 0.00856073 0.00191754 0.00288404 0.49211 
0.369177 0.00484658 0.255794 0.012338 0.00204371 0.00366452 0.352136 
0.212357 0.00566288 0.265481 0.00840682 0.00296497 0.00438922 0.500737 
0.258869 0.0074474 0.226703 0.00671192 0.00354547 0.00512478 0.491599 
0.218746 0.00632281 0.215422 0.00636235 0.00386696 0.00437427 0.544906 
0.245118 0.00769927 0.266001 0.00852657 0.00318955 0.00471382 0.464752 
0.285195 0.00591812 0.224383 0.00648618 0.00249086 0.00448172 0.471045 
0.427423 0.00471171 0.17768 0.00573862 0.00185633 0.00187571 0.380715 
0.373917 0.00558457 0.178728 0.00528355 0.00204685 0.00216332 0.432277 
0.433241 0.0046923 0.158752 0.00780456 0.00282005 0.00171423 0.390975 
0.293927 0.00505427 0.169907 0.00786749 0.00251178 0.00232347 0.518409 
0.322996 0.00538632 0.21109 0.00855884 0.00215182 0.00272655 0.44709 
0.303235 0.00526477 0.200828 0.0057936 0.00211475 0.00326891 0.479495 
0.337781 0.00536802 0.177406 0.00645652 0.00259174 0.00267895 0.467717 
0.338415 0.00530884 0.181352 0.00455163 0.00308621 0.00301974 0.464266 
0.536414 0.0043331 0.166239 0.00598374 0.00163144 0.00106859 0.28433 
0.491545 0.00464116 0.186052 0.00458275 0.00122673 0.00147414 0.310478 
0.409092 0.00493268 0.167619 0.00815629 0.00144803 0.00181734 0.406935 
0.606053 0.00383761 0.126264 0.0182868 0.00251962 0.00150738 0.241532 
0.5147 0.00375598 0.163415 0.0134075 0.00146391 0.00175303 0.301505 
0.56436 0.00413978 0.156377 0.00978276 0.00157735 0.00218052 0.261583 
0.625491 0.00402571 0.116521 0.00879715 0.00234876 0.0023243 0.240492 
0.478821 0.00458784 0.18689 0.00551672 0.00231928 0.00316726 0.318698 
0.475235 0.00405088 0.181996 0.00606029 0.00221726 0.00292355 0.327517 
0.0857146 0.662291 0.0446728 0.00488061 0.0148975 0.0407263 0.146817 
0.0117377 0.946287 0.00644246 5.70789E-4 0.00541663 0.00431413 0.0252312 
0.00626188 0.967818 0.00715466 9.99273E-4 0.00204208 0.0082363 0.00748738 
0.0184222 0.864605 0.0509661 0.0198992 0.0142709 0.023336 0.00850044 
0.0311875 0.712733 0.112788 0.0453591 0.034683 0.0454496 0.0177994 
0.0601181 0.597662 0.160222 0.0140626 0.0260623 0.0917088 0.0501645 
0.00992655 0.0238579 0.0863547 0.00257869 0.00402624 0.821428 0.0518274 
0.00179707 0.00183891 0.0160518 4.78724E-4 6.57987E-4 0.730001 0.249175 
5.80759E-4 0.00250609 0.00627919 2.40434E-4 8.84436E-4 0.934099 0.0554104 
0.00247448 0.00256027 0.0182845 5.42103E-4 0.00100862 0.815331 0.159799 
0.0123281 0.0154249 0.097623 0.00293384 0.00638161 0.791179 0.0741292 
0.00605629 0.00727007 0.0578373 0.00165452 0.00271917 0.850214 0.0742491 
0.00717012 0.0106733 0.0897554 0.00261764 0.00861646 0.810964 0.0702031 
0.00230399 0.00386367 0.0161901 4.8619E-4 0.00152865 0.7979 0.177727 
0.00178035 0.00491238 0.0129608 6.2329E-4 0.00228211 0.876603 0.100838 
0.00205403 0.00475479 0.0136197 5.87329E-4 0.00285838 0.78974 0.186386 
0.00385304 0.00810135 0.0454396 0.00135093 0.00559173 0.854026 0.0816378 
0.0049856 0.00698945 0.0570735 0.00151677 0.00391606 0.838322 0.0871966 
0.00301558 0.00244404 0.0282883 0.00118723 0.00110861 0.72578 0.238176 
0.004176 0.00367965 0.0574252 0.00145463 0.00206966 0.786364 0.144831 
0.00379922 0.00426674 0.0581109 0.00110651 0.00239328 0.735244 0.195079 
0.00158744 8.14509E-4 0.0308674 3.45316E-4 7.6374E-4 0.231348 0.734273 
0.00101649 1.48822E-4 0.0145623 1.93834E-5 1.13929E-4 0.0148964 0.969243 
0.0209879 0.013391 0.518985 0.0151115 0.0116505 0.195829 0.224045 
0.00480594 0.00357267 0.834276 0.00293388 0.00242964 0.0794467 0.0725356 
0.00100986 0.00261025 0.957764 4.69793E-4 3.98574E-4 0.0151181 0.0226297 
0.00381855 0.0268667 0.937802 0.00415101 0.00369839 0.0156295 0.0080336 
0.00541957 0.0173122 0.937002 0.0102842 0.00168796 0.014586 0.0137082 
0.00282243 0.0215756 0.953884 0.00396906 0.00200642 0.00711886 0.00862392 
6.92204E-4 0.00504603 0.98547 4.79784E-4 1.33777E-4 0.00249032 0.00568826 
0.00768434 0.0619492 0.880626 0.00940712 0.00289562 0.0219386 0.015499 
5.25339E-4 0.00270164 0.991183 2.57641E-4 1.87993E-5 0.00306569 0.00224828 
6.54651E-4 0.00230643 0.991966 2.30267E-4 1.6917E-5 0.00230718 0.00251882 
9.6084E-4 0.00155168 0.990946 1.77331E-4 1.40362E-5 0.00251057 0.00383931 
7.5194E-4 7.78207E-4 0.990534 1.192E-4 1.42164E-5 0.00224649 0.00555617 
0.00146467 7.49894E-4 0.984053 2.09284E-4 2.50012E-5 0.00540643 0.00809185 
0.00281357 0.00109958 0.970413 3.85113E-4 5.03398E-5 0.0137225 0.0115155 
0.00269582 0.00157828 0.976101 3.81872E-4 3.6385E-5 0.0106569 0.00854955 
0.00221192 0.00198725 0.980562 3.60199E-4 2.60702E-5 0.00849617 0.00635668 
0.00320933 0.00158673 0.977125 4.44514E-4 4.15381E-5 0.00882773 0.00876531 
0.0022392 0.00291531 0.978402 4.09399E-4 3.45902E-5 0.01027 0.00572899 
0.00284538 0.00336452 0.978197 4.82308E-4 4.10921E-5 0.0101484 0.00492114 
0.00421272 0.00790779 0.954568 9.45517E-4 9.91813E-5 0.0272798 0.00498697 
0.0747405 0.0280437 0.59967 0.013907 0.00352262 0.246026 0.0340908 
0.241832 0.0567057 0.222746 0.0354403 0.00572984 0.394814 0.0427319 
0.523601 0.153663 0.10243 0.0465259 0.00316577 0.120696 0.0499181 
0.604712 0.129949 0.113232 0.0231068 0.00240687 0.0914134 0.0351795 
0.774421 0.107594 0.050261 0.0210805 0.00148123 0.0154298 0.0297324 
0.78369 0.073237 0.059933 0.0231928 0.00123842 0.0282818 0.0304273 
0.841314 0.0454506 0.03444 0.0264042 0.00119265 0.0100954 0.0411036 
0.820933 0.0192782 0.0547366 0.0589732 7.04283E-4 0.00483309 0.0405421 
0.777635 0.0252912 0.0783076 0.050876 7.64935E-4 0.00788963 0.0592353 
0.767645 0.0179736 0.0948553 0.0342106 5.24193E-4 0.00810979 0.0766814 
0.7393 0.0266782 0.0995212 0.0731026 8.79228E-4 0.00430557 0.0562136 
0.760364 0.0629855 0.0828913 0.0497985 7.84542E-4 0.00617687 0.0369996 
0.69484 0.0721439 0.0954407 0.0866987 0.00114324 0.00967908 0.0400539 
0.554974 0.206758 0.0526399 0.147777 0.00280729 0.0112668 0.0237763 
0.642632 0.216776 0.0380751 0.0691737 0.00178049 0.0113985 0.0201638 
0.266966 0.645902 0.00892894 0.032453 0.0095348 0.0262567 0.00995857 
0.0838067 0.86466 0.00350315 0.0136923 0.00587595 0.0240771 0.00438449 
0.0504062 0.915414 0.00187923 0.00743238 0.00388132 0.0179323 0.00305446 
0.221188 0.713755 0.00579938 0.0261745 0.00555609 0.0193093 0.00821804 
0.225913 0.695982 0.00441703 0.0508805 0.00664564 0.00926917 0.00689213 
0.298774 0.611385 0.00623922 0.0594412 0.00514415 0.00936215 0.00965478 
0.225596 0.71979 0.00287443 0.0292057 0.00825558 0.00708546 0.00719242 
0.26146 0.666691 0.0032642 0.0489006 0.0105968 0.00382572 0.00526073 
0.453462 0.430224 0.0094406 0.0918502 0.00330502 0.00270926 0.00900886 
0.489844 0.320505 0.0216719 0.139181 0.00368617 0.00741595 0.0176964 
0.357629 0.418225 0.0180202 0.176063 0.005889 0.0100189 0.0141555 
0.294857 0.318008 0.0345607 0.302152 0.0066773 0.0201508 0.0235939 
0.372742 0.343868 0.0352593 0.18386 0.00544926 0.0375751 0.021246 
0.443188 0.333028 0.0424201 0.0738289 0.00258988 0.0746134 0.0303318 
0.27419 0.502029 0.0345489 0.00814926 0.00173145 0.150098 0.0292532 
0.0367349 0.497289 0.0124217 1.09513E-4 0.00203816 0.449786 0.00162041 
0.0292174 0.567512 0.0194735 1.84823E-4 0.00216265 0.380346 0.00110314 
0.0387949 0.552247 0.0220488 2.11921E-4 0.00240805 0.383186 0.00110398 
0.0543713 0.629144 0.0172045 3.76148E-4 0.00280068 0.295136 9.67823E-4 
0.0482573 0.704939 0.0211177 3.08177E-4 0.00243139 0.221519 0.00142741 
0.0333076 0.749366 0.0139976 1.50815E-4 0.00198054 0.200299 8.97887E-4 
0.0166238 0.867394 0.0107147 1.23289E-4 0.00159617 0.102776 7.72343E-4 
0.0116834 0.904263 0.00661535 6.91214E-5 0.00111962 0.0756992 5.50419E-4 
0.018539 0.875533 0.00995101 1.53724E-4 0.00155384 0.0933638 9.05908E-4 
0.282845 0.321297 0.0518645 0.00836179 0.00286297 0.306765 0.0260039 
0.760988 0.0432735 0.0353878 0.0547679 8.39082E-4 0.00755836 0.0971858 
0.757857 0.0832969 0.0330581 0.0291068 0.00136762 0.01248 0.0828334 
0.621916 0.145698 0.0671211 0.0231315 0.00259711 0.0857836 0.0537527 
0.201192 0.122973 0.0341963 0.00531284 0.00100072 0.611783 0.0235423 
0.488667 0.118838 0.06102 0.123133 0.00468154 0.123453 0.0802071 
0.165533 0.0675865 0.138967 0.0624948 0.0060095 0.527539 0.0318696 
0.237755 0.213653 0.0775479 0.0367135 0.00269081 0.383745 0.0478942 
0.257073 0.110118 0.0739686 0.0311152 0.0025393 0.48208 0.0431063 
0.385355 0.166203 0.0935475 0.0415839 0.00541291 0.224843 0.0830538 
0.634491 0.106738 0.0519144 0.0548174 0.00325477 0.0794095 0.0693748 
0.553309 0.135977 0.0833384 0.103418 0.00374418 0.0600022 0.0602113 
0.499002 0.103368 0.0884799 0.070605 0.00517745 0.164148 0.0692201 
0.0426184 0.11843 0.012342 1.2746E-4 7.15368E-4 0.822836 0.00293149 
0.0162578 0.576717 0.0017188 1.02306E-4 6.49682E-4 0.403366 0.00118883 
0.124076 0.408693 0.0221825 0.00273941 0.00144979 0.426411 0.0144484 
0.145412 0.694606 0.0191645 0.00525239 6.8094E-4 0.10931 0.0255738 
0.0616166 0.22853 0.0108936 4.9923E-4 2.9665E-4 0.685928 0.0122357 
0.243764 0.17786 0.100919 0.0707214 0.00722781 0.309789 0.0897179 
0.688847 0.00431558 0.163625 0.00848105 0.00914307 0.00265837 0.122931 
0.716563 0.00313531 0.178045 0.00537724 0.00530314 0.00460744 0.0869684 
0.732275 0.00443968 0.158996 0.00328243 0.0124915 0.00511072 0.0834049 
0.659013 0.0033754 0.197624 0.00791087 0.00572452 0.00276361 0.123588 
0.621589 0.00378361 0.178349 0.00420315 0.00566022 0.00272338 0.183692 
0.73099 0.00307311 0.192272 0.00222518 0.00276641 0.00250603 0.0661674 
0.76724 0.00256769 0.177527 0.0056214 0.00532717 0.00175439 0.0399618 
0.79685 0.0039373 0.151863 0.0045712 0.00367049 0.001479 0.0376285 
0.690649 0.00353424 0.227915 0.00223176 0.00248115 0.00138955 0.0717997 
0.733769 0.00315455 0.189716 0.00262806 0.00411855 0.00231695 0.0642974 
0.71281 0.00364076 0.182468 0.00500998 0.00678404 0.00215331 0.087134 
0.735989 0.00354769 0.177863 0.00547993 0.0114246 0.00221396 0.0634814 
0.723216 0.00378139 0.177805 0.00575763 0.0107499 0.00246362 0.0762269 
0.759988 0.00393281 0.160973 0.00730824 0.0076727 0.00278401 0.0573411 
0.769406 0.00345528 0.158512 0.00764911 0.00479312 0.00266904 0.0535148 
0.738899 0.00392244 0.15546 0.00650312 0.00462487 0.00169987 0.0888913 
0.749407 0.00373024 0.150637 0.00948653 0.00741815 0.00237213 0.076948 
0.743199 0.00465604 0.152081 0.00827058 0.0107488 0.00190437 0.0791396 
0.713569 0.00450372 0.170329 0.00408499 0.00792729 0.00241795 0.0971675 
0.734059 0.00393794 0.153436 0.00693516 0.00729514 0.00183672 0.0924996 
0.733705 0.00502841 0.149046 0.00739573 0.0122887 0.00259913 0.0899366 
0.725021 0.00376001 0.18325 0.00475145 0.00396697 0.001906 0.0773445 
0.766785 0.00432473 0.151263 0.0101692 0.0104494 0.00198863 0.0550203 
0.736947 0.00456598 0.174119 0.00553603 0.00806429 0.00203728 0.0687305 
0.744861 0.00420816 0.166788 0.0058116 0.00734134 0.00225898 0.0687306 
0.703344 0.00394925 0.187777 0.00539527 0.00527438 0.00286121 0.0913993 
0.713932 0.0039985 0.178315 0.00394942 0.00423638 0.00210696 0.093461 
0.718266 0.00408526 0.17683 0.00573753 0.00919604 0.00287628 0.0830087 
0.650603 0.00355635 0.2018 0.00293043 0.00560083 0.00339358 0.132115 
0.746072 0.00443 0.16082 0.00614643 0.0105812 0.00333798 0.0686119 
0.732377 0.00330216 0.172953 0.00929264 0.00668121 0.00227618 0.0731182 
0.72121 0.00374808 0.163292 0.00331154 0.00565036 0.00287214 0.099916 
0.768245 0.00405872 0.161394 0.00280353 0.00571467 0.00265932 0.0551249 
0.746452 0.00353208 0.19309 0.00428097 0.0025029 0.00214617 0.0479958 
0.725455 0.00351084 0.188427 0.00249079 0.00513065 0.00275226 0.0722336 
0.671374 0.00352657 0.208948 0.00174824 0.00264638 0.00486989 0.106886 
0.634955 0.00286896 0.254152 0.00156625 0.00154833 0.00617035 0.0987392 
0.422549 0.00367636 0.396317 0.00161931 0.00337763 0.0188374 0.153624 
0.544515 0.00415899 0.316314 0.00226739 0.00662402 0.0285698 0.0975505 
0.49378 0.00471534 0.347558 0.00194429 0.00432099 0.0516507 0.0960307 
0.421526 0.00545026 0.421594 0.00101008 0.00585019 0.0348782 0.109691 
0.418391 0.00581415 0.439428 0.00199579 0.01302 0.0331133 0.0882377 
0.361484 0.00623309 0.44065 0.00265589 0.0161845 0.0462337 0.126558 
0.447344 0.00555164 0.433585 0.00138486 0.00945069 0.031709 0.0709742 
0.442422 0.0042292 0.410257 0.001094 0.00630891 0.0463719 0.089317 
0.35416 0.0035749 0.472743 0.00115793 0.00295691 0.046609 0.118798 
0.267391 0.00347996 0.489843 0.0014149 0.00269545 0.0443848 0.190791 
0.350741 0.00297313 0.42626 0.00185208 0.00249779 0.0312101 0.184466 
0.320244 0.00384324 0.441021 0.00137667 0.00289787 0.0386933 0.191924 
0.326873 0.00320826 0.469722 0.0011251 0.00266825 0.037289 0.159115 
0.219189 0.00408222 0.504205 0.0022554 0.00301191 0.0588395 0.208417 
0.191729 0.00540339 0.5038 0.00277403 0.00569806 0.0541155 0.236479 
0.115843 0.005323 0.657636 0.00420876 0.00660808 0.0764624 0.133919 
0.105355 0.00561409 0.64236 0.0042365 0.00574771 0.117928 0.118758 
0.14592 0.00593916 0.559297 0.00397463 0.00402056 0.14828 0.13257 
0.204105 0.0056362 0.554814 0.00321477 0.00508259 0.106473 0.120675 
0.13394 0.00589021 0.639273 0.00359137 0.00534154 0.0969935 0.11497 
0.172508 0.00485216 0.586685 0.00301164 0.00413926 0.0677168 0.161088 
0.124713 0.00607407 0.563238 0.00505228 0.00595422 0.12026 0.174709 
0.0977355 0.00486653 0.627454 0.00475243 0.00357714 0.0962321 0.165382 
0.306956 0.00419119 0.450083 0.00166321 0.00155164 0.0986885 0.136866 
0.325186 0.00419854 0.428471 0.00152309 0.00114604 0.0920533 0.147423 
0.360837 0.00530217 0.390694 0.00145647 0.00196528 0.112114 0.12763 
0.531893 0.00451645 0.34636 0.00262122 0.00276554 0.0449098 0.0669342 
0.552867 0.00451096 0.327927 0.00142415 0.00160501 0.0390939 0.0725719 
0.610972 0.00467504 0.286071 0.00217791 0.0038308 0.0113355 0.0809384 
0.596183 0.00429696 0.244934 0.00172803 0.00137674 0.0131733 0.138308 
0.74899 0.00429196 0.173292 0.00350276 0.0039986 0.00290914 0.0630148 
0.808496 0.00523796 0.119712 0.00448367 0.00323291 0.00398358 0.0548537 
0.805605 0.00527042 0.116361 0.00316198 0.00372154 0.00509349 0.060787 
