0.67363 0.00704422 0.158958 0.0956111 0.0030734 0.00199479 0.0596893 
0.703503 0.00556435 0.160329 0.0679673 0.00251695 0.00139302 0.0587263 
0.68351 0.00565038 0.161448 0.084468 0.00307482 0.00184625 0.0600028 
0.704633 0.00513523 0.164836 0.0834548 0.00342787 0.00141487 0.0370977 
0.719564 0.00499973 0.174036 0.0706326 0.00267559 0.00109394 0.0269983 
0.712002 0.00430484 0.190389 0.0396986 0.00172307 0.0010284 0.0508543 
0.744731 0.00523028 0.148671 0.06431 0.00265693 0.00100952 0.0333911 
0.75752 0.00597291 0.14311 0.053878 0.00232166 8.5806E-4 0.0363392 
0.707774 0.00610797 0.162539 0.065032 0.00231777 0.00129046 0.0549385 
0.69532 0.00565075 0.182709 0.0661966 0.00195533 0.00116486 0.0470036 
0.670294 0.00515003 0.21517 0.0557633 0.00159194 0.00117339 0.050858 
0.689434 0.00483249 0.187736 0.0694677 0.00227419 0.00138696 0.044868 
0.654756 0.00562079 0.180235 0.0887545 0.0029957 0.00153164 0.0661059 
0.700808 0.00476188 0.176359 0.0752775 0.00216564 0.00125973 0.0393685 
0.650034 0.00582891 0.179044 0.0977808 0.00287801 0.00193237 0.0625022 
0.671268 0.00493253 0.179787 0.0780914 0.00326676 0.00148236 0.0611718 
0.721026 0.004539 0.144818 0.0881655 0.00333284 9.3661E-4 0.0371821 
0.689336 0.00539707 0.180108 0.0857371 0.0027511 0.00140243 0.0352676 
0.682664 0.00456577 0.165473 0.100419 0.0037054 0.00120433 0.0419678 
0.70331 0.00469033 0.162143 0.082929 0.00318122 0.00111274 0.0426335 
0.638823 0.00603166 0.171057 0.120708 0.00382118 0.00209135 0.0574683 
0.714747 0.00420597 0.175627 0.0553819 0.00224385 9.26795E-4 0.0468676 
0.681699 0.00536848 0.162355 0.108788 0.0033978 0.00154936 0.0368429 
0.707327 0.0043341 0.150281 0.0903767 0.00337257 0.00121282 0.0430951 
0.650735 0.00544134 0.159873 0.147224 0.00375603 0.00141715 0.0315544 
0.692771 0.00536356 0.158826 0.092155 0.00344647 0.00131418 0.0461242 
0.705201 0.0055544 0.168088 0.0736477 0.0025428 0.00118327 0.043782 
0.676744 0.00618196 0.154511 0.109476 0.00319666 0.00138751 0.0485035 
0.682725 0.00577112 0.15395 0.101934 0.00338193 0.00129345 0.0509448 
0.694493 0.00530669 0.173526 0.0817319 0.0027841 0.00129342 0.0408649 
0.720201 0.00564569 0.149637 0.0789045 0.0032905 0.00105877 0.0412634 
0.647045 0.00486932 0.176067 0.0952945 0.00372964 0.00160824 0.0713861 
0.647453 0.00510784 0.16588 0.121177 0.00441281 0.00171361 0.0542552 
0.692505 0.00587868 0.156087 0.0900582 0.00316232 0.00148309 0.0508256 
0.671932 0.0056261 0.168765 0.103889 0.00345978 0.00190565 0.0444226 
0.589935 0.00781401 0.179258 0.171584 0.00544284 0.00301187 0.0429546 
0.666024 0.00601039 0.174852 0.118878 0.00350484 0.00180517 0.0289255 
0.605281 0.00620898 0.207222 0.111916 0.00344233 0.00258966 0.0633395 
0.664622 0.00507912 0.184688 0.0790797 0.00255106 0.00165137 0.0623297 
0.621078 0.00536325 0.190009 0.0979601 0.00338708 0.0025142 0.079689 
0.539965 0.00909238 0.190286 0.202468 0.00584745 0.00491716 0.0474237 
0.619583 0.00683759 0.173387 0.156521 0.00422279 0.00239597 0.0370533 
0.545952 0.00828889 0.157415 0.261429 0.00422596 0.0023597 0.0203305 
0.583133 0.00777268 0.184173 0.191573 0.00408787 0.00259303 0.0266669 
0.522868 0.00981839 0.207033 0.207029 0.0058516 0.00465004 0.0427487 
0.591012 0.00779514 0.179011 0.182201 0.00409074 0.00299276 0.0328971 
0.593353 0.00859744 0.237651 0.114822 0.00367859 0.00332575 0.0385723 
0.631346 0.00678642 0.235095 0.0893648 0.00262685 0.00213155 0.0326493 
0.618966 0.00563827 0.234549 0.0704823 0.0020691 0.00177862 0.0665164 
0.621486 0.00628822 0.211874 0.105188 0.00353421 0.0021479 0.0494829 
0.648842 0.00608185 0.191153 0.0974534 0.0028922 0.00194406 0.0516336 
0.605908 0.00728247 0.206204 0.119532 0.00375754 0.00318544 0.0541303 
0.626161 0.0066433 0.206128 0.110072 0.00324853 0.00263229 0.0451152 
0.637751 0.00563419 0.21458 0.0863274 0.0025009 0.00162951 0.0515776 
0.68023 0.00531102 0.180455 0.095211 0.00261362 0.00151392 0.0346646 
0.726982 0.00608405 0.158963 0.0652463 0.00172052 0.00102752 0.0399766 
0.69741 0.00565735 0.157916 0.0742062 0.00197226 0.001348 0.0614898 
0.699413 0.00624956 0.166152 0.0788189 0.00190258 0.00163157 0.0458323 
0.731483 0.00480913 0.157534 0.0623316 0.00196211 0.00130173 0.040578 
0.725583 0.0052102 0.163021 0.0651936 0.00202562 0.00135692 0.0376091 
0.640962 0.00616011 0.202698 0.0859327 0.002453 0.00251723 0.059277 
0.696581 0.00539972 0.177456 0.0756103 0.00220806 0.00166895 0.0410761 
0.587794 0.00782327 0.222135 0.119517 0.00375126 0.0034563 0.0555236 
0.577049 0.0090336 0.208804 0.138737 0.00397488 0.00406626 0.0583349 
0.61218 0.0069344 0.216381 0.0829291 0.00214398 0.0022929 0.0771382 
0.589056 0.00700872 0.215118 0.0792055 0.0021196 0.00256308 0.104929 
0.594639 0.00695344 0.222626 0.088195 0.00259966 0.00285773 0.0821298 
0.593873 0.00800258 0.203812 0.121405 0.00398147 0.00387524 0.0650507 
0.506468 0.0128874 0.223881 0.184509 0.00695708 0.00713685 0.05816 
0.539698 0.0112774 0.227211 0.159405 0.00639087 0.00606378 0.0499533 
0.611526 0.00774469 0.209023 0.111726 0.00356339 0.00340003 0.0530161 
0.571454 0.00965482 0.227776 0.124468 0.00396255 0.00448182 0.0582033 
0.648246 0.00604242 0.198018 0.0920251 0.00267344 0.00210983 0.0508852 
0.648648 0.00582975 0.198707 0.0726687 0.0021039 0.0014901 0.0705516 
0.624873 0.00760671 0.187803 0.119869 0.00314084 0.00267561 0.0540319 
0.633847 0.00759082 0.180194 0.115066 0.00346846 0.00246099 0.0573724 
0.691994 0.00545328 0.19045 0.0614039 0.00173046 0.00120968 0.047759 
0.795 0.00479076 0.134283 0.0198627 0.00190207 0.00103323 0.0431289 
0.815007 0.00564304 0.114896 0.0232416 0.00248354 0.00112033 0.0376088 
0.767929 0.00502112 0.134755 0.057772 0.00222176 0.00100658 0.0312947 
0.682573 0.00510268 0.183111 0.0710052 0.00188434 0.00173437 0.0545894 
0.652397 0.00750657 0.173779 0.0931105 0.00229934 0.00222544 0.0686818 
0.617039 0.00903537 0.196585 0.119613 0.00327394 0.00382789 0.0506248 
0.561945 0.0106598 0.190439 0.188793 0.00451057 0.00450197 0.039151 
0.689336 0.00539707 0.180108 0.0857371 0.0027511 0.00140243 0.0352676 
0.682664 0.00456577 0.165473 0.100419 0.0037054 0.00120433 0.0419678 
0.70331 0.00469033 0.162143 0.082929 0.00318122 0.00111274 0.0426335 
0.638823 0.00603166 0.171057 0.120708 0.00382118 0.00209135 0.0574683 
0.714747 0.00420597 0.175627 0.0553819 0.00224385 9.26795E-4 0.0468676 
0.681699 0.00536848 0.162355 0.108788 0.0033978 0.00154936 0.0368429 
0.707327 0.0043341 0.150281 0.0903767 0.00337257 0.00121282 0.0430951 
0.650735 0.00544134 0.159873 0.147224 0.00375603 0.00141715 0.0315544 
0.692771 0.00536356 0.158826 0.092155 0.00344647 0.00131418 0.0461242 
0.705201 0.0055544 0.168088 0.0736477 0.0025428 0.00118327 0.043782 
0.676744 0.00618196 0.154511 0.109476 0.00319666 0.00138751 0.0485035 
0.682725 0.00577112 0.15395 0.101934 0.00338193 0.00129345 0.0509448 
0.694493 0.00530669 0.173526 0.0817319 0.0027841 0.00129342 0.0408649 
0.720201 0.00564569 0.149637 0.0789045 0.0032905 0.00105877 0.0412634 
0.647045 0.00486932 0.176067 0.0952945 0.00372964 0.00160824 0.0713861 
0.647453 0.00510784 0.16588 0.121177 0.00441281 0.00171361 0.0542552 
0.692505 0.00587868 0.156087 0.0900582 0.00316232 0.00148309 0.0508256 
0.671932 0.0056261 0.168765 0.103889 0.00345978 0.00190565 0.0444226 
0.589935 0.00781401 0.179258 0.171584 0.00544284 0.00301187 0.0429546 
0.666024 0.00601039 0.174852 0.118878 0.00350484 0.00180517 0.0289255 
0.605281 0.00620898 0.207222 0.111916 0.00344233 0.00258966 0.0633395 
0.664622 0.00507912 0.184688 0.0790797 0.00255106 0.00165137 0.0623297 
0.621078 0.00536325 0.190009 0.0979601 0.00338708 0.0025142 0.079689 
0.539965 0.00909238 0.190286 0.202468 0.00584745 0.00491716 0.0474237 
0.619583 0.00683759 0.173387 0.156521 0.00422279 0.00239597 0.0370533 
0.545952 0.00828889 0.157415 0.261429 0.00422596 0.0023597 0.0203305 
0.583133 0.00777268 0.184173 0.191573 0.00408787 0.00259303 0.0266669 
0.522868 0.00981839 0.207033 0.207029 0.0058516 0.00465004 0.0427487 
0.591012 0.00779514 0.179011 0.182201 0.00409074 0.00299276 0.0328971 
0.593353 0.00859744 0.237651 0.114822 0.00367859 0.00332575 0.0385723 
0.631346 0.00678642 0.235095 0.0893648 0.00262685 0.00213155 0.0326493 
0.618966 0.00563827 0.234549 0.0704823 0.0020691 0.00177862 0.0665164 
0.621486 0.00628822 0.211874 0.105188 0.00353421 0.0021479 0.0494829 
0.648842 0.00608185 0.191153 0.0974534 0.0028922 0.00194406 0.0516336 
0.605908 0.00728247 0.206204 0.119532 0.00375754 0.00318544 0.0541303 
0.626161 0.0066433 0.206128 0.110072 0.00324853 0.00263229 0.0451152 
0.637751 0.00563419 0.21458 0.0863274 0.0025009 0.00162951 0.0515776 
0.68023 0.00531102 0.180455 0.095211 0.00261362 0.00151392 0.0346646 
0.726982 0.00608405 0.158963 0.0652463 0.00172052 0.00102752 0.0399766 
0.69741 0.00565735 0.157916 0.0742062 0.00197226 0.001348 0.0614898 
0.699413 0.00624956 0.166152 0.0788189 0.00190258 0.00163157 0.0458323 
0.731483 0.00480913 0.157534 0.0623316 0.00196211 0.00130173 0.040578 
0.725583 0.0052102 0.163021 0.0651936 0.00202562 0.00135692 0.0376091 
0.640962 0.00616011 0.202698 0.0859327 0.002453 0.00251723 0.059277 
0.696581 0.00539972 0.177456 0.0756103 0.00220806 0.00166895 0.0410761 
0.587794 0.00782327 0.222135 0.119517 0.00375126 0.0034563 0.0555236 
0.577049 0.0090336 0.208804 0.138737 0.00397488 0.00406626 0.0583349 
0.61218 0.0069344 0.216381 0.0829291 0.00214398 0.0022929 0.0771382 
0.589056 0.00700872 0.215118 0.0792055 0.0021196 0.00256308 0.104929 
0.594639 0.00695344 0.222626 0.088195 0.00259966 0.00285773 0.0821298 
0.593873 0.00800258 0.203812 0.121405 0.00398147 0.00387524 0.0650507 
0.506468 0.0128874 0.223881 0.184509 0.00695708 0.00713685 0.05816 
0.539698 0.0112774 0.227211 0.159405 0.00639087 0.00606378 0.0499533 
0.611526 0.00774469 0.209023 0.111726 0.00356339 0.00340003 0.0530161 
0.571454 0.00965482 0.227776 0.124468 0.00396255 0.00448182 0.0582033 
0.648246 0.00604242 0.198018 0.0920251 0.00267344 0.00210983 0.0508852 
0.648648 0.00582975 0.198707 0.0726687 0.0021039 0.0014901 0.0705516 
0.624873 0.00760671 0.187803 0.119869 0.00314084 0.00267561 0.0540319 
0.633847 0.00759082 0.180194 0.115066 0.00346846 0.00246099 0.0573724 
0.691994 0.00545328 0.19045 0.0614039 0.00173046 0.00120968 0.047759 
0.795 0.00479076 0.134283 0.0198627 0.00190207 0.00103323 0.0431289 
0.815007 0.00564304 0.114896 0.0232416 0.00248354 0.00112033 0.0376088 
0.767929 0.00502112 0.134755 0.057772 0.00222176 0.00100658 0.0312947 
0.682573 0.00510268 0.183111 0.0710052 0.00188434 0.00173437 0.0545894 
0.652397 0.00750657 0.173779 0.0931105 0.00229934 0.00222544 0.0686818 
0.617039 0.00903537 0.196585 0.119613 0.00327394 0.00382789 0.0506248 
0.561945 0.0106598 0.190439 0.188793 0.00451057 0.00450197 0.039151 
0.8302 0.00673616 0.0734261 0.012497 0.00292242 0.00400363 0.0702146 
0.816494 0.00639333 0.0783557 0.0128758 0.00261785 0.00393938 0.079324 
0.842847 0.00680835 0.0706749 0.00983323 0.00196246 0.00476771 0.0631063 
0.833238 0.00649107 0.0746163 0.0125514 0.00233034 0.00332146 0.0674514 
0.802065 0.00575185 0.086231 0.0155549 0.00197752 0.00352008 0.0848994 
0.81724 0.00573297 0.0787972 0.0218461 0.00367486 0.00389951 0.0688099 
0.810901 0.00592864 0.0838974 0.0171598 0.0030023 0.00421493 0.0748955 
0.823605 0.00622879 0.0779645 0.0215809 0.00214855 0.00395773 0.0645142 
0.833218 0.00690007 0.076957 0.022439 0.00281366 0.00285588 0.0548162 
0.828968 0.00657497 0.0746563 0.0208461 0.00233876 0.00348185 0.0631337 
0.862972 0.00706631 0.0638982 0.0215898 0.00300016 0.00319703 0.0382765 
0.850947 0.00643554 0.0722009 0.0162552 0.0027017 0.00339545 0.048064 
0.825267 0.00744257 0.0720974 0.0200911 0.00291431 0.00320067 0.0689873 
0.840162 0.00684016 0.0702463 0.0206777 0.00345842 0.00307504 0.0555404 
0.809388 0.00645217 0.0804561 0.0190045 0.00249617 0.00353806 0.0786647 
0.835976 0.00690708 0.0725811 0.0195745 0.00338651 0.00394736 0.0576278 
0.845499 0.00675422 0.0679422 0.0188807 0.0035228 0.00366474 0.0537358 
0.689336 0.00539707 0.180108 0.0857371 0.0027511 0.00140243 0.0352676 
0.682664 0.00456577 0.165473 0.100419 0.0037054 0.00120433 0.0419678 
0.70331 0.00469033 0.162143 0.082929 0.00318122 0.00111274 0.0426335 
0.638823 0.00603166 0.171057 0.120708 0.00382118 0.00209135 0.0574683 
0.714747 0.00420597 0.175627 0.0553819 0.00224385 9.26795E-4 0.0468676 
0.681699 0.00536848 0.162355 0.108788 0.0033978 0.00154936 0.0368429 
0.707327 0.0043341 0.150281 0.0903767 0.00337257 0.00121282 0.0430951 
0.650735 0.00544134 0.159873 0.147224 0.00375603 0.00141715 0.0315544 
0.692771 0.00536356 0.158826 0.092155 0.00344647 0.00131418 0.0461242 
0.705201 0.0055544 0.168088 0.0736477 0.0025428 0.00118327 0.043782 
0.676744 0.00618196 0.154511 0.109476 0.00319666 0.00138751 0.0485035 
0.682725 0.00577112 0.15395 0.101934 0.00338193 0.00129345 0.0509448 
0.694493 0.00530669 0.173526 0.0817319 0.0027841 0.00129342 0.0408649 
0.720201 0.00564569 0.149637 0.0789045 0.0032905 0.00105877 0.0412634 
0.647045 0.00486932 0.176067 0.0952945 0.00372964 0.00160824 0.0713861 
0.647453 0.00510784 0.16588 0.121177 0.00441281 0.00171361 0.0542552 
0.692505 0.00587868 0.156087 0.0900582 0.00316232 0.00148309 0.0508256 
0.671932 0.0056261 0.168765 0.103889 0.00345978 0.00190565 0.0444226 
0.589935 0.00781401 0.179258 0.171584 0.00544284 0.00301187 0.0429546 
0.666024 0.00601039 0.174852 0.118878 0.00350484 0.00180517 0.0289255 
0.605281 0.00620898 0.207222 0.111916 0.00344233 0.00258966 0.0633395 
0.664622 0.00507912 0.184688 0.0790797 0.00255106 0.00165137 0.0623297 
0.621078 0.00536325 0.190009 0.0979601 0.00338708 0.0025142 0.079689 
0.539965 0.00909238 0.190286 0.202468 0.00584745 0.00491716 0.0474237 
0.619583 0.00683759 0.173387 0.156521 0.00422279 0.00239597 0.0370533 
0.545952 0.00828889 0.157415 0.261429 0.00422596 0.0023597 0.0203305 
0.583133 0.00777268 0.184173 0.191573 0.00408787 0.00259303 0.0266669 
0.522868 0.00981839 0.207033 0.207029 0.0058516 0.00465004 0.0427487 
0.591012 0.00779514 0.179011 0.182201 0.00409074 0.00299276 0.0328971 
0.593353 0.00859744 0.237651 0.114822 0.00367859 0.00332575 0.0385723 
0.631346 0.00678642 0.235095 0.0893648 0.00262685 0.00213155 0.0326493 
0.618966 0.00563827 0.234549 0.0704823 0.0020691 0.00177862 0.0665164 
0.621486 0.00628822 0.211874 0.105188 0.00353421 0.0021479 0.0494829 
0.648842 0.00608185 0.191153 0.0974534 0.0028922 0.00194406 0.0516336 
0.605908 0.00728247 0.206204 0.119532 0.00375754 0.00318544 0.0541303 
0.626161 0.0066433 0.206128 0.110072 0.00324853 0.00263229 0.0451152 
0.637751 0.00563419 0.21458 0.0863274 0.0025009 0.00162951 0.0515776 
0.68023 0.00531102 0.180455 0.095211 0.00261362 0.00151392 0.0346646 
0.726982 0.00608405 0.158963 0.0652463 0.00172052 0.00102752 0.0399766 
0.69741 0.00565735 0.157916 0.0742062 0.00197226 0.001348 0.0614898 
0.699413 0.00624956 0.166152 0.0788189 0.00190258 0.00163157 0.0458323 
0.731483 0.00480913 0.157534 0.0623316 0.00196211 0.00130173 0.040578 
0.725583 0.0052102 0.163021 0.0651936 0.00202562 0.00135692 0.0376091 
0.640962 0.00616011 0.202698 0.0859327 0.002453 0.00251723 0.059277 
0.696581 0.00539972 0.177456 0.0756103 0.00220806 0.00166895 0.0410761 
0.587794 0.00782327 0.222135 0.119517 0.00375126 0.0034563 0.0555236 
0.577049 0.0090336 0.208804 0.138737 0.00397488 0.00406626 0.0583349 
0.61218 0.0069344 0.216381 0.0829291 0.00214398 0.0022929 0.0771382 
0.589056 0.00700872 0.215118 0.0792055 0.0021196 0.00256308 0.104929 
0.594639 0.00695344 0.222626 0.088195 0.00259966 0.00285773 0.0821298 
0.593873 0.00800258 0.203812 0.121405 0.00398147 0.00387524 0.0650507 
0.506468 0.0128874 0.223881 0.184509 0.00695708 0.00713685 0.05816 
0.539698 0.0112774 0.227211 0.159405 0.00639087 0.00606378 0.0499533 
0.611526 0.00774469 0.209023 0.111726 0.00356339 0.00340003 0.0530161 
0.571454 0.00965482 0.227776 0.124468 0.00396255 0.00448182 0.0582033 
0.648246 0.00604242 0.198018 0.0920251 0.00267344 0.00210983 0.0508852 
0.648648 0.00582975 0.198707 0.0726687 0.0021039 0.0014901 0.0705516 
0.624873 0.00760671 0.187803 0.119869 0.00314084 0.00267561 0.0540319 
0.633847 0.00759082 0.180194 0.115066 0.00346846 0.00246099 0.0573724 
0.691994 0.00545328 0.19045 0.0614039 0.00173046 0.00120968 0.047759 
0.795 0.00479076 0.134283 0.0198627 0.00190207 0.00103323 0.0431289 
0.815007 0.00564304 0.114896 0.0232416 0.00248354 0.00112033 0.0376088 
0.767929 0.00502112 0.134755 0.057772 0.00222176 0.00100658 0.0312947 
0.682573 0.00510268 0.183111 0.0710052 0.00188434 0.00173437 0.0545894 
0.652397 0.00750657 0.173779 0.0931105 0.00229934 0.00222544 0.0686818 
0.617039 0.00903537 0.196585 0.119613 0.00327394 0.00382789 0.0506248 
0.561945 0.0106598 0.190439 0.188793 0.00451057 0.00450197 0.039151 
0.645499 0.00325817 0.17566 0.00666693 0.00349542 0.00189343 0.163527 
0.643641 0.00344105 0.17786 0.0048178 0.00309812 0.00224461 0.164898 
0.568404 0.00290759 0.215987 0.00345809 0.0021982 0.00323607 0.20381 
0.482224 0.00395403 0.193713 0.00399487 0.00360521 0.00551685 0.306993 
0.568654 0.00379114 0.172469 0.00307318 0.00289956 0.00515123 0.243962 
0.591216 0.00354044 0.191805 0.00267528 0.00290006 0.0044367 0.203426 
0.667901 0.00398792 0.147305 0.0066754 0.00345366 0.00441178 0.166266 
0.677611 0.00325459 0.158886 0.00749774 0.00333189 0.00313758 0.146281 
0.697288 0.00289131 0.186331 0.00665831 0.00259062 0.00234436 0.101896 
0.656909 0.0028794 0.177643 0.00834779 0.00340419 0.00244242 0.148374 
0.527395 0.0035816 0.190922 0.00468643 0.0025222 0.00466545 0.266227 
0.653012 0.00364395 0.159077 0.00536344 0.00338636 0.00350959 0.172008 
0.633951 0.00298347 0.185535 0.00366906 0.00213658 0.00343358 0.168291 
0.619914 0.003113 0.183335 0.00502246 0.00328936 0.0035254 0.1818 
0.63719 0.00399945 0.173534 0.00445839 0.005008 0.00504696 0.170764 
0.607802 0.00381412 0.187902 0.00209993 0.00279544 0.00389727 0.191689 
0.607362 0.00398812 0.177569 0.00193147 0.00357793 0.0049786 0.200593 
0.689336 0.00539707 0.180108 0.0857371 0.0027511 0.00140243 0.0352676 
0.682664 0.00456577 0.165473 0.100419 0.0037054 0.00120433 0.0419678 
0.70331 0.00469033 0.162143 0.082929 0.00318122 0.00111274 0.0426335 
0.638823 0.00603166 0.171057 0.120708 0.00382118 0.00209135 0.0574683 
0.714747 0.00420597 0.175627 0.0553819 0.00224385 9.26795E-4 0.0468676 
0.681699 0.00536848 0.162355 0.108788 0.0033978 0.00154936 0.0368429 
0.707327 0.0043341 0.150281 0.0903767 0.00337257 0.00121282 0.0430951 
0.650735 0.00544134 0.159873 0.147224 0.00375603 0.00141715 0.0315544 
0.692771 0.00536356 0.158826 0.092155 0.00344647 0.00131418 0.0461242 
0.705201 0.0055544 0.168088 0.0736477 0.0025428 0.00118327 0.043782 
0.676744 0.00618196 0.154511 0.109476 0.00319666 0.00138751 0.0485035 
0.682725 0.00577112 0.15395 0.101934 0.00338193 0.00129345 0.0509448 
0.694493 0.00530669 0.173526 0.0817319 0.0027841 0.00129342 0.0408649 
0.720201 0.00564569 0.149637 0.0789045 0.0032905 0.00105877 0.0412634 
0.647045 0.00486932 0.176067 0.0952945 0.00372964 0.00160824 0.0713861 
0.647453 0.00510784 0.16588 0.121177 0.00441281 0.00171361 0.0542552 
0.692505 0.00587868 0.156087 0.0900582 0.00316232 0.00148309 0.0508256 
0.671932 0.0056261 0.168765 0.103889 0.00345978 0.00190565 0.0444226 
0.589935 0.00781401 0.179258 0.171584 0.00544284 0.00301187 0.0429546 
0.666024 0.00601039 0.174852 0.118878 0.00350484 0.00180517 0.0289255 
0.605281 0.00620898 0.207222 0.111916 0.00344233 0.00258966 0.0633395 
0.664622 0.00507912 0.184688 0.0790797 0.00255106 0.00165137 0.0623297 
0.621078 0.00536325 0.190009 0.0979601 0.00338708 0.0025142 0.079689 
0.539965 0.00909238 0.190286 0.202468 0.00584745 0.00491716 0.0474237 
0.619583 0.00683759 0.173387 0.156521 0.00422279 0.00239597 0.0370533 
0.545952 0.00828889 0.157415 0.261429 0.00422596 0.0023597 0.0203305 
0.583133 0.00777268 0.184173 0.191573 0.00408787 0.00259303 0.0266669 
0.522868 0.00981839 0.207033 0.207029 0.0058516 0.00465004 0.0427487 
0.591012 0.00779514 0.179011 0.182201 0.00409074 0.00299276 0.0328971 
0.593353 0.00859744 0.237651 0.114822 0.00367859 0.00332575 0.0385723 
0.631346 0.00678642 0.235095 0.0893648 0.00262685 0.00213155 0.0326493 
0.618966 0.00563827 0.234549 0.0704823 0.0020691 0.00177862 0.0665164 
0.621486 0.00628822 0.211874 0.105188 0.00353421 0.0021479 0.0494829 
0.648842 0.00608185 0.191153 0.0974534 0.0028922 0.00194406 0.0516336 
0.605908 0.00728247 0.206204 0.119532 0.00375754 0.00318544 0.0541303 
0.626161 0.0066433 0.206128 0.110072 0.00324853 0.00263229 0.0451152 
0.637751 0.00563419 0.21458 0.0863274 0.0025009 0.00162951 0.0515776 
0.68023 0.00531102 0.180455 0.095211 0.00261362 0.00151392 0.0346646 
0.726982 0.00608405 0.158963 0.0652463 0.00172052 0.00102752 0.0399766 
0.69741 0.00565735 0.157916 0.0742062 0.00197226 0.001348 0.0614898 
0.699413 0.00624956 0.166152 0.0788189 0.00190258 0.00163157 0.0458323 
0.731483 0.00480913 0.157534 0.0623316 0.00196211 0.00130173 0.040578 
0.725583 0.0052102 0.163021 0.0651936 0.00202562 0.00135692 0.0376091 
0.640962 0.00616011 0.202698 0.0859327 0.002453 0.00251723 0.059277 
0.696581 0.00539972 0.177456 0.0756103 0.00220806 0.00166895 0.0410761 
0.587794 0.00782327 0.222135 0.119517 0.00375126 0.0034563 0.0555236 
0.577049 0.0090336 0.208804 0.138737 0.00397488 0.00406626 0.0583349 
0.61218 0.0069344 0.216381 0.0829291 0.00214398 0.0022929 0.0771382 
0.589056 0.00700872 0.215118 0.0792055 0.0021196 0.00256308 0.104929 
0.594639 0.00695344 0.222626 0.088195 0.00259966 0.00285773 0.0821298 
0.593873 0.00800258 0.203812 0.121405 0.00398147 0.00387524 0.0650507 
0.506468 0.0128874 0.223881 0.184509 0.00695708 0.00713685 0.05816 
0.539698 0.0112774 0.227211 0.159405 0.00639087 0.00606378 0.0499533 
0.611526 0.00774469 0.209023 0.111726 0.00356339 0.00340003 0.0530161 
0.571454 0.00965482 0.227776 0.124468 0.00396255 0.00448182 0.0582033 
0.648246 0.00604242 0.198018 0.0920251 0.00267344 0.00210983 0.0508852 
0.648648 0.00582975 0.198707 0.0726687 0.0021039 0.0014901 0.0705516 
0.624873 0.00760671 0.187803 0.119869 0.00314084 0.00267561 0.0540319 
0.633847 0.00759082 0.180194 0.115066 0.00346846 0.00246099 0.0573724 
0.691994 0.00545328 0.19045 0.0614039 0.00173046 0.00120968 0.047759 
0.795 0.00479076 0.134283 0.0198627 0.00190207 0.00103323 0.0431289 
0.815007 0.00564304 0.114896 0.0232416 0.00248354 0.00112033 0.0376088 
0.767929 0.00502112 0.134755 0.057772 0.00222176 0.00100658 0.0312947 
0.682573 0.00510268 0.183111 0.0710052 0.00188434 0.00173437 0.0545894 
0.652397 0.00750657 0.173779 0.0931105 0.00229934 0.00222544 0.0686818 
0.617039 0.00903537 0.196585 0.119613 0.00327394 0.00382789 0.0506248 
0.561945 0.0106598 0.190439 0.188793 0.00451057 0.00450197 0.039151 
0.435514 0.00590422 0.189496 0.0030998 0.00244283 0.00313288 0.360411 
0.627676 0.00365457 0.136217 0.00753063 0.00339616 0.00226605 0.21926 
0.588353 0.00402407 0.144066 0.00575614 0.00271135 0.00271406 0.252376 
0.599655 0.00427748 0.141752 0.00331313 0.00297652 0.00343584 0.244589 
0.581965 0.00411244 0.157509 0.00272236 0.00221707 0.00230219 0.249171 
0.54725 0.00406245 0.161218 0.00349933 0.0015153 0.00313595 0.27932 
0.590972 0.00329734 0.183463 0.00302974 0.0013748 0.00206826 0.215795 
0.543472 0.00384597 0.200165 0.00222979 0.00110084 0.0028763 0.24631 
0.652406 0.00349079 0.151755 0.0023722 0.00155974 0.00346309 0.184953 
0.589146 0.0039168 0.163411 0.00273731 0.00187083 0.00256865 0.23635 
0.528092 0.00403072 0.187436 0.00208719 0.00167571 0.00310622 0.273572 
0.573515 0.00369207 0.191211 0.0016297 0.00136992 0.00244259 0.226139 
0.65435 0.00394024 0.151183 0.0020804 0.00160786 0.00206997 0.184769 
0.654258 0.00405747 0.151019 0.00240788 0.00138034 0.00185682 0.185021 
0.668592 0.00405637 0.153444 0.0026852 0.00164067 0.00160353 0.167978 
