0.870072 0.0070263 0.0684946 0.0272165 0.00139594 0.0033313 0.0224629 
0.821914 0.00715827 0.0817417 0.0621385 0.00133729 0.00386391 0.021846 
0.823624 0.00778189 0.0836469 0.0495097 0.00125312 0.00467982 0.0295048 
0.810929 0.00744403 0.0827306 0.0490268 0.00180943 0.00504193 0.0430185 
0.81991 0.00781052 0.0791017 0.0523257 0.00148983 0.005344 0.0340182 
0.826485 0.00876847 0.0720693 0.0535051 0.00168598 0.00555964 0.0319268 
0.849709 0.00884813 0.0653258 0.0425681 0.00155875 0.00500207 0.0269881 
0.824507 0.00804009 0.0726712 0.0564125 0.00189133 0.00425927 0.0322181 
0.824964 0.00651388 0.088757 0.0445166 0.0015291 0.0040436 0.0296757 
0.842591 0.00777633 0.0794733 0.0396589 0.00129199 0.00528855 0.0239203 
0.797084 0.00850866 0.0781628 0.0850018 0.00204697 0.00384724 0.0253489 
0.757415 0.00817083 0.0971503 0.109943 0.00146009 0.00358255 0.0222778 
0.828915 0.00799479 0.0766509 0.0610203 0.00172037 0.00387222 0.019826 
0.850801 0.00982897 0.0627221 0.0513264 0.00183315 0.00392331 0.0195654 
0.833497 0.00741726 0.0791188 0.0422919 0.00132827 0.00511386 0.0312332 
0.845037 0.00819799 0.0776806 0.0416155 0.0013035 0.00390321 0.022262 
0.83195 0.00781271 0.0764267 0.0543079 0.00183654 0.00333945 0.0243266 
0.804163 0.00661116 0.0875748 0.0762677 0.00146997 0.00283521 0.0210783 
0.868095 0.0104214 0.0531665 0.0381493 0.00490012 0.00423249 0.021035 
0.859038 0.0124026 0.0462842 0.0574128 0.0048088 0.00362507 0.016429 
0.801893 0.010171 0.0519392 0.105745 0.00425193 0.00479639 0.0212039 
0.804671 0.0129107 0.0407665 0.11394 0.00882689 0.00330584 0.0155787 
0.759247 0.0106885 0.0434771 0.152018 0.0069871 0.00407899 0.0235027 
0.709204 0.00963667 0.0453066 0.208034 0.00749373 0.00252519 0.0177994 
0.726156 0.0101231 0.0515189 0.187202 0.00403794 0.00303332 0.0179283 
0.735323 0.00882281 0.0668643 0.167604 0.0022157 0.00257952 0.0165914 
0.805631 0.00931655 0.0690971 0.0926665 0.00153265 0.00334993 0.0184061 
0.796141 0.0101507 0.0748607 0.094881 0.00141375 0.00330287 0.0192499 
0.794189 0.0101644 0.0644708 0.105223 0.00197117 0.00363898 0.0203425 
0.782108 0.00958549 0.0892112 0.0945125 0.00128222 0.00265679 0.020644 
0.804877 0.00870538 0.0884489 0.0761711 0.00123211 0.00215325 0.0184124 
0.807826 0.0100345 0.0717434 0.087252 0.00139398 0.00219855 0.0195512 
0.788428 0.00860374 0.0884515 0.081273 0.00134871 0.00274156 0.029153 
0.829009 0.00882449 0.0725241 0.0657434 0.00137559 0.00217477 0.0203485 
0.890097 0.0154373 0.0425907 0.0238056 0.00267315 0.00441377 0.0209825 
0.883721 0.0258174 0.0414867 0.00772607 0.00522458 0.00990285 0.0261212 
0.882949 0.013751 0.0421899 0.0391092 0.00237683 0.00404774 0.015576 
0.854545 0.0121526 0.0557694 0.0551349 0.00144663 0.00346584 0.0174854 
0.843761 0.0116721 0.0606393 0.0649849 0.00140575 0.00312142 0.0144157 
0.775327 0.00991439 0.0773502 0.115835 0.00136085 0.00280953 0.0174035 
0.843463 0.0101035 0.0668906 0.0590283 0.0010845 0.00267016 0.0167601 
0.830664 0.0114589 0.0724896 0.0669045 9.84887E-4 0.00283667 0.0146619 
0.811956 0.00874573 0.0751391 0.0809578 0.00131836 0.0024641 0.019419 
0.764742 0.00996872 0.0847859 0.117347 0.00139436 0.00340136 0.0183603 
0.794091 0.00860042 0.0796881 0.0881387 0.00134767 0.00309738 0.0250363 
0.833163 0.00824554 0.0680398 0.0645802 0.00163128 0.00291192 0.0214281 
0.848316 0.00819913 0.0675581 0.0531756 0.00132414 0.00250792 0.0189185 
0.830168 0.008896 0.0629026 0.0686606 0.00157731 0.00345391 0.0243416 
0.749093 0.00981008 0.0633067 0.157327 0.00187135 0.00288835 0.015703 
0.77056 0.0075176 0.0830811 0.114518 0.00187997 0.00233357 0.0201094 
0.7909 0.00794242 0.0790576 0.102177 0.00160194 0.00288776 0.0154337 
0.817843 0.00764101 0.0773785 0.0614146 0.00126504 0.00496553 0.0294925 
0.78157 0.00880156 0.0711691 0.110916 0.00200102 0.00387125 0.0216712 
0.778947 0.00746957 0.0788472 0.0986195 0.00202626 0.00399086 0.0300997 
0.824268 0.00689948 0.0736828 0.0646227 0.00176482 0.00253529 0.0262272 
0.763649 0.00922385 0.0700703 0.117269 0.00252558 0.00344906 0.033813 
0.800139 0.00848805 0.0682024 0.0767149 0.00307336 0.00290501 0.0404769 
0.686914 0.134265 0.0408256 0.00831015 0.0227028 0.0874517 0.0195306 
0.696778 0.189116 0.0288574 0.0166541 0.0330167 0.0289167 0.00666075 
0.626189 0.221022 0.0247958 0.0313376 0.0774986 0.015492 0.00366515 
0.545738 0.256714 0.0185036 0.0275306 0.132357 0.01548 0.00367683 
0.527344 0.272179 0.0163514 0.0288759 0.128403 0.0233807 0.00346604 
0.62249 0.17232 0.0226737 0.0497846 0.106904 0.0218999 0.00392772 
0.749695 0.137445 0.0286973 0.0251094 0.0418816 0.0135999 0.00357087 
0.705405 0.147982 0.0249762 0.0301424 0.0739959 0.0132656 0.00423264 
0.795841 0.113905 0.0286244 0.029871 0.0170104 0.0112613 0.00348634 
0.798114 0.0986295 0.0331774 0.0498891 0.00557081 0.0109118 0.0037076 
0.818639 0.0839125 0.038275 0.0365388 0.00499024 0.0125575 0.00508671 
0.845561 0.0649645 0.0377881 0.0248853 0.00761704 0.0136987 0.00548553 
0.866281 0.0385278 0.0457443 0.0230101 0.00456752 0.0141184 0.00775122 
0.847858 0.0281579 0.0425133 0.0555817 0.00576975 0.0131412 0.00697775 
0.859246 0.0120558 0.0589682 0.0347771 0.0036009 0.0146656 0.0166862 
0.860736 0.0136781 0.0440069 0.0418511 0.00334996 0.0235265 0.0128518 
0.849123 0.0123148 0.0532584 0.0510639 0.00406806 0.0163695 0.0138025 
0.840177 0.014579 0.0512361 0.0581147 0.00388201 0.0159626 0.0160489 
0.821552 0.0135789 0.0528199 0.073506 0.00342887 0.0142301 0.0208839 
0.809396 0.0148934 0.0542458 0.0852298 0.00352727 0.0125681 0.0201395 
0.820528 0.0132856 0.0608739 0.0652103 0.00276898 0.0126946 0.024639 
0.846428 0.0137623 0.0493905 0.0531492 0.00277223 0.0117051 0.0227932 
0.805669 0.0123835 0.0577221 0.0878077 0.00247992 0.0110674 0.0228704 
0.832443 0.0133112 0.0562655 0.064019 0.00233606 0.0106743 0.0209513 
0.839372 0.01249 0.0549514 0.066532 0.00240577 0.00750925 0.0167395 
0.845759 0.0139184 0.0534774 0.0564674 0.00250639 0.010184 0.0176873 
0.869411 0.0112881 0.0611131 0.027979 0.00148958 0.00968625 0.0190326 
0.837515 0.0127926 0.071043 0.0473035 0.00154209 0.00950566 0.0202984 
0.848638 0.00959069 0.0805004 0.0376418 0.00117988 0.00572471 0.0167251 
0.850314 0.00929281 0.0707747 0.0449288 0.00145294 0.00681664 0.0164205 
0.810544 0.0105787 0.0706277 0.0751596 0.00184836 0.0105774 0.0206644 
0.835359 0.0103422 0.0703615 0.0507929 0.00174733 0.0111675 0.0202291 
0.849904 0.0103387 0.0626052 0.0501373 0.0020617 0.00897586 0.0159776 
0.865427 0.00857794 0.0627512 0.0374944 0.0023636 0.00755991 0.0158261 
0.845915 0.00909365 0.0673644 0.05607 0.00206938 0.00644491 0.013043 
0.842736 0.00913097 0.0685854 0.0534918 0.0018724 0.00833503 0.0158487 
0.858644 0.00970596 0.0644831 0.0454543 0.00148713 0.00741522 0.0128104 
0.858451 0.0110182 0.0622312 0.0401623 0.0014371 0.0101705 0.0165292 
0.85318 0.0099529 0.0623243 0.0483149 0.00167054 0.00906795 0.0154896 
0.824011 0.0103386 0.0597891 0.0755292 0.00235406 0.00851966 0.0194582 
0.829244 0.00850421 0.0687617 0.0669042 0.00226227 0.00774524 0.0165783 
0.819396 0.00832609 0.0839055 0.0623152 0.00154526 0.0074853 0.0170267 
0.819143 0.00786246 0.0825903 0.0542865 0.00167497 0.0102922 0.024151 
0.806799 0.0100475 0.0718127 0.0830311 0.00190994 0.00723489 0.0191651 
0.819999 0.0107188 0.0635858 0.0822779 0.00250723 0.00699155 0.01392 
0.799727 0.00898568 0.083717 0.0807727 0.0018312 0.00770655 0.0172599 
0.828236 0.00779616 0.0849559 0.0525463 0.00163848 0.00714024 0.0176866 
0.784429 0.0114857 0.0671356 0.110496 0.00222449 0.00741748 0.0168111 
0.768464 0.0106792 0.0699045 0.126758 0.00233008 0.0056772 0.0161872 
0.813457 0.0103353 0.0672502 0.085751 0.00257158 0.00545896 0.0151756 
0.822503 0.00947088 0.0752005 0.0620771 0.00204326 0.00699652 0.021709 
0.824049 0.00863647 0.0813731 0.0613709 0.00143856 0.00766007 0.0154724 
0.796034 0.00882445 0.0784777 0.0941739 0.00190133 0.0058479 0.0147404 
0.807871 0.0100458 0.0663669 0.0977289 0.00216644 0.00514887 0.0106723 
0.79839 0.0102588 0.0683186 0.100618 0.00219841 0.00651838 0.0136979 
0.821225 0.00906439 0.0750457 0.0751208 0.00223558 0.00487703 0.0124312 
0.802976 0.00868026 0.0754888 0.0870469 0.00246906 0.00541777 0.0179212 
0.77165 0.0096594 0.0645787 0.131452 0.00373227 0.00468899 0.0142388 
0.803991 0.00936476 0.0678864 0.0970833 0.00270943 0.00462327 0.0143414 
0.838199 0.00955508 0.0648686 0.0665586 0.0029418 0.0045082 0.0133687 
0.804115 0.0113522 0.0575551 0.106246 0.0037882 0.00555055 0.0113935 
0.774493 0.00963985 0.0687841 0.124211 0.00332 0.00469545 0.0148571 
0.791288 0.011473 0.0676831 0.107816 0.00244678 0.00527745 0.0140155 
0.8159 0.0118794 0.0665902 0.0822305 0.00222139 0.00511379 0.016065 
0.710289 0.0113685 0.0652048 0.191205 0.00291936 0.00484836 0.0141652 
0.789797 0.00995156 0.0685659 0.109591 0.00240866 0.00544492 0.0142414 
0.7672 0.0114671 0.0704186 0.12781 0.00190381 0.0049127 0.0162881 
0.790248 0.0108596 0.0685344 0.107735 0.00200519 0.00458186 0.0160353 
0.716128 0.00935585 0.0661211 0.180937 0.00382292 0.00449588 0.0191394 
0.807676 0.00857845 0.075891 0.084755 0.00202782 0.00419168 0.0168802 
0.784465 0.00971865 0.0726793 0.108983 0.00262502 0.00358286 0.0179463 
0.796955 0.00932086 0.0670681 0.0951112 0.00418557 0.00365114 0.0237079 
0.819029 0.011792 0.0603408 0.0788633 0.00401468 0.0043765 0.0215839 
0.812867 0.0107958 0.0585365 0.0876733 0.00319872 0.00478856 0.0221399 
0.798028 0.0110056 0.0657372 0.0984698 0.00253726 0.00423417 0.0199884 
0.797439 0.00908384 0.0796856 0.0810864 0.00241932 0.00464597 0.0256396 
0.810879 0.0110203 0.0583262 0.0940223 0.00362821 0.0046206 0.0175039 
0.834272 0.00975055 0.0671869 0.0630442 0.00218069 0.00472856 0.0188371 
0.858439 0.0106383 0.0558262 0.0594263 0.00267506 0.00366192 0.00933274 
0.813405 0.0124739 0.0552144 0.102732 0.00282756 0.00345777 0.00988879 
0.820635 0.0100189 0.0594156 0.0895125 0.00386538 0.00380073 0.0127517 
0.801503 0.00907532 0.0727874 0.0977742 0.00189498 0.00329864 0.0136661 
0.766742 0.0101314 0.0603121 0.145287 0.00313272 0.00285677 0.0115379 
0.802292 0.0115832 0.0673723 0.100398 0.00196683 0.00339659 0.0129908 
0.830517 0.0104036 0.0639041 0.0741237 0.00198883 0.00421166 0.0148509 
0.851034 0.0109741 0.059768 0.058767 0.00233307 0.00347313 0.013651 
0.8814 0.0135205 0.0518857 0.0291997 0.00376352 0.0052803 0.0149505 
0.80623 0.0128905 0.0530974 0.107954 0.00400402 0.00432133 0.0115023 
0.786865 0.00938987 0.0666836 0.120168 0.0024568 0.00246738 0.0119691 
0.775527 0.00902114 0.0784092 0.11589 0.00174621 0.00381461 0.0155926 
0.782272 0.00993244 0.0824813 0.106874 0.00130012 0.00390957 0.0132307 
0.768824 0.00983431 0.0847912 0.120682 0.00143881 0.00213491 0.0122952 
0.761303 0.0115648 0.0688906 0.143416 0.00156944 0.00207584 0.0111796 
0.752659 0.0116685 0.0710028 0.147163 0.00162515 0.00234797 0.0135338 
0.766373 0.00982653 0.0756626 0.126065 0.00154329 0.00333034 0.0171992 
0.713811 0.0111973 0.0701822 0.186383 0.00172163 0.00263181 0.0140726 
0.73746 0.00969833 0.072353 0.161913 0.00179387 0.00271723 0.0140645 
0.775765 0.0094779 0.0766186 0.121932 0.00157387 0.00253384 0.012098 
0.692411 0.0107831 0.0750579 0.205979 0.00170828 0.00196964 0.0120913 
0.697265 0.0108187 0.0724749 0.203999 0.00165899 0.00197049 0.0118132 
0.772042 0.0103219 0.0699177 0.131705 0.00182399 0.00212207 0.0120677 
0.781333 0.0106609 0.0620552 0.124094 0.00189917 0.00312564 0.0168317 
0.807899 0.00965953 0.0723774 0.0887921 0.00158621 0.00250081 0.0171844 
0.803027 0.011691 0.0597735 0.106769 0.00177339 0.00286672 0.0140998 
0.709436 0.0112891 0.0699236 0.190562 0.00175491 0.00273829 0.0142961 
0.753963 0.0102212 0.0709723 0.146051 0.00171616 0.00254851 0.0145274 
0.789395 0.00891707 0.0726624 0.109412 0.00191921 0.00254865 0.0151453 
0.827282 0.00909895 0.0662021 0.0763484 0.0015325 0.00327139 0.0162645 
0.790479 0.00971915 0.0747914 0.0998943 0.00142961 0.00300942 0.0206776 
0.79887 0.011769 0.0579246 0.11011 0.00223589 0.00319791 0.0158934 
0.825231 0.010678 0.0564648 0.0905576 0.00205264 0.0026276 0.0123883 
0.818947 0.0113618 0.0569232 0.098517 0.00214767 0.0019149 0.0101888 
0.824063 0.0128687 0.0530482 0.0946332 0.00210794 0.00223979 0.0110391 
0.809057 0.0100365 0.0614651 0.104859 0.00191203 0.00234399 0.010326 
0.835715 0.0120481 0.0564616 0.0782291 0.00205115 0.00296453 0.01253 
0.813423 0.0108273 0.0656984 0.0936893 0.00172684 0.00266417 0.0119716 
0.827506 0.0119647 0.0586999 0.085002 0.00203334 0.00257523 0.0122188 
0.793384 0.0117852 0.059503 0.119465 0.00198293 0.00248246 0.0113973 
0.812174 0.0121396 0.0563625 0.0996616 0.00190179 0.003262 0.0144981 
0.752853 0.0116501 0.0616035 0.156357 0.00192781 0.00238099 0.0132277 
0.787803 0.0113167 0.0552679 0.128265 0.00213114 0.00251175 0.0127052 
0.791069 0.0119912 0.056085 0.123416 0.00226851 0.00241894 0.0127518 
0.814982 0.0147626 0.0471894 0.109217 0.00255122 0.00211841 0.00917985 
0.795543 0.0126806 0.0505555 0.125861 0.00241402 0.00232833 0.0106179 
0.755832 0.0134316 0.0486982 0.166695 0.0021133 0.00269767 0.0105319 
0.782357 0.0117307 0.056574 0.133437 0.00201445 0.00219389 0.0116933 
0.816495 0.0107124 0.0532863 0.104798 0.00225728 0.00192898 0.0105216 
0.802825 0.0122935 0.0495141 0.118812 0.00228414 0.00306471 0.0112072 
0.792988 0.0105364 0.0524422 0.124365 0.00275618 0.00279118 0.0141209 
0.821719 0.0116892 0.0464786 0.102416 0.00281333 0.00283603 0.0120479 
0.823389 0.0108907 0.0517633 0.0970519 0.00229854 0.00245433 0.0121521 
0.792766 0.0134446 0.0512429 0.126588 0.00206177 0.0020585 0.0118376 
0.806098 0.0132157 0.0456323 0.121888 0.00309264 0.00161184 0.00846141 
0.771386 0.0133489 0.040119 0.160165 0.00412658 0.0020617 0.00879277 
0.818386 0.0144806 0.0423076 0.10777 0.00332406 0.00311884 0.0106124 
0.808277 0.01125 0.0537631 0.110931 0.00233402 0.00242034 0.0110243 
0.799653 0.0122615 0.0563352 0.111426 0.00205407 0.00381641 0.0144538 
0.854802 0.0116659 0.0502529 0.0664632 0.00253163 0.00252348 0.0117606 
0.847865 0.00898123 0.0646089 0.0609633 0.00185022 0.00212769 0.0136033 
0.844642 0.0105105 0.0565815 0.0675002 0.00209443 0.00287789 0.0157932 
0.78466 0.00958439 0.0682041 0.112229 0.00185301 0.00439519 0.0190747 
0.782192 0.0103111 0.0616501 0.122989 0.00226694 0.00363763 0.0169535 
0.79417 0.0109354 0.0587311 0.116597 0.00206507 0.00354319 0.0139588 
0.835106 0.0109018 0.0592798 0.077738 0.00173706 0.00313286 0.0121045 
0.785648 0.0107627 0.0565046 0.13114 0.00248521 0.00248158 0.0109774 
0.806005 0.00947901 0.0598505 0.105931 0.00247231 0.00267476 0.0135874 
0.75653 0.0117366 0.0440219 0.170558 0.00324996 0.00254798 0.0113555 
0.837357 0.0108765 0.0506118 0.082863 0.00295316 0.0024094 0.0129293 
0.823504 0.010987 0.0526094 0.092995 0.00277723 0.00242082 0.0147066 
0.792678 0.00961119 0.0651444 0.112867 0.00204957 0.0023159 0.015334 
0.741501 0.0104393 0.0731834 0.155328 0.0018363 0.0023976 0.0153143 
0.784971 0.00958509 0.0762089 0.111135 0.00154976 0.00212246 0.0144274 
0.73304 0.0108281 0.0718164 0.162905 0.00181541 0.00270688 0.0168888 
0.795302 0.010964 0.0618516 0.11454 0.00188929 0.00240721 0.0130451 
0.794722 0.0116676 0.0563016 0.119458 0.00242182 0.00206921 0.0133594 
0.78945 0.0119223 0.0551153 0.121086 0.0026289 0.00277696 0.0170204 
0.803784 0.0143355 0.0511328 0.110127 0.00219537 0.0028428 0.015582 
0.776136 0.0128332 0.0563026 0.138388 0.00193288 0.0023229 0.0120837 
0.799397 0.011964 0.0627677 0.107408 0.00181626 0.00250004 0.0141476 
0.808203 0.01247 0.0532385 0.10858 0.00242392 0.00242576 0.0126583 
0.83127 0.0105485 0.0695207 0.0712827 0.00139693 0.00198586 0.0139954 
0.832224 0.0125133 0.0503468 0.0854651 0.00258539 0.00297782 0.0138881 
0.829862 0.0107991 0.0595918 0.0804356 0.00185052 0.00294232 0.0145187 
0.74221 0.0113312 0.0648469 0.1619 0.00196202 0.00224561 0.0155051 
0.700667 0.0126729 0.063754 0.207948 0.00173476 0.00205223 0.0111704 
0.662905 0.0129469 0.0613173 0.247289 0.00174455 0.00243528 0.0113626 
0.661047 0.0121663 0.0681173 0.238996 0.00155117 0.00263419 0.0154883 
0.761881 0.0137208 0.0640134 0.141984 0.00143435 0.00310368 0.0138623 
0.778933 0.0123432 0.064855 0.124713 0.0015791 0.00296168 0.0146151 
0.750259 0.0119938 0.0659079 0.150211 0.00160052 0.00355977 0.016468 
0.740627 0.0117587 0.0685322 0.152654 0.00155194 0.00345765 0.0214186 
0.755363 0.0126079 0.0659089 0.14426 0.00158391 0.00322481 0.0170515 
0.761009 0.00989522 0.079892 0.123856 0.0014684 0.00443889 0.0194406 
0.782543 0.0103003 0.0658926 0.119683 0.00180626 0.00401924 0.0157561 
0.718527 0.0127396 0.0615475 0.182354 0.00180097 0.00541449 0.0176171 
0.700902 0.0115436 0.07133 0.191531 0.00168908 0.00503704 0.0179677 
0.714372 0.0120738 0.0789055 0.166291 0.00150457 0.00518305 0.0216695 
0.705235 0.0119461 0.0551401 0.209317 0.00251647 0.00326457 0.0125815 
0.666508 0.0122997 0.0613319 0.237609 0.00199291 0.00380361 0.0164552 
0.708862 0.0123978 0.0561379 0.203723 0.00251624 0.0026992 0.0136643 
0.706154 0.0117094 0.0604762 0.201987 0.0021892 0.00306947 0.0144149 
0.75694 0.00961602 0.081011 0.1307 0.00167093 0.00273717 0.0173253 
0.731573 0.0106914 0.0644316 0.175912 0.00213135 0.00253347 0.0127269 
0.810187 0.0113769 0.0662857 0.0923248 0.00155098 0.00263666 0.0156377 
0.74728 0.0118043 0.0641586 0.15707 0.00192396 0.00252838 0.0152344 
0.720181 0.0103906 0.077651 0.171412 0.00152538 0.00270324 0.0161371 
0.835106 0.0109018 0.0592798 0.077738 0.00173706 0.00313286 0.0121045 
0.785648 0.0107627 0.0565046 0.13114 0.00248521 0.00248158 0.0109774 
0.806005 0.00947901 0.0598505 0.105931 0.00247231 0.00267476 0.0135874 
0.75653 0.0117366 0.0440219 0.170558 0.00324996 0.00254798 0.0113555 
0.837357 0.0108765 0.0506118 0.082863 0.00295316 0.0024094 0.0129293 
0.823504 0.010987 0.0526094 0.092995 0.00277723 0.00242082 0.0147066 
0.792678 0.00961119 0.0651444 0.112867 0.00204957 0.0023159 0.015334 
0.741501 0.0104393 0.0731834 0.155328 0.0018363 0.0023976 0.0153143 
0.784971 0.00958509 0.0762089 0.111135 0.00154976 0.00212246 0.0144274 
0.73304 0.0108281 0.0718164 0.162905 0.00181541 0.00270688 0.0168888 
0.795302 0.010964 0.0618516 0.11454 0.00188929 0.00240721 0.0130451 
0.794722 0.0116676 0.0563016 0.119458 0.00242182 0.00206921 0.0133594 
0.78945 0.0119223 0.0551153 0.121086 0.0026289 0.00277696 0.0170204 
0.803784 0.0143355 0.0511328 0.110127 0.00219537 0.0028428 0.015582 
0.776136 0.0128332 0.0563026 0.138388 0.00193288 0.0023229 0.0120837 
0.799397 0.011964 0.0627677 0.107408 0.00181626 0.00250004 0.0141476 
0.808203 0.01247 0.0532385 0.10858 0.00242392 0.00242576 0.0126583 
0.83127 0.0105485 0.0695207 0.0712827 0.00139693 0.00198586 0.0139954 
0.832224 0.0125133 0.0503468 0.0854651 0.00258539 0.00297782 0.0138881 
0.829862 0.0107991 0.0595918 0.0804356 0.00185052 0.00294232 0.0145187 
0.74221 0.0113312 0.0648469 0.1619 0.00196202 0.00224561 0.0155051 
0.700667 0.0126729 0.063754 0.207948 0.00173476 0.00205223 0.0111704 
0.662905 0.0129469 0.0613173 0.247289 0.00174455 0.00243528 0.0113626 
0.661047 0.0121663 0.0681173 0.238996 0.00155117 0.00263419 0.0154883 
0.761881 0.0137208 0.0640134 0.141984 0.00143435 0.00310368 0.0138623 
0.778933 0.0123432 0.064855 0.124713 0.0015791 0.00296168 0.0146151 
0.750259 0.0119938 0.0659079 0.150211 0.00160052 0.00355977 0.016468 
0.740627 0.0117587 0.0685322 0.152654 0.00155194 0.00345765 0.0214186 
0.755363 0.0126079 0.0659089 0.14426 0.00158391 0.00322481 0.0170515 
0.761009 0.00989522 0.079892 0.123856 0.0014684 0.00443889 0.0194406 
0.782543 0.0103003 0.0658926 0.119683 0.00180626 0.00401924 0.0157561 
0.718527 0.0127396 0.0615475 0.182354 0.00180097 0.00541449 0.0176171 
0.700902 0.0115436 0.07133 0.191531 0.00168908 0.00503704 0.0179677 
0.714372 0.0120738 0.0789055 0.166291 0.00150457 0.00518305 0.0216695 
0.705235 0.0119461 0.0551401 0.209317 0.00251647 0.00326457 0.0125815 
0.666508 0.0122997 0.0613319 0.237609 0.00199291 0.00380361 0.0164552 
0.708862 0.0123978 0.0561379 0.203723 0.00251624 0.0026992 0.0136643 
0.706154 0.0117094 0.0604762 0.201987 0.0021892 0.00306947 0.0144149 
0.75694 0.00961602 0.081011 0.1307 0.00167093 0.00273717 0.0173253 
0.731573 0.0106914 0.0644316 0.175912 0.00213135 0.00253347 0.0127269 
0.810187 0.0113769 0.0662857 0.0923248 0.00155098 0.00263666 0.0156377 
0.74728 0.0118043 0.0641586 0.15707 0.00192396 0.00252838 0.0152344 
0.720181 0.0103906 0.077651 0.171412 0.00152538 0.00270324 0.0161371 
0.516739 0.381443 0.00891122 0.0648567 0.00513772 0.00963207 0.0132801 
0.673445 0.226617 0.0130765 0.0598112 0.00405276 0.00935184 0.0136455 
0.723423 0.157351 0.0139869 0.0835551 0.00384442 0.00790178 0.00993817 
0.70573 0.15274 0.0131075 0.106669 0.0045766 0.00701889 0.0101583 
0.750566 0.107823 0.0200442 0.101802 0.00212232 0.00630228 0.0113403 
0.771925 0.101091 0.0204169 0.0866112 0.00234814 0.00506845 0.012539 
0.772512 0.122962 0.0214458 0.0607357 0.00213559 0.00812641 0.0120826 
0.752675 0.109005 0.0255746 0.0934022 0.00186171 0.00629113 0.0111898 
0.749701 0.109235 0.0197317 0.0971318 0.00234589 0.0087421 0.0131128 
0.808397 0.0436917 0.0307476 0.101546 0.00193082 0.00382388 0.00986258 
0.844924 0.0147656 0.0497633 0.0609327 0.00162134 0.00386239 0.024131 
0.822658 0.0147719 0.0475999 0.0856831 0.00160189 0.0058198 0.0218653 
0.818131 0.0141551 0.050892 0.0904821 0.00156521 0.00772315 0.0170519 
0.807951 0.0154535 0.0495296 0.101742 0.00151641 0.00951868 0.0142894 
0.8307 0.0117614 0.0539004 0.0706985 0.00139159 0.00901888 0.0225295 
0.818332 0.0122182 0.0562642 0.075319 0.00139219 0.0103437 0.0261312 
0.830059 0.0123225 0.0504649 0.0818589 0.00170975 0.00662271 0.0169621 
0.791519 0.0146164 0.052835 0.118108 0.00175327 0.00740943 0.0137587 
0.763365 0.0128086 0.0562348 0.143692 0.00203135 0.00930483 0.0125633 
0.840175 0.011635 0.0457267 0.0659512 0.0024397 0.0130992 0.020973 
0.843638 0.0122771 0.0472152 0.0551672 0.00209052 0.0170491 0.0225624 
0.835506 0.0115648 0.0497743 0.0715216 0.00231735 0.0142157 0.0151 
0.840721 0.00990635 0.0594221 0.0582989 0.00192087 0.0120364 0.0176939 
0.883437 0.0112544 0.0557391 0.0288105 0.00193315 0.00725438 0.0115719 
0.890178 0.00990871 0.0486217 0.031328 0.00259651 0.00658223 0.010785 
0.862609 0.0106806 0.053723 0.0565898 0.00196917 0.00552217 0.00890649 
0.842138 0.00894123 0.0679415 0.0598466 0.00150604 0.00672324 0.0129034 
0.868103 0.00888383 0.0616103 0.0377745 0.00194614 0.00584378 0.0158381 
0.847865 0.0103823 0.0577279 0.0629401 0.00238822 0.00511748 0.0135786 
0.87897 0.0104889 0.0530147 0.0357488 0.00258624 0.00542992 0.0137616 
0.855576 0.00965907 0.0595894 0.0546057 0.00233887 0.00412396 0.0141067 
0.870293 0.0095967 0.0652276 0.031972 0.00190435 0.00407091 0.016935 
0.867177 0.00827327 0.0712981 0.0277203 0.00145674 0.00547435 0.0186005 
0.837348 0.00796511 0.0716377 0.0577666 0.00219893 0.00483755 0.0182465 
0.847575 0.00903859 0.0657225 0.0489874 0.00210679 0.0082308 0.0183393 
0.834365 0.00938681 0.0716894 0.0595255 0.00157793 0.00661083 0.0168444 
0.768501 0.0099913 0.0763111 0.119131 0.00157619 0.00725636 0.0172333 
0.765294 0.00860561 0.0733328 0.129877 0.00186531 0.00423342 0.0167911 
0.786572 0.00961551 0.0703736 0.108569 0.00157775 0.00510754 0.0181848 
0.798066 0.00918326 0.0781347 0.0893564 0.00131936 0.00421566 0.019725 
0.840291 0.00951783 0.0674033 0.0632112 0.00199137 0.00304541 0.0145402 
0.847715 0.00906658 0.0648812 0.0618384 0.00161647 0.00418807 0.0106938 
0.821782 0.00943161 0.0568765 0.094452 0.00197059 0.00384661 0.0116411 
0.823603 0.0118782 0.0523439 0.0933858 0.00234334 0.00389472 0.0125507 
0.780712 0.0118482 0.0615299 0.126469 0.00142236 0.0043025 0.0137164 
0.684823 0.0185615 0.0524876 0.224703 0.00141073 0.00467982 0.0133339 
0.584402 0.0383997 0.039413 0.319191 0.00146945 0.00427855 0.0128468 
0.777929 0.0268652 0.0364342 0.138106 0.00182732 0.00442775 0.0144108 
0.799321 0.0281076 0.032687 0.114424 0.00179245 0.00432418 0.0193441 
0.770505 0.0305659 0.0333037 0.138377 0.00173234 0.00579145 0.0197241 
0.704599 0.0422084 0.0255882 0.206876 0.0023265 0.00450998 0.0138915 
0.817006 0.0319197 0.0341701 0.0900741 0.00215525 0.00572982 0.0189446 
0.82158 0.0229584 0.0376538 0.0874535 0.00211353 0.0070063 0.0212344 
0.785598 0.0255529 0.0321818 0.127937 0.00255669 0.00659411 0.01958 
0.828305 0.0174936 0.0362814 0.0875239 0.00309064 0.00415068 0.0231543 
0.769599 0.0156465 0.0467668 0.133297 0.00189178 0.0043075 0.0284916 
0.832642 0.0173145 0.0344677 0.090968 0.00233189 0.00470101 0.0175755 
0.704713 0.0189821 0.0345426 0.216662 0.00219307 0.00569458 0.0172135 
0.731365 0.0185363 0.0447363 0.184214 0.00149004 0.00453645 0.0151219 
0.728424 0.0180014 0.0372552 0.189431 0.0018325 0.00559778 0.0194579 
0.65602 0.011673 0.0705134 0.234395 0.0015522 0.00494699 0.0208994 
0.883032 0.0271882 0.0280197 0.0112551 0.00594444 0.01643 0.0281305 
0.881997 0.0159689 0.0371898 0.0200975 0.00258951 0.0143558 0.0278017 
0.72293 0.0110477 0.062357 0.169411 0.00170855 0.00550363 0.0270423 
0.691771 0.0107064 0.0672334 0.199487 0.00167383 0.00383062 0.025298 
0.685485 0.0107149 0.0680273 0.205749 0.00167955 0.00378278 0.0245606 
0.733027 0.0113043 0.0586956 0.176354 0.00150761 0.00362702 0.0154836 
0.744366 0.0117272 0.0590618 0.159309 0.00166629 0.00474115 0.0191286 
0.74483 0.0111525 0.0683991 0.144857 0.00137619 0.00395717 0.0254282 
0.799587 0.0109372 0.0622395 0.104819 0.0012921 0.00352539 0.0176001 
0.782686 0.0099558 0.0661632 0.117136 0.00141389 0.0029157 0.0197295 
0.759162 0.0128436 0.0558948 0.149883 0.00163757 0.00293122 0.0176474 
0.780616 0.0100218 0.0610396 0.120812 0.00152067 0.00396919 0.0220208 
0.760762 0.0100763 0.0801828 0.11809 0.00117815 0.00397709 0.0257338 
0.775755 0.0111799 0.0656089 0.119464 0.00139099 0.00351609 0.0230861 
0.754559 0.00997106 0.0763984 0.123717 0.00145938 0.00406506 0.0298302 
0.771041 0.0105962 0.0597963 0.126071 0.00160691 0.00542553 0.0254632 
0.759344 0.0125536 0.0550073 0.145225 0.00183886 0.00394606 0.0220853 
0.769398 0.0112275 0.0668627 0.11742 0.00146997 0.00447476 0.0291461 
0.754076 0.0119961 0.0675372 0.120662 0.00126262 0.00668979 0.0377758 
0.789169 0.0117405 0.0660934 0.0947695 0.0011933 0.00514815 0.0318859 
0.750709 0.0124263 0.0608755 0.148027 0.0014156 0.00423671 0.0223105 
0.789046 0.0112413 0.0623702 0.106666 0.00130208 0.00318579 0.0261882 
0.754351 0.0106389 0.0665968 0.143155 0.0014646 0.00266999 0.0211237 
0.804921 0.0106718 0.0592719 0.0989502 0.00173597 0.00271977 0.021729 
0.784585 0.012241 0.0603647 0.113938 0.00139119 0.00386207 0.0236184 
0.837933 0.0115992 0.0560525 0.0619333 0.00137673 0.00319952 0.0279061 
0.73647 0.00962415 0.0685099 0.146788 0.0019092 0.00323913 0.0334595 
0.719292 0.0111599 0.0640424 0.171603 0.00192901 0.00320177 0.0287723 
0.693753 0.00923401 0.0648998 0.195792 0.00216072 0.00348543 0.0306752 
0.700965 0.0115157 0.0613998 0.202641 0.00177658 0.0028438 0.0188574 
0.685796 0.0123986 0.0590067 0.216111 0.00189926 0.00384636 0.020942 
0.74954 0.00970553 0.0663731 0.151133 0.00173035 0.00286107 0.0186572 
0.750719 0.0099828 0.0707137 0.140553 0.00172274 0.00256369 0.0237449 
0.742677 0.00969925 0.0700769 0.146658 0.00173386 0.00270304 0.0264522 
0.670206 0.00907921 0.0732624 0.214986 0.00220995 0.00336043 0.0268961 
0.758756 0.00998809 0.0644696 0.132011 0.00182655 0.00343787 0.0295106 
0.779167 0.0105651 0.0613505 0.124222 0.00158143 0.00351971 0.0195937 
0.766488 0.0113365 0.0610023 0.133811 0.00161023 0.00416679 0.0215858 
0.731338 0.0122287 0.0557688 0.169572 0.00169467 0.00461805 0.02478 
0.671377 0.0124214 0.0620159 0.223628 0.00171682 0.00444623 0.0243944 
0.658197 0.0115505 0.0657833 0.233939 0.00191771 0.00342734 0.025185 
0.742499 0.0117068 0.0629505 0.15239 0.00172291 0.00297481 0.0257555 
0.775383 0.012641 0.0547393 0.130908 0.00151792 0.00365259 0.0211574 
0.789427 0.010279 0.0693791 0.09829 0.00130809 0.00370928 0.027608 
0.774303 0.0103403 0.0614637 0.123429 0.00171444 0.00289372 0.0258564 
0.80595 0.00871246 0.0738636 0.0791667 0.00131503 0.00360992 0.0273819 
0.801928 0.00718697 0.0788814 0.0818475 0.00164547 0.00303621 0.0254744 
0.791338 0.00764637 0.0770417 0.0971188 0.00161114 0.00331508 0.0219287 
0.793297 0.0079895 0.0814124 0.0850663 0.0013982 0.0035386 0.0272982 
0.738632 0.0108288 0.0685519 0.155789 0.0015093 0.00347081 0.0212177 
0.849807 0.0126161 0.0463045 0.0621788 0.00177121 0.00520808 0.0221137 
0.895957 0.0213246 0.0310219 0.0106882 0.00336024 0.0116984 0.0259499 
0.804072 0.0105078 0.0531226 0.0975591 0.00247961 0.00511782 0.0271407 
0.721076 0.00842523 0.0762813 0.159734 0.00228529 0.00463675 0.027562 
0.694678 0.01059 0.063809 0.20864 0.00191232 0.00290913 0.0174623 
0.75242 0.0119745 0.0621409 0.142905 0.00178711 0.00386612 0.0249062 
0.721097 0.0106731 0.0707344 0.1681 0.00164532 0.00435714 0.0233927 
0.752837 0.0112752 0.0683025 0.137509 0.00167006 0.00365247 0.0247536 
0.619196 0.0118166 0.0666784 0.277136 0.00169984 0.00300671 0.020466 
0.64774 0.0124136 0.0791767 0.237484 0.0016045 0.00389699 0.0176846 
0.739197 0.011386 0.0753441 0.145802 0.00146217 0.00431372 0.0224952 
0.792778 0.0109604 0.0599952 0.111116 0.00156218 0.004545 0.0190431 
0.762647 0.0111993 0.0578695 0.142508 0.00201459 0.00327882 0.0204828 
0.716255 0.0109911 0.0685829 0.176841 0.00162389 0.00390112 0.021805 
0.762501 0.0107316 0.0663711 0.139069 0.00161289 0.00292915 0.0167853 
0.78732 0.0091907 0.0786102 0.0984485 0.00133623 0.00337977 0.0217143 
0.781109 0.00895912 0.0755171 0.101375 0.0014336 0.00393407 0.0276718 
0.725558 0.00943642 0.0776758 0.162792 0.00172687 0.00412984 0.0186808 
0.709041 0.0116867 0.0562332 0.203304 0.0018858 0.00362562 0.014224 
0.743108 0.0109921 0.0634853 0.157463 0.00165301 0.00342898 0.0198701 
0.731541 0.00945251 0.0782551 0.148641 0.00176527 0.00450192 0.0258431 
0.720743 0.010008 0.0669131 0.177083 0.00178655 0.00359002 0.019876 
0.731032 0.0101744 0.0559244 0.179081 0.00220732 0.00330201 0.0182794 
0.794288 0.0100901 0.0694602 0.10295 0.0014694 0.00329976 0.0184419 
0.769454 0.0122773 0.0524409 0.143901 0.00190225 0.00303144 0.0169932 
0.759134 0.00943061 0.0658124 0.132114 0.00189822 0.00433643 0.0272752 
0.811167 0.00922245 0.0622352 0.0831235 0.00164706 0.00369973 0.028905 
0.76405 0.0103298 0.0689708 0.119505 0.00163609 0.00462439 0.0308838 
0.767268 0.00896178 0.0674298 0.10995 0.00188319 0.0044164 0.0400909 
0.758361 0.0100892 0.0673498 0.130126 0.00170793 0.00450719 0.0278591 
0.725358 0.00972655 0.069314 0.162679 0.00174686 0.00425606 0.0269199 
0.745557 0.00820964 0.0714036 0.145646 0.00174138 0.00374953 0.0236927 
0.786882 0.00850873 0.0678248 0.10389 0.0016924 0.00355146 0.0276514 
0.778633 0.0088326 0.0658962 0.117923 0.00170403 0.00360984 0.023401 
0.821598 0.0103106 0.0543059 0.0835814 0.00160752 0.00477614 0.0238202 
0.748968 0.00936853 0.0640196 0.138297 0.00202965 0.0050395 0.0322781 
0.824455 0.00976283 0.0551091 0.0772221 0.00190421 0.00360974 0.0279367 
0.805635 0.00943913 0.0595978 0.0943196 0.00164489 0.00415343 0.0252103 
0.818408 0.00822017 0.0733468 0.0698267 0.00123284 0.0030822 0.0258837 
0.745924 0.0085279 0.0809561 0.123512 0.00174117 0.00343198 0.035907 
0.787841 0.00802901 0.0791217 0.0935857 0.00144481 0.00297492 0.0270027 
0.796869 0.00902161 0.0808691 0.0782607 0.00123807 0.00383088 0.0299105 
0.803111 0.0094647 0.0724341 0.0783902 0.00121929 0.00402863 0.0313517 
0.767835 0.0111384 0.0660656 0.120794 0.00139268 0.00443928 0.0283353 
0.804805 0.00975634 0.0698094 0.0799697 0.00131301 0.00379883 0.0305475 
0.780794 0.0100934 0.0664086 0.106378 0.00157536 0.00385458 0.0308959 
0.737336 0.00909256 0.0877885 0.128723 0.00152614 0.00375804 0.0317763 
0.798143 0.00823691 0.0740084 0.0952923 0.00139166 0.00290205 0.0200254 
0.73051 0.00843892 0.0875593 0.144809 0.0016823 0.00281347 0.0241872 
0.767186 0.00804691 0.0808763 0.113976 0.00155283 0.00229277 0.0260689 
0.804313 0.0104199 0.0586782 0.0952003 0.00171767 0.00320855 0.0264623 
0.765862 0.010451 0.0637313 0.131258 0.00166176 0.00339974 0.0236366 
0.702489 0.0111519 0.0693747 0.194556 0.00146102 0.00286314 0.018104 
0.691181 0.0113907 0.0736142 0.201943 0.00154063 0.0030411 0.0172899 
0.61753 0.0108944 0.0741614 0.27201 0.00165626 0.00352353 0.0202243 
0.715793 0.0136306 0.0674786 0.183087 0.00138251 0.00337428 0.0152542 
0.689959 0.0146852 0.0682165 0.198497 0.00149186 0.00382716 0.0233228 
0.632324 0.0357649 0.0299485 0.282842 0.00219742 0.00322034 0.0137022 
0.24804 0.0609677 0.0235063 0.653072 0.00140242 0.00315751 0.00985401 
0.368178 0.0659024 0.0267041 0.523489 0.00148625 0.00296093 0.0112793 
0.835106 0.0109018 0.0592798 0.077738 0.00173706 0.00313286 0.0121045 
0.785648 0.0107627 0.0565046 0.13114 0.00248521 0.00248158 0.0109774 
0.806005 0.00947901 0.0598505 0.105931 0.00247231 0.00267476 0.0135874 
0.75653 0.0117366 0.0440219 0.170558 0.00324996 0.00254798 0.0113555 
0.837357 0.0108765 0.0506118 0.082863 0.00295316 0.0024094 0.0129293 
0.823504 0.010987 0.0526094 0.092995 0.00277723 0.00242082 0.0147066 
0.792678 0.00961119 0.0651444 0.112867 0.00204957 0.0023159 0.015334 
0.741501 0.0104393 0.0731834 0.155328 0.0018363 0.0023976 0.0153143 
0.784971 0.00958509 0.0762089 0.111135 0.00154976 0.00212246 0.0144274 
0.73304 0.0108281 0.0718164 0.162905 0.00181541 0.00270688 0.0168888 
0.795302 0.010964 0.0618516 0.11454 0.00188929 0.00240721 0.0130451 
0.794722 0.0116676 0.0563016 0.119458 0.00242182 0.00206921 0.0133594 
0.78945 0.0119223 0.0551153 0.121086 0.0026289 0.00277696 0.0170204 
0.803784 0.0143355 0.0511328 0.110127 0.00219537 0.0028428 0.015582 
0.776136 0.0128332 0.0563026 0.138388 0.00193288 0.0023229 0.0120837 
0.799397 0.011964 0.0627677 0.107408 0.00181626 0.00250004 0.0141476 
0.808203 0.01247 0.0532385 0.10858 0.00242392 0.00242576 0.0126583 
0.83127 0.0105485 0.0695207 0.0712827 0.00139693 0.00198586 0.0139954 
0.832224 0.0125133 0.0503468 0.0854651 0.00258539 0.00297782 0.0138881 
0.829862 0.0107991 0.0595918 0.0804356 0.00185052 0.00294232 0.0145187 
0.74221 0.0113312 0.0648469 0.1619 0.00196202 0.00224561 0.0155051 
0.700667 0.0126729 0.063754 0.207948 0.00173476 0.00205223 0.0111704 
0.662905 0.0129469 0.0613173 0.247289 0.00174455 0.00243528 0.0113626 
0.661047 0.0121663 0.0681173 0.238996 0.00155117 0.00263419 0.0154883 
0.761881 0.0137208 0.0640134 0.141984 0.00143435 0.00310368 0.0138623 
0.778933 0.0123432 0.064855 0.124713 0.0015791 0.00296168 0.0146151 
0.750259 0.0119938 0.0659079 0.150211 0.00160052 0.00355977 0.016468 
0.740627 0.0117587 0.0685322 0.152654 0.00155194 0.00345765 0.0214186 
0.755363 0.0126079 0.0659089 0.14426 0.00158391 0.00322481 0.0170515 
0.761009 0.00989522 0.079892 0.123856 0.0014684 0.00443889 0.0194406 
0.782543 0.0103003 0.0658926 0.119683 0.00180626 0.00401924 0.0157561 
0.718527 0.0127396 0.0615475 0.182354 0.00180097 0.00541449 0.0176171 
0.700902 0.0115436 0.07133 0.191531 0.00168908 0.00503704 0.0179677 
0.714372 0.0120738 0.0789055 0.166291 0.00150457 0.00518305 0.0216695 
0.705235 0.0119461 0.0551401 0.209317 0.00251647 0.00326457 0.0125815 
0.666508 0.0122997 0.0613319 0.237609 0.00199291 0.00380361 0.0164552 
0.708862 0.0123978 0.0561379 0.203723 0.00251624 0.0026992 0.0136643 
0.706154 0.0117094 0.0604762 0.201987 0.0021892 0.00306947 0.0144149 
0.75694 0.00961602 0.081011 0.1307 0.00167093 0.00273717 0.0173253 
0.731573 0.0106914 0.0644316 0.175912 0.00213135 0.00253347 0.0127269 
0.810187 0.0113769 0.0662857 0.0923248 0.00155098 0.00263666 0.0156377 
0.74728 0.0118043 0.0641586 0.15707 0.00192396 0.00252838 0.0152344 
0.720181 0.0103906 0.077651 0.171412 0.00152538 0.00270324 0.0161371 
0.721076 0.00842523 0.0762813 0.159734 0.00228529 0.00463675 0.027562 
0.694678 0.01059 0.063809 0.20864 0.00191232 0.00290913 0.0174623 
0.75242 0.0119745 0.0621409 0.142905 0.00178711 0.00386612 0.0249062 
0.721097 0.0106731 0.0707344 0.1681 0.00164532 0.00435714 0.0233927 
0.752837 0.0112752 0.0683025 0.137509 0.00167006 0.00365247 0.0247536 
0.619196 0.0118166 0.0666784 0.277136 0.00169984 0.00300671 0.020466 
0.64774 0.0124136 0.0791767 0.237484 0.0016045 0.00389699 0.0176846 
0.739197 0.011386 0.0753441 0.145802 0.00146217 0.00431372 0.0224952 
0.792778 0.0109604 0.0599952 0.111116 0.00156218 0.004545 0.0190431 
0.762647 0.0111993 0.0578695 0.142508 0.00201459 0.00327882 0.0204828 
0.716255 0.0109911 0.0685829 0.176841 0.00162389 0.00390112 0.021805 
0.762501 0.0107316 0.0663711 0.139069 0.00161289 0.00292915 0.0167853 
0.78732 0.0091907 0.0786102 0.0984485 0.00133623 0.00337977 0.0217143 
0.781109 0.00895912 0.0755171 0.101375 0.0014336 0.00393407 0.0276718 
0.725558 0.00943642 0.0776758 0.162792 0.00172687 0.00412984 0.0186808 
0.709041 0.0116867 0.0562332 0.203304 0.0018858 0.00362562 0.014224 
0.743108 0.0109921 0.0634853 0.157463 0.00165301 0.00342898 0.0198701 
0.731541 0.00945251 0.0782551 0.148641 0.00176527 0.00450192 0.0258431 
0.720743 0.010008 0.0669131 0.177083 0.00178655 0.00359002 0.019876 
0.731032 0.0101744 0.0559244 0.179081 0.00220732 0.00330201 0.0182794 
0.794288 0.0100901 0.0694602 0.10295 0.0014694 0.00329976 0.0184419 
0.769454 0.0122773 0.0524409 0.143901 0.00190225 0.00303144 0.0169932 
0.759134 0.00943061 0.0658124 0.132114 0.00189822 0.00433643 0.0272752 
0.811167 0.00922245 0.0622352 0.0831235 0.00164706 0.00369973 0.028905 
0.76405 0.0103298 0.0689708 0.119505 0.00163609 0.00462439 0.0308838 
0.767268 0.00896178 0.0674298 0.10995 0.00188319 0.0044164 0.0400909 
0.758361 0.0100892 0.0673498 0.130126 0.00170793 0.00450719 0.0278591 
0.725358 0.00972655 0.069314 0.162679 0.00174686 0.00425606 0.0269199 
0.745557 0.00820964 0.0714036 0.145646 0.00174138 0.00374953 0.0236927 
0.786882 0.00850873 0.0678248 0.10389 0.0016924 0.00355146 0.0276514 
0.778633 0.0088326 0.0658962 0.117923 0.00170403 0.00360984 0.023401 
0.821598 0.0103106 0.0543059 0.0835814 0.00160752 0.00477614 0.0238202 
0.748968 0.00936853 0.0640196 0.138297 0.00202965 0.0050395 0.0322781 
0.824455 0.00976283 0.0551091 0.0772221 0.00190421 0.00360974 0.0279367 
0.805635 0.00943913 0.0595978 0.0943196 0.00164489 0.00415343 0.0252103 
0.818408 0.00822017 0.0733468 0.0698267 0.00123284 0.0030822 0.0258837 
0.745924 0.0085279 0.0809561 0.123512 0.00174117 0.00343198 0.035907 
0.787841 0.00802901 0.0791217 0.0935857 0.00144481 0.00297492 0.0270027 
0.796869 0.00902161 0.0808691 0.0782607 0.00123807 0.00383088 0.0299105 
0.803111 0.0094647 0.0724341 0.0783902 0.00121929 0.00402863 0.0313517 
0.767835 0.0111384 0.0660656 0.120794 0.00139268 0.00443928 0.0283353 
0.804805 0.00975634 0.0698094 0.0799697 0.00131301 0.00379883 0.0305475 
0.780794 0.0100934 0.0664086 0.106378 0.00157536 0.00385458 0.0308959 
0.737336 0.00909256 0.0877885 0.128723 0.00152614 0.00375804 0.0317763 
0.798143 0.00823691 0.0740084 0.0952923 0.00139166 0.00290205 0.0200254 
0.73051 0.00843892 0.0875593 0.144809 0.0016823 0.00281347 0.0241872 
0.767186 0.00804691 0.0808763 0.113976 0.00155283 0.00229277 0.0260689 
0.804313 0.0104199 0.0586782 0.0952003 0.00171767 0.00320855 0.0264623 
0.765862 0.010451 0.0637313 0.131258 0.00166176 0.00339974 0.0236366 
0.702489 0.0111519 0.0693747 0.194556 0.00146102 0.00286314 0.018104 
0.691181 0.0113907 0.0736142 0.201943 0.00154063 0.0030411 0.0172899 
0.61753 0.0108944 0.0741614 0.27201 0.00165626 0.00352353 0.0202243 
0.715793 0.0136306 0.0674786 0.183087 0.00138251 0.00337428 0.0152542 
0.689959 0.0146852 0.0682165 0.198497 0.00149186 0.00382716 0.0233228 
0.632324 0.0357649 0.0299485 0.282842 0.00219742 0.00322034 0.0137022 
0.24804 0.0609677 0.0235063 0.653072 0.00140242 0.00315751 0.00985401 
0.368178 0.0659024 0.0267041 0.523489 0.00148625 0.00296093 0.0112793 
0.849131 0.00891558 0.0630174 0.0483606 0.00211716 0.00829556 0.0201622 
0.825141 0.00731698 0.0809644 0.0488234 0.00175716 0.00803134 0.0279657 
0.800705 0.00832294 0.0785688 0.0824967 0.00184177 0.00689009 0.0211742 
0.825022 0.00731705 0.081748 0.0620258 0.00194049 0.00324098 0.0187057 
0.812004 0.00756929 0.0800386 0.080258 0.00178005 0.00453776 0.0138126 
0.819065 0.00679141 0.0954648 0.0591448 0.00141778 0.00475795 0.0133586 
0.826103 0.00730779 0.0740276 0.0701415 0.00225545 0.0053234 0.0148415 
0.838857 0.00730436 0.0781154 0.0523139 0.00163043 0.0053114 0.0164678 
0.787962 0.00700872 0.0908019 0.0876804 0.00216193 0.00468268 0.0197027 
0.773364 0.00746239 0.096293 0.0931695 0.00200268 0.00670861 0.0209998 
0.790609 0.00669496 0.0917434 0.0807975 0.00195343 0.00631184 0.0218897 
0.807848 0.00663347 0.0920135 0.0599243 0.00170911 0.00569543 0.0261764 
0.811948 0.00705888 0.0841857 0.0664606 0.00215954 0.0063092 0.021878 
0.771659 0.00640894 0.100629 0.089225 0.00196826 0.00675842 0.023351 
0.791576 0.00645432 0.09624 0.0738606 0.00175248 0.00812756 0.0219891 
0.805565 0.00657037 0.0936042 0.0616809 0.00161717 0.00582972 0.025133 
0.797849 0.00615085 0.104215 0.0587677 0.00133757 0.00496456 0.0267151 
0.745403 0.00659907 0.119935 0.09707 0.00195032 0.0052325 0.0238104 
0.749515 0.00613714 0.1086 0.105738 0.00230719 0.00489976 0.0228036 
0.812591 0.00659596 0.091071 0.0593891 0.00175398 0.00577789 0.0228209 
0.800574 0.00618739 0.099242 0.0689937 0.00142694 0.00453344 0.0190426 
0.783418 0.00644101 0.094707 0.0854982 0.00204038 0.00479936 0.0230964 
0.760094 0.00723719 0.0903977 0.115514 0.00208531 0.00552562 0.0191463 
0.74221 0.0068959 0.0961409 0.126633 0.00228449 0.00463513 0.0212002 
0.764541 0.00736679 0.0815369 0.119559 0.00273526 0.00570803 0.0185528 
0.772535 0.00713131 0.0817009 0.111925 0.00204201 0.00479977 0.0198665 
0.783197 0.00623891 0.0911153 0.0940277 0.00234187 0.00362344 0.0194554 
0.763397 0.0060546 0.0999416 0.103843 0.0026172 0.00384994 0.0202966 
0.792084 0.00687183 0.0988737 0.0723845 0.0018041 0.00546453 0.0225172 
0.780746 0.00687093 0.0853852 0.0931999 0.00280365 0.00466277 0.0263312 
0.769141 0.0066894 0.0932752 0.105036 0.00218586 0.00402326 0.019649 
0.820399 0.00636485 0.0832773 0.0593202 0.0022761 0.00492614 0.0234359 
0.763283 0.00664493 0.0962989 0.103949 0.00264605 0.00400996 0.0231674 
0.787 0.00688142 0.100388 0.0746115 0.00189485 0.0040398 0.0251843 
0.793787 0.00654451 0.089765 0.0854752 0.00249068 0.0034304 0.0185073 
0.753949 0.00683936 0.0881877 0.124591 0.00279382 0.00359439 0.020045 
0.794688 0.00686198 0.088425 0.0797793 0.00208774 0.00455009 0.023608 
0.744252 0.00567295 0.114593 0.103404 0.00229634 0.00329245 0.0264887 
0.707059 0.00685656 0.117271 0.129619 0.00224613 0.00560909 0.0313386 
0.72986 0.00761249 0.0945514 0.129963 0.00234394 0.00524358 0.0304253 
0.751419 0.00702735 0.0988918 0.101319 0.00201285 0.00469604 0.0346341 
0.75217 0.00741089 0.0999425 0.105253 0.00183892 0.00453337 0.0288518 
0.737269 0.00777613 0.100839 0.12333 0.00175667 0.00391474 0.0251137 
0.710702 0.00842319 0.093802 0.166843 0.00167664 0.00218169 0.0163721 
0.718989 0.00883737 0.0986394 0.149195 0.00157214 0.00333948 0.019428 
0.722178 0.00848528 0.0970542 0.148201 0.00160489 0.00237053 0.0201063 
0.760327 0.00815677 0.0784953 0.126166 0.00178704 0.00278063 0.0222879 
0.783055 0.008775 0.0742007 0.106156 0.00185125 0.00279043 0.0231718 
0.759747 0.00975483 0.0772906 0.134762 0.00148093 0.00204907 0.0149161 
0.699091 0.00904156 0.0891053 0.181173 0.00172364 0.00305493 0.0168104 
0.706967 0.00894307 0.0883835 0.170904 0.00185481 0.00350937 0.0194389 
0.691318 0.00914361 0.082151 0.194551 0.00176659 0.00389153 0.0171789 
0.776804 0.00866553 0.0730466 0.121093 0.00151664 0.00319232 0.0156815 
0.744203 0.0107009 0.0712204 0.158016 0.00147399 0.00271162 0.0116744 
0.750908 0.0102992 0.0680527 0.150415 0.00159382 0.00212903 0.0166018 
0.725392 0.0133746 0.0610581 0.179047 0.00154957 0.0032534 0.0163253 
0.727632 0.0125505 0.076127 0.159346 0.00127409 0.00352619 0.0195447 
0.770305 0.00836057 0.079215 0.114333 0.00145054 0.00330501 0.0230309 
0.752955 0.00928312 0.0739778 0.136985 0.0017075 0.00266269 0.0224291 
0.764902 0.00907106 0.077153 0.126741 0.00141883 0.00289196 0.0178213 
0.770099 0.00991107 0.0740624 0.126305 0.00142245 0.00270851 0.0154911 
0.758401 0.00923252 0.0629277 0.147572 0.00193422 0.00271208 0.0172203 
0.776278 0.00897526 0.0793661 0.104172 0.00142568 0.00295409 0.0268289 
0.753424 0.00946321 0.067779 0.144778 0.00195275 0.00284217 0.0197606 
0.751372 0.0107823 0.0715067 0.145918 0.00148484 0.00250012 0.0164353 
0.781099 0.0103711 0.0588917 0.129726 0.00181462 0.00240502 0.015693 
0.717955 0.00803125 0.0926182 0.159416 0.00165987 0.00298898 0.0173301 
0.746314 0.00798315 0.0786536 0.147058 0.00188896 0.00214637 0.0159556 
0.710548 0.00871053 0.08538 0.175935 0.00162406 0.00218132 0.0156218 
0.718215 0.00770681 0.0785766 0.169414 0.00221301 0.00264642 0.0212286 
0.714799 0.00752468 0.0815644 0.173621 0.00215786 0.00233644 0.0179968 
0.726632 0.0100463 0.0624714 0.181016 0.00195508 0.00240946 0.0154698 
0.746494 0.00964001 0.0760548 0.143156 0.001547 0.0034937 0.0196145 
0.7117 0.0103849 0.0617715 0.199226 0.00206019 0.00198759 0.01287 
0.743983 0.0104132 0.0723512 0.150833 0.00151357 0.00362157 0.0172838 
0.734588 0.0088492 0.072475 0.162757 0.00181241 0.00299539 0.0165223 
0.748513 0.00985545 0.0568136 0.160428 0.00250973 0.00347431 0.0184064 
0.711485 0.00895367 0.0804043 0.178162 0.00179968 0.00268763 0.0165074 
0.704268 0.00920725 0.0719892 0.195489 0.00179299 0.00268214 0.0145711 
0.727634 0.0101295 0.0806164 0.160271 0.00146036 0.00300222 0.0168861 
0.709724 0.00942024 0.0754589 0.180818 0.00180133 0.00310331 0.0196749 
0.750351 0.00887404 0.0808117 0.137789 0.0015664 0.00295777 0.0176502 
0.731734 0.00876769 0.0733509 0.164634 0.00184986 0.00235678 0.0173062 
0.689666 0.00915341 0.0935892 0.182148 0.00174002 0.00325 0.0204542 
0.757906 0.00970841 0.0696704 0.136998 0.00168493 0.00277244 0.0212601 
0.800366 0.0108301 0.0668745 0.0986515 0.00146795 0.00345889 0.0183513 
0.827743 0.00698876 0.0807447 0.0551874 0.0012964 0.00268177 0.0253578 
0.814673 0.00802446 0.0792208 0.0730283 0.00134452 0.00295796 0.0207505 
0.790068 0.00867095 0.0750658 0.100477 0.00163899 0.00267121 0.0214077 
0.829303 0.00889715 0.0711398 0.0666235 0.0012896 0.00270988 0.0200372 
0.822807 0.00815217 0.073351 0.0694134 0.00146267 0.00265674 0.022157 
0.803457 0.00904493 0.0698003 0.0974334 0.00155317 0.00248842 0.016223 
0.787042 0.00912378 0.0827071 0.0968171 0.00136794 0.0027126 0.0202299 
0.774378 0.0101248 0.0688216 0.123886 0.00155289 0.00333728 0.0179001 
0.800857 0.00921397 0.0801564 0.0874924 0.00120606 0.002831 0.0182433 
0.796889 0.00898901 0.0828962 0.080104 0.00115216 0.00456346 0.025406 
0.774743 0.00960292 0.0761182 0.106336 0.00136452 0.00380473 0.0280301 
0.765754 0.0102285 0.0801041 0.111175 0.00132659 0.00397487 0.0274371 
0.806156 0.00916569 0.076884 0.0818316 0.00121606 0.00369815 0.0210482 
0.794337 0.00900667 0.0868081 0.0803998 0.0011947 0.00365211 0.0246016 
0.733677 0.00942545 0.0823136 0.14586 0.00173118 0.00307047 0.0239222 
0.762964 0.0091038 0.0901037 0.100322 0.00150877 0.00411131 0.031887 
0.746839 0.00905588 0.100329 0.116808 0.00144835 0.00341059 0.0221096 
0.731753 0.00855664 0.103181 0.117653 0.0016736 0.00518689 0.0319959 
0.732302 0.0092466 0.0908026 0.138978 0.00170979 0.00402776 0.0229333 
0.653481 0.0104908 0.0906678 0.215455 0.00189165 0.00479099 0.0232222 
0.844989 0.0109404 0.0582444 0.0610818 0.00180197 0.00413886 0.0188039 
0.818198 0.0100024 0.0690644 0.0742119 0.00152887 0.0044865 0.0225082 
0.836807 0.0100392 0.0635915 0.0630756 0.00153115 0.00454713 0.0204083 
0.808902 0.00816502 0.0757004 0.0780196 0.00142774 0.00427303 0.0235124 
0.761822 0.00771192 0.0875232 0.110965 0.00170984 0.00362317 0.0266448 
0.784083 0.00880724 0.0769796 0.100517 0.00167213 0.00402509 0.0239166 
0.788998 0.00778814 0.0885523 0.0853396 0.00142295 0.00366681 0.0242325 
0.736637 0.00791606 0.0913894 0.129201 0.00185384 0.00379251 0.0292105 
0.835106 0.0109018 0.0592798 0.077738 0.00173706 0.00313286 0.0121045 
0.785648 0.0107627 0.0565046 0.13114 0.00248521 0.00248158 0.0109774 
0.806005 0.00947901 0.0598505 0.105931 0.00247231 0.00267476 0.0135874 
0.75653 0.0117366 0.0440219 0.170558 0.00324996 0.00254798 0.0113555 
0.837357 0.0108765 0.0506118 0.082863 0.00295316 0.0024094 0.0129293 
0.823504 0.010987 0.0526094 0.092995 0.00277723 0.00242082 0.0147066 
0.792678 0.00961119 0.0651444 0.112867 0.00204957 0.0023159 0.015334 
0.741501 0.0104393 0.0731834 0.155328 0.0018363 0.0023976 0.0153143 
0.784971 0.00958509 0.0762089 0.111135 0.00154976 0.00212246 0.0144274 
0.73304 0.0108281 0.0718164 0.162905 0.00181541 0.00270688 0.0168888 
0.795302 0.010964 0.0618516 0.11454 0.00188929 0.00240721 0.0130451 
0.794722 0.0116676 0.0563016 0.119458 0.00242182 0.00206921 0.0133594 
0.78945 0.0119223 0.0551153 0.121086 0.0026289 0.00277696 0.0170204 
0.803784 0.0143355 0.0511328 0.110127 0.00219537 0.0028428 0.015582 
0.776136 0.0128332 0.0563026 0.138388 0.00193288 0.0023229 0.0120837 
0.799397 0.011964 0.0627677 0.107408 0.00181626 0.00250004 0.0141476 
0.808203 0.01247 0.0532385 0.10858 0.00242392 0.00242576 0.0126583 
0.83127 0.0105485 0.0695207 0.0712827 0.00139693 0.00198586 0.0139954 
0.832224 0.0125133 0.0503468 0.0854651 0.00258539 0.00297782 0.0138881 
0.829862 0.0107991 0.0595918 0.0804356 0.00185052 0.00294232 0.0145187 
0.74221 0.0113312 0.0648469 0.1619 0.00196202 0.00224561 0.0155051 
0.700667 0.0126729 0.063754 0.207948 0.00173476 0.00205223 0.0111704 
0.662905 0.0129469 0.0613173 0.247289 0.00174455 0.00243528 0.0113626 
0.661047 0.0121663 0.0681173 0.238996 0.00155117 0.00263419 0.0154883 
0.761881 0.0137208 0.0640134 0.141984 0.00143435 0.00310368 0.0138623 
0.778933 0.0123432 0.064855 0.124713 0.0015791 0.00296168 0.0146151 
0.750259 0.0119938 0.0659079 0.150211 0.00160052 0.00355977 0.016468 
0.740627 0.0117587 0.0685322 0.152654 0.00155194 0.00345765 0.0214186 
0.755363 0.0126079 0.0659089 0.14426 0.00158391 0.00322481 0.0170515 
0.761009 0.00989522 0.079892 0.123856 0.0014684 0.00443889 0.0194406 
0.782543 0.0103003 0.0658926 0.119683 0.00180626 0.00401924 0.0157561 
0.718527 0.0127396 0.0615475 0.182354 0.00180097 0.00541449 0.0176171 
0.700902 0.0115436 0.07133 0.191531 0.00168908 0.00503704 0.0179677 
0.714372 0.0120738 0.0789055 0.166291 0.00150457 0.00518305 0.0216695 
0.705235 0.0119461 0.0551401 0.209317 0.00251647 0.00326457 0.0125815 
0.666508 0.0122997 0.0613319 0.237609 0.00199291 0.00380361 0.0164552 
0.708862 0.0123978 0.0561379 0.203723 0.00251624 0.0026992 0.0136643 
0.706154 0.0117094 0.0604762 0.201987 0.0021892 0.00306947 0.0144149 
0.75694 0.00961602 0.081011 0.1307 0.00167093 0.00273717 0.0173253 
0.731573 0.0106914 0.0644316 0.175912 0.00213135 0.00253347 0.0127269 
0.810187 0.0113769 0.0662857 0.0923248 0.00155098 0.00263666 0.0156377 
0.74728 0.0118043 0.0641586 0.15707 0.00192396 0.00252838 0.0152344 
0.720181 0.0103906 0.077651 0.171412 0.00152538 0.00270324 0.0161371 
0.721076 0.00842523 0.0762813 0.159734 0.00228529 0.00463675 0.027562 
0.694678 0.01059 0.063809 0.20864 0.00191232 0.00290913 0.0174623 
0.75242 0.0119745 0.0621409 0.142905 0.00178711 0.00386612 0.0249062 
0.721097 0.0106731 0.0707344 0.1681 0.00164532 0.00435714 0.0233927 
0.752837 0.0112752 0.0683025 0.137509 0.00167006 0.00365247 0.0247536 
0.619196 0.0118166 0.0666784 0.277136 0.00169984 0.00300671 0.020466 
0.64774 0.0124136 0.0791767 0.237484 0.0016045 0.00389699 0.0176846 
0.739197 0.011386 0.0753441 0.145802 0.00146217 0.00431372 0.0224952 
0.792778 0.0109604 0.0599952 0.111116 0.00156218 0.004545 0.0190431 
0.762647 0.0111993 0.0578695 0.142508 0.00201459 0.00327882 0.0204828 
0.716255 0.0109911 0.0685829 0.176841 0.00162389 0.00390112 0.021805 
0.762501 0.0107316 0.0663711 0.139069 0.00161289 0.00292915 0.0167853 
0.78732 0.0091907 0.0786102 0.0984485 0.00133623 0.00337977 0.0217143 
0.781109 0.00895912 0.0755171 0.101375 0.0014336 0.00393407 0.0276718 
0.725558 0.00943642 0.0776758 0.162792 0.00172687 0.00412984 0.0186808 
0.709041 0.0116867 0.0562332 0.203304 0.0018858 0.00362562 0.014224 
0.743108 0.0109921 0.0634853 0.157463 0.00165301 0.00342898 0.0198701 
0.731541 0.00945251 0.0782551 0.148641 0.00176527 0.00450192 0.0258431 
0.720743 0.010008 0.0669131 0.177083 0.00178655 0.00359002 0.019876 
0.731032 0.0101744 0.0559244 0.179081 0.00220732 0.00330201 0.0182794 
0.794288 0.0100901 0.0694602 0.10295 0.0014694 0.00329976 0.0184419 
0.769454 0.0122773 0.0524409 0.143901 0.00190225 0.00303144 0.0169932 
0.759134 0.00943061 0.0658124 0.132114 0.00189822 0.00433643 0.0272752 
0.811167 0.00922245 0.0622352 0.0831235 0.00164706 0.00369973 0.028905 
0.76405 0.0103298 0.0689708 0.119505 0.00163609 0.00462439 0.0308838 
0.767268 0.00896178 0.0674298 0.10995 0.00188319 0.0044164 0.0400909 
0.758361 0.0100892 0.0673498 0.130126 0.00170793 0.00450719 0.0278591 
0.725358 0.00972655 0.069314 0.162679 0.00174686 0.00425606 0.0269199 
0.745557 0.00820964 0.0714036 0.145646 0.00174138 0.00374953 0.0236927 
0.786882 0.00850873 0.0678248 0.10389 0.0016924 0.00355146 0.0276514 
0.778633 0.0088326 0.0658962 0.117923 0.00170403 0.00360984 0.023401 
0.821598 0.0103106 0.0543059 0.0835814 0.00160752 0.00477614 0.0238202 
0.748968 0.00936853 0.0640196 0.138297 0.00202965 0.0050395 0.0322781 
0.824455 0.00976283 0.0551091 0.0772221 0.00190421 0.00360974 0.0279367 
0.805635 0.00943913 0.0595978 0.0943196 0.00164489 0.00415343 0.0252103 
0.818408 0.00822017 0.0733468 0.0698267 0.00123284 0.0030822 0.0258837 
0.745924 0.0085279 0.0809561 0.123512 0.00174117 0.00343198 0.035907 
0.787841 0.00802901 0.0791217 0.0935857 0.00144481 0.00297492 0.0270027 
0.796869 0.00902161 0.0808691 0.0782607 0.00123807 0.00383088 0.0299105 
0.803111 0.0094647 0.0724341 0.0783902 0.00121929 0.00402863 0.0313517 
0.767835 0.0111384 0.0660656 0.120794 0.00139268 0.00443928 0.0283353 
0.804805 0.00975634 0.0698094 0.0799697 0.00131301 0.00379883 0.0305475 
0.780794 0.0100934 0.0664086 0.106378 0.00157536 0.00385458 0.0308959 
0.737336 0.00909256 0.0877885 0.128723 0.00152614 0.00375804 0.0317763 
0.798143 0.00823691 0.0740084 0.0952923 0.00139166 0.00290205 0.0200254 
0.73051 0.00843892 0.0875593 0.144809 0.0016823 0.00281347 0.0241872 
0.767186 0.00804691 0.0808763 0.113976 0.00155283 0.00229277 0.0260689 
0.804313 0.0104199 0.0586782 0.0952003 0.00171767 0.00320855 0.0264623 
0.765862 0.010451 0.0637313 0.131258 0.00166176 0.00339974 0.0236366 
0.702489 0.0111519 0.0693747 0.194556 0.00146102 0.00286314 0.018104 
0.691181 0.0113907 0.0736142 0.201943 0.00154063 0.0030411 0.0172899 
0.61753 0.0108944 0.0741614 0.27201 0.00165626 0.00352353 0.0202243 
0.715793 0.0136306 0.0674786 0.183087 0.00138251 0.00337428 0.0152542 
0.689959 0.0146852 0.0682165 0.198497 0.00149186 0.00382716 0.0233228 
0.632324 0.0357649 0.0299485 0.282842 0.00219742 0.00322034 0.0137022 
0.24804 0.0609677 0.0235063 0.653072 0.00140242 0.00315751 0.00985401 
0.368178 0.0659024 0.0267041 0.523489 0.00148625 0.00296093 0.0112793 
0.762917 0.00888961 0.065844 0.149245 0.00210844 0.00141655 0.00957981 
0.882623 0.0225753 0.0507991 0.006528 0.0086548 0.00854695 0.0202724 
0.882539 0.0128547 0.0551023 0.0266504 0.00386209 0.00280403 0.016188 
0.827537 0.0092524 0.0615719 0.082153 0.00222592 0.0017087 0.0155515 
0.765246 0.00933962 0.0653437 0.144419 0.00208175 0.00126969 0.0123003 
0.742795 0.00912201 0.0626228 0.165808 0.00230753 0.00192248 0.0154221 
0.743145 0.00852086 0.0780006 0.141098 0.00188869 0.00271334 0.024633 
0.734926 0.00874097 0.0773011 0.159475 0.00169367 0.00196391 0.0159002 
0.785107 0.00829954 0.0789306 0.099857 0.00141261 0.00278261 0.023611 
0.787414 0.00925396 0.0731542 0.105869 0.00143056 0.00263809 0.0202401 
0.774512 0.010394 0.0680934 0.124965 0.00151743 0.00273563 0.0177827 
0.818688 0.0114513 0.0573523 0.0874987 0.00158336 0.00360657 0.0198193 
0.781252 0.00844827 0.0732373 0.103963 0.00156117 0.00326819 0.0282698 
0.765503 0.00874912 0.0789605 0.121131 0.00155386 0.00292068 0.0211819 
0.750189 0.0112989 0.0689452 0.144925 0.00147871 0.00350967 0.0196534 
0.798634 0.00848753 0.079276 0.0902255 0.00127483 0.00259936 0.0195032 
0.822802 0.0102058 0.0606393 0.0853114 0.00152093 0.00347616 0.0160448 
0.781376 0.00857142 0.0685751 0.117483 0.00198196 0.00317825 0.0188337 
0.845884 0.00847246 0.0673096 0.0517566 0.00205057 0.00471102 0.0198153 
0.865297 0.00795837 0.0661866 0.039511 0.00203786 0.00467144 0.0143381 
0.847087 0.0086234 0.06963 0.0535138 0.00263307 0.00515337 0.0133593 
0.81254 0.00934418 0.0701101 0.0828852 0.00284635 0.00608174 0.0161922 
0.836023 0.00819833 0.0749053 0.0577574 0.0021036 0.00549304 0.0155198 
0.806665 0.00994811 0.0683913 0.0889798 0.00320238 0.00690528 0.0159079 
0.837917 0.0323593 0.0562487 0.0036412 0.0116133 0.0352832 0.0229374 
0.881014 0.0198617 0.0537152 0.0049639 0.00450636 0.0195593 0.0163799 
0.856901 0.00773503 0.0831336 0.0300542 0.00170846 0.00485212 0.0156159 
0.82089 0.00906419 0.0781525 0.0676623 0.00264687 0.00537342 0.0162104 
0.824291 0.008165 0.0798341 0.0646288 0.00184898 0.00571078 0.0155208 
0.838838 0.00885573 0.0782078 0.0530279 0.00151813 0.00581307 0.0137394 
0.854283 0.00765069 0.070044 0.0460013 0.00206574 0.00572702 0.0142282 
0.821538 0.00936036 0.0702474 0.0755785 0.00251669 0.00489658 0.0158629 
0.855712 0.00841579 0.0712159 0.0360886 0.00153739 0.00654287 0.020487 
0.824388 0.00797722 0.0817856 0.0455784 0.00152315 0.00917106 0.029577 
0.825555 0.00958629 0.0696242 0.0646666 0.00189215 0.00748267 0.0211931 
0.842084 0.00697603 0.0846275 0.0399206 0.0013282 0.0054164 0.0196469 
0.816558 0.00868856 0.0762161 0.0706762 0.0019285 0.00546279 0.0204694 
0.835641 0.00681033 0.0863423 0.0457702 0.00130407 0.00518813 0.0189441 
0.803421 0.00914134 0.0799355 0.0784691 0.00158556 0.00695356 0.0204942 
0.80829 0.00674681 0.0975733 0.0599517 0.0013053 0.00578535 0.020348 
0.823849 0.00709113 0.0859321 0.0544238 0.00178122 0.00540784 0.0215151 
0.822961 0.00673082 0.0877817 0.0543106 0.00162469 0.00507566 0.0215159 
0.841455 0.00623534 0.0854069 0.0304322 0.00133747 0.00647915 0.0286535 
0.809669 0.00705951 0.0890324 0.0509522 0.00165775 0.00680968 0.034819 
0.82786 0.00595997 0.0894496 0.0417535 0.00152877 0.00583209 0.0276162 
0.822792 0.00713198 0.085295 0.0525222 0.00162918 0.0065376 0.0240919 
0.799351 0.00632453 0.0937152 0.0697791 0.00175881 0.00504693 0.0240244 
0.819451 0.00712814 0.0843535 0.0643765 0.00169461 0.0060426 0.0169537 
0.826822 0.00742858 0.0756407 0.0669512 0.00157448 0.00412333 0.0174592 
0.802665 0.00803793 0.0755372 0.0895807 0.0021952 0.00404295 0.0179415 
0.810678 0.00667063 0.0856843 0.0754353 0.00182017 0.00412228 0.015589 
0.748374 0.00869819 0.0773401 0.142772 0.00202845 0.00378638 0.0170012 
0.807655 0.00777913 0.079523 0.0857012 0.00169784 0.00378675 0.0138574 
0.732015 0.00760646 0.0976348 0.138458 0.00195303 0.00489078 0.0174415 
0.736809 0.00728257 0.113637 0.115197 0.00164507 0.00458045 0.020849 
0.719341 0.00824584 0.0990273 0.156185 0.00157136 0.00259609 0.0130341 
0.706521 0.00773594 0.099696 0.16293 0.00177223 0.00300014 0.018345 
0.677422 0.00773283 0.0986668 0.191112 0.00201747 0.00270326 0.0203454 
0.674515 0.00876472 0.107102 0.181986 0.00222194 0.00311812 0.0222922 
0.656457 0.00862535 0.107633 0.196914 0.00230656 0.00305954 0.0250041 
0.71084 0.00818827 0.0911647 0.162991 0.00207062 0.00274258 0.0220026 
0.619718 0.00937489 0.0970654 0.235386 0.00231454 0.00429576 0.0318457 
0.630246 0.0091894 0.105573 0.21778 0.0025248 0.00400077 0.0306862 
0.602679 0.00983271 0.105375 0.249536 0.0026535 0.00383329 0.0260905 
0.622639 0.00944565 0.0992519 0.230786 0.00232141 0.00399343 0.0315619 
0.579954 0.00891886 0.0896902 0.294928 0.00206376 0.00249813 0.0219467 
0.690343 0.00833781 0.103835 0.167115 0.00194518 0.00322536 0.0251989 
0.672273 0.00897769 0.11084 0.172948 0.00209756 0.00302628 0.0298377 
0.73505 0.00792739 0.0877102 0.140784 0.001845 0.00238807 0.0242961 
0.85936 0.0100231 0.0552409 0.0427311 0.0027352 0.00299018 0.0269198 
0.831289 0.00802323 0.0638757 0.0720624 0.00187344 0.00291397 0.0199621 
0.817478 0.00646406 0.0858838 0.0630593 0.00134971 0.00238055 0.0233845 
0.80298 0.00771951 0.0792834 0.090096 0.00155324 0.00149727 0.0168706 
0.767965 0.0080039 0.0772652 0.117617 0.00170576 0.00196336 0.0254798 
0.769043 0.00794761 0.085913 0.105415 0.00144647 0.00218819 0.0280475 
0.773789 0.00766251 0.0715061 0.121513 0.00167849 0.0027212 0.0211292 
0.799248 0.00762606 0.0854886 0.0735561 0.00126746 0.00277322 0.0300408 
0.762023 0.00740109 0.0838967 0.107417 0.00182109 0.00241774 0.0350231 
0.782419 0.00810765 0.078349 0.0969666 0.00163985 0.00245564 0.0300624 
0.744665 0.00893096 0.0695771 0.143747 0.0018641 0.00308348 0.0281324 
0.720517 0.0085062 0.0733144 0.169883 0.00237739 0.00241775 0.0229837 
0.762243 0.00816296 0.0738595 0.129897 0.00200401 0.00246711 0.0213662 
0.767274 0.00875785 0.0655891 0.13128 0.00245004 0.0024257 0.0222227 
0.732851 0.00765596 0.0817576 0.156818 0.001813 0.00196937 0.0171354 
0.738429 0.00926107 0.0800332 0.151829 0.0015987 0.00203799 0.0168116 
0.778495 0.00745781 0.0955831 0.0978409 0.00130845 0.0023097 0.0170051 
0.78275 0.00765372 0.110032 0.0830292 0.00113245 0.00216219 0.01324 
0.795504 0.00741907 0.0897889 0.0856787 0.00130665 0.00287774 0.0174251 
0.782476 0.00755571 0.0935475 0.0973959 0.00135217 0.00271161 0.0149608 
0.768677 0.00757457 0.096847 0.11229 0.00140885 0.00225185 0.0109508 
0.781745 0.00754161 0.0938109 0.100328 0.00128731 0.00250802 0.0127798 
0.803141 0.00706168 0.0892002 0.080504 0.00135733 0.00296577 0.0157698 
0.761162 0.00739176 0.11195 0.100476 0.00139818 0.00282389 0.0147984 
0.762361 0.00737571 0.0984252 0.115646 0.00145552 0.00245449 0.0122822 
0.770397 0.00838364 0.0892635 0.114973 0.00139934 0.0024804 0.0131024 
0.797954 0.00777989 0.0910097 0.0883296 0.0012216 0.00282332 0.0108817 
0.791988 0.00842519 0.0897005 0.0900989 0.00111393 0.00418618 0.0144869 
0.752282 0.00865686 0.0958333 0.119293 0.00138632 0.00452871 0.0180202 
0.787788 0.00690592 0.0963933 0.0827237 0.00136886 0.00352795 0.0212927 
0.747127 0.00712841 0.0953653 0.118979 0.00169108 0.00376876 0.0259408 
0.777754 0.00660568 0.109959 0.0722452 0.00119563 0.00333209 0.0289074 
0.812957 0.0071435 0.0885997 0.0629472 0.00123044 0.00354362 0.0235789 
0.799936 0.00721705 0.0860424 0.0769877 0.0014192 0.00397353 0.0244244 
0.801274 0.00635162 0.0944525 0.0672534 0.00137828 0.00365434 0.0256362 
0.728613 0.00674547 0.0985673 0.132381 0.00210165 0.00402179 0.0275698 
0.795067 0.00540763 0.0996358 0.0638049 0.00186356 0.00412219 0.0300991 
0.800086 0.00626095 0.0944306 0.0653978 0.00168588 0.00431156 0.0278274 
0.782564 0.00592153 0.103914 0.0729379 0.00168372 0.00431624 0.028662 
0.790781 0.00557381 0.0977048 0.0614596 0.00174345 0.00440784 0.0383298 
0.76964 0.00575762 0.0979035 0.0884078 0.00218142 0.00433094 0.031779 
0.7968 0.00667385 0.079398 0.0856348 0.00235585 0.00429704 0.0248401 
0.821464 0.00650504 0.0747739 0.0748332 0.0018693 0.00336066 0.0171936 
0.814418 0.00606827 0.08 0.0699927 0.00209933 0.00414184 0.02328 
0.833338 0.0062754 0.069933 0.0610131 0.00192049 0.00498837 0.0225311 
0.820812 0.00562749 0.0951461 0.0508281 0.00127321 0.00449736 0.0218162 
0.784977 0.00715831 0.0921478 0.085466 0.00170855 0.00428225 0.0242599 
0.764989 0.00646446 0.113145 0.0852085 0.00156159 0.00423683 0.0243949 
0.758324 0.00721364 0.110238 0.0904244 0.00150015 0.00452164 0.0277774 
0.763508 0.00682988 0.0999371 0.0944526 0.00165859 0.00412046 0.0294939 
0.795133 0.00713409 0.0890585 0.07408 0.00140247 0.0037107 0.0294815 
0.793046 0.00746529 0.0867874 0.0804748 0.00158363 0.00337574 0.0272669 
0.820344 0.0067201 0.0898091 0.0600162 0.00128585 0.00259264 0.0192318 
0.837488 0.00612553 0.0860189 0.0356428 0.00125628 0.00372454 0.0297441 
0.839086 0.00685706 0.0848667 0.044675 0.00122651 0.00310472 0.020184 
0.833504 0.00639206 0.0906499 0.0437144 0.00107657 0.00336261 0.0213007 
0.827129 0.00696215 0.0809253 0.056556 0.00125669 0.00358135 0.0235891 
0.805503 0.00585405 0.100436 0.0543076 0.0015623 0.00278488 0.0295515 
0.798923 0.00626437 0.0861201 0.0739046 0.00220338 0.00328649 0.029298 
0.836652 0.00669446 0.0717179 0.0580462 0.00232262 0.00259701 0.0219698 
0.813299 0.00695569 0.0770021 0.0745409 0.00212007 0.00342573 0.0226566 
0.798924 0.00881803 0.0751872 0.0922719 0.00183949 0.00306923 0.0198901 
0.80226 0.00771854 0.0767113 0.0927918 0.00207071 0.00258463 0.0158635 
0.792071 0.00723695 0.0862946 0.0902709 0.00175635 0.00295275 0.0194178 
0.800314 0.0061319 0.0968066 0.0712333 0.00168154 0.00286833 0.0209639 
0.752369 0.00698179 0.100159 0.114703 0.0019653 0.00328966 0.0205319 
0.773224 0.0060014 0.0923862 0.100371 0.00233015 0.00271413 0.0229729 
0.807701 0.00750848 0.0804699 0.0792936 0.00221663 0.00312082 0.0196896 
0.798181 0.00693031 0.0815093 0.0858067 0.00179866 0.00334972 0.0224246 
0.824121 0.00624746 0.0896732 0.0543859 0.00135357 0.00290657 0.0213125 
0.757461 0.00753747 0.101347 0.107664 0.00152116 0.00300096 0.0214688 
0.795606 0.0072176 0.0957788 0.0750147 0.00133608 0.00325894 0.0217875 
0.749975 0.00742848 0.101053 0.109503 0.00162152 0.00342306 0.0269953 
0.761902 0.00749249 0.103058 0.100402 0.00142585 0.00337281 0.0223469 
0.785905 0.0068835 0.103244 0.0772257 0.00143408 0.00291382 0.0223936 
0.786731 0.00667593 0.0970581 0.0849242 0.0013947 0.00316705 0.0200494 
0.794688 0.00731734 0.0866448 0.0913536 0.00161881 0.00337592 0.0150013 
0.783154 0.00621977 0.0967498 0.0909713 0.00170465 0.00291772 0.0182824 
0.803348 0.00728461 0.084381 0.0833452 0.0016431 0.00273145 0.0172663 
0.783264 0.00662484 0.105492 0.0859203 0.00150417 0.00230112 0.0148934 
0.799585 0.00578905 0.102051 0.0648826 0.00148206 0.00254396 0.0236656 
0.821351 0.00611567 0.0959004 0.0562786 0.00125901 0.00214062 0.0169548 
0.789004 0.00701404 0.100974 0.0784398 0.00139112 0.00251056 0.0206672 
0.798613 0.00722683 0.0857943 0.0836768 0.00161727 0.0025008 0.0205713 
0.799266 0.00651566 0.10206 0.0683346 0.00120644 0.00293594 0.0196812 
0.810367 0.00663068 0.102486 0.0558272 0.00109728 0.0028407 0.0207511 
0.789084 0.00687872 0.0928316 0.088871 0.00143006 0.00278672 0.0181178 
0.756432 0.00673553 0.0989816 0.115896 0.0016277 0.00234637 0.0179806 
0.718914 0.00751705 0.0850477 0.163928 0.00221188 0.0026393 0.0197416 
0.785892 0.00691651 0.0879193 0.0996902 0.00163789 0.0024989 0.0154456 
0.783875 0.00622344 0.0903855 0.0968204 0.00194573 0.00309742 0.0176522 
0.743187 0.00807555 0.0841397 0.146086 0.00216995 0.00208672 0.0142553 
0.798953 0.00730023 0.0851852 0.0909853 0.00177051 0.00210491 0.0137006 
0.769396 0.00887618 0.0709675 0.130838 0.00261469 0.00211305 0.015195 
0.765769 0.0082312 0.0739008 0.132972 0.00223391 0.00265057 0.0142424 
0.725541 0.00695356 0.0821046 0.161042 0.00277886 0.00273893 0.0188406 
0.753467 0.00721929 0.0912259 0.124839 0.00182294 0.00274775 0.0186784 
0.787186 0.00764537 0.0879731 0.0965579 0.00153116 0.00228194 0.016825 
0.798365 0.00707565 0.0908229 0.0772067 0.00126215 0.00288147 0.0223864 
0.805794 0.00744291 0.0828104 0.0812229 0.00140227 0.00251353 0.018814 
0.804526 0.00625864 0.0948692 0.0627836 0.00127411 0.00334183 0.0269465 
0.783845 0.00712158 0.0896648 0.0913921 0.00142943 0.00371219 0.0228348 
0.810353 0.00803739 0.0830981 0.075568 0.00130347 0.00290928 0.0187311 
0.747437 0.00728573 0.0950681 0.122105 0.00173809 0.00303136 0.0233353 
0.747508 0.0071497 0.0909433 0.124197 0.00202157 0.00352326 0.0246577 
0.714192 0.0068955 0.0947818 0.154742 0.00222726 0.00279468 0.0243664 
0.774256 0.00787531 0.0839492 0.108092 0.00165458 0.00275464 0.0214184 
0.743987 0.00727243 0.0938379 0.128801 0.00186096 0.00358286 0.0206571 
0.775151 0.00680558 0.0887824 0.0976038 0.00172287 0.00321994 0.0267143 
0.774571 0.00704651 0.0976654 0.0875557 0.00148415 0.00411408 0.0275629 
0.80842 0.00745656 0.0885441 0.069116 0.0011166 0.00441587 0.0209304 
0.796189 0.00764756 0.0848448 0.0824718 0.00135457 0.00387021 0.0236219 
0.816124 0.00698748 0.0935755 0.0551597 0.0011078 0.00389683 0.023149 
0.788741 0.00780521 0.0868841 0.0905431 0.00127842 0.00416702 0.0205809 
0.795203 0.00715059 0.091175 0.080345 0.00132344 0.00363218 0.0211704 
0.815043 0.0072719 0.0925148 0.0592324 0.00104331 0.00376305 0.0211319 
