0.850314 0.00929281 0.0707747 0.0449288 0.00145294 0.00681664 0.0164205 
0.810544 0.0105787 0.0706277 0.0751596 0.00184836 0.0105774 0.0206644 
0.835359 0.0103422 0.0703615 0.0507929 0.00174733 0.0111675 0.0202291 
0.849904 0.0103387 0.0626052 0.0501373 0.0020617 0.00897586 0.0159776 
0.865427 0.00857794 0.0627512 0.0374944 0.0023636 0.00755991 0.0158261 
0.845915 0.00909365 0.0673644 0.05607 0.00206938 0.00644491 0.013043 
0.842736 0.00913097 0.0685854 0.0534918 0.0018724 0.00833503 0.0158487 
0.858644 0.00970596 0.0644831 0.0454543 0.00148713 0.00741522 0.0128104 
0.858451 0.0110182 0.0622312 0.0401623 0.0014371 0.0101705 0.0165292 
0.85318 0.0099529 0.0623243 0.0483149 0.00167054 0.00906795 0.0154896 
0.824011 0.0103386 0.0597891 0.0755292 0.00235406 0.00851966 0.0194582 
0.829244 0.00850421 0.0687617 0.0669042 0.00226227 0.00774524 0.0165783 
0.819396 0.00832609 0.0839055 0.0623152 0.00154526 0.0074853 0.0170267 
0.819143 0.00786246 0.0825903 0.0542865 0.00167497 0.0102922 0.024151 
0.806799 0.0100475 0.0718127 0.0830311 0.00190994 0.00723489 0.0191651 
0.819999 0.0107188 0.0635858 0.0822779 0.00250723 0.00699155 0.01392 
0.799727 0.00898568 0.083717 0.0807727 0.0018312 0.00770655 0.0172599 
0.828236 0.00779616 0.0849559 0.0525463 0.00163848 0.00714024 0.0176866 
0.784429 0.0114857 0.0671356 0.110496 0.00222449 0.00741748 0.0168111 
0.768464 0.0106792 0.0699045 0.126758 0.00233008 0.0056772 0.0161872 
0.813457 0.0103353 0.0672502 0.085751 0.00257158 0.00545896 0.0151756 
0.822503 0.00947088 0.0752005 0.0620771 0.00204326 0.00699652 0.021709 
0.824049 0.00863647 0.0813731 0.0613709 0.00143856 0.00766007 0.0154724 
0.796034 0.00882445 0.0784777 0.0941739 0.00190133 0.0058479 0.0147404 
0.807871 0.0100458 0.0663669 0.0977289 0.00216644 0.00514887 0.0106723 
0.79839 0.0102588 0.0683186 0.100618 0.00219841 0.00651838 0.0136979 
0.821225 0.00906439 0.0750457 0.0751208 0.00223558 0.00487703 0.0124312 
0.802976 0.00868026 0.0754888 0.0870469 0.00246906 0.00541777 0.0179212 
0.799397 0.011964 0.0627677 0.107408 0.00181626 0.00250004 0.0141476 
0.808203 0.01247 0.0532385 0.10858 0.00242392 0.00242576 0.0126583 
0.83127 0.0105485 0.0695207 0.0712827 0.00139693 0.00198586 0.0139954 
0.832224 0.0125133 0.0503468 0.0854651 0.00258539 0.00297782 0.0138881 
0.829862 0.0107991 0.0595918 0.0804356 0.00185052 0.00294232 0.0145187 
0.74221 0.0113312 0.0648469 0.1619 0.00196202 0.00224561 0.0155051 
0.700667 0.0126729 0.063754 0.207948 0.00173476 0.00205223 0.0111704 
0.662905 0.0129469 0.0613173 0.247289 0.00174455 0.00243528 0.0113626 
0.661047 0.0121663 0.0681173 0.238996 0.00155117 0.00263419 0.0154883 
0.761881 0.0137208 0.0640134 0.141984 0.00143435 0.00310368 0.0138623 
0.778933 0.0123432 0.064855 0.124713 0.0015791 0.00296168 0.0146151 
0.750259 0.0119938 0.0659079 0.150211 0.00160052 0.00355977 0.016468 
0.740627 0.0117587 0.0685322 0.152654 0.00155194 0.00345765 0.0214186 
0.755363 0.0126079 0.0659089 0.14426 0.00158391 0.00322481 0.0170515 
0.761009 0.00989522 0.079892 0.123856 0.0014684 0.00443889 0.0194406 
0.782543 0.0103003 0.0658926 0.119683 0.00180626 0.00401924 0.0157561 
0.718527 0.0127396 0.0615475 0.182354 0.00180097 0.00541449 0.0176171 
0.700902 0.0115436 0.07133 0.191531 0.00168908 0.00503704 0.0179677 
0.714372 0.0120738 0.0789055 0.166291 0.00150457 0.00518305 0.0216695 
0.705235 0.0119461 0.0551401 0.209317 0.00251647 0.00326457 0.0125815 
0.666508 0.0122997 0.0613319 0.237609 0.00199291 0.00380361 0.0164552 
0.708862 0.0123978 0.0561379 0.203723 0.00251624 0.0026992 0.0136643 
0.706154 0.0117094 0.0604762 0.201987 0.0021892 0.00306947 0.0144149 
0.75694 0.00961602 0.081011 0.1307 0.00167093 0.00273717 0.0173253 
0.731573 0.0106914 0.0644316 0.175912 0.00213135 0.00253347 0.0127269 
0.810187 0.0113769 0.0662857 0.0923248 0.00155098 0.00263666 0.0156377 
0.74728 0.0118043 0.0641586 0.15707 0.00192396 0.00252838 0.0152344 
0.720181 0.0103906 0.077651 0.171412 0.00152538 0.00270324 0.0161371 
0.799397 0.011964 0.0627677 0.107408 0.00181626 0.00250004 0.0141476 
0.808203 0.01247 0.0532385 0.10858 0.00242392 0.00242576 0.0126583 
0.83127 0.0105485 0.0695207 0.0712827 0.00139693 0.00198586 0.0139954 
0.832224 0.0125133 0.0503468 0.0854651 0.00258539 0.00297782 0.0138881 
0.829862 0.0107991 0.0595918 0.0804356 0.00185052 0.00294232 0.0145187 
0.74221 0.0113312 0.0648469 0.1619 0.00196202 0.00224561 0.0155051 
0.700667 0.0126729 0.063754 0.207948 0.00173476 0.00205223 0.0111704 
0.662905 0.0129469 0.0613173 0.247289 0.00174455 0.00243528 0.0113626 
0.661047 0.0121663 0.0681173 0.238996 0.00155117 0.00263419 0.0154883 
0.761881 0.0137208 0.0640134 0.141984 0.00143435 0.00310368 0.0138623 
0.778933 0.0123432 0.064855 0.124713 0.0015791 0.00296168 0.0146151 
0.750259 0.0119938 0.0659079 0.150211 0.00160052 0.00355977 0.016468 
0.740627 0.0117587 0.0685322 0.152654 0.00155194 0.00345765 0.0214186 
0.755363 0.0126079 0.0659089 0.14426 0.00158391 0.00322481 0.0170515 
0.761009 0.00989522 0.079892 0.123856 0.0014684 0.00443889 0.0194406 
0.782543 0.0103003 0.0658926 0.119683 0.00180626 0.00401924 0.0157561 
0.718527 0.0127396 0.0615475 0.182354 0.00180097 0.00541449 0.0176171 
0.700902 0.0115436 0.07133 0.191531 0.00168908 0.00503704 0.0179677 
0.714372 0.0120738 0.0789055 0.166291 0.00150457 0.00518305 0.0216695 
0.705235 0.0119461 0.0551401 0.209317 0.00251647 0.00326457 0.0125815 
0.666508 0.0122997 0.0613319 0.237609 0.00199291 0.00380361 0.0164552 
0.708862 0.0123978 0.0561379 0.203723 0.00251624 0.0026992 0.0136643 
0.706154 0.0117094 0.0604762 0.201987 0.0021892 0.00306947 0.0144149 
0.75694 0.00961602 0.081011 0.1307 0.00167093 0.00273717 0.0173253 
0.731573 0.0106914 0.0644316 0.175912 0.00213135 0.00253347 0.0127269 
0.810187 0.0113769 0.0662857 0.0923248 0.00155098 0.00263666 0.0156377 
0.74728 0.0118043 0.0641586 0.15707 0.00192396 0.00252838 0.0152344 
0.720181 0.0103906 0.077651 0.171412 0.00152538 0.00270324 0.0161371 
0.823603 0.0118782 0.0523439 0.0933858 0.00234334 0.00389472 0.0125507 
0.780712 0.0118482 0.0615299 0.126469 0.00142236 0.0043025 0.0137164 
0.684823 0.0185615 0.0524876 0.224703 0.00141073 0.00467982 0.0133339 
0.584402 0.0383997 0.039413 0.319191 0.00146945 0.00427855 0.0128468 
0.777929 0.0268652 0.0364342 0.138106 0.00182732 0.00442775 0.0144108 
0.799321 0.0281076 0.032687 0.114424 0.00179245 0.00432418 0.0193441 
0.770505 0.0305659 0.0333037 0.138377 0.00173234 0.00579145 0.0197241 
0.704599 0.0422084 0.0255882 0.206876 0.0023265 0.00450998 0.0138915 
0.817006 0.0319197 0.0341701 0.0900741 0.00215525 0.00572982 0.0189446 
0.82158 0.0229584 0.0376538 0.0874535 0.00211353 0.0070063 0.0212344 
0.785598 0.0255529 0.0321818 0.127937 0.00255669 0.00659411 0.01958 
0.828305 0.0174936 0.0362814 0.0875239 0.00309064 0.00415068 0.0231543 
0.769599 0.0156465 0.0467668 0.133297 0.00189178 0.0043075 0.0284916 
0.832642 0.0173145 0.0344677 0.090968 0.00233189 0.00470101 0.0175755 
0.704713 0.0189821 0.0345426 0.216662 0.00219307 0.00569458 0.0172135 
0.731365 0.0185363 0.0447363 0.184214 0.00149004 0.00453645 0.0151219 
0.728424 0.0180014 0.0372552 0.189431 0.0018325 0.00559778 0.0194579 
0.65602 0.011673 0.0705134 0.234395 0.0015522 0.00494699 0.0208994 
0.883032 0.0271882 0.0280197 0.0112551 0.00594444 0.01643 0.0281305 
0.881997 0.0159689 0.0371898 0.0200975 0.00258951 0.0143558 0.0278017 
0.72293 0.0110477 0.062357 0.169411 0.00170855 0.00550363 0.0270423 
0.691771 0.0107064 0.0672334 0.199487 0.00167383 0.00383062 0.025298 
0.685485 0.0107149 0.0680273 0.205749 0.00167955 0.00378278 0.0245606 
0.733027 0.0113043 0.0586956 0.176354 0.00150761 0.00362702 0.0154836 
0.744366 0.0117272 0.0590618 0.159309 0.00166629 0.00474115 0.0191286 
0.74483 0.0111525 0.0683991 0.144857 0.00137619 0.00395717 0.0254282 
0.799587 0.0109372 0.0622395 0.104819 0.0012921 0.00352539 0.0176001 
0.782686 0.0099558 0.0661632 0.117136 0.00141389 0.0029157 0.0197295 
0.759162 0.0128436 0.0558948 0.149883 0.00163757 0.00293122 0.0176474 
0.780616 0.0100218 0.0610396 0.120812 0.00152067 0.00396919 0.0220208 
0.760762 0.0100763 0.0801828 0.11809 0.00117815 0.00397709 0.0257338 
0.775755 0.0111799 0.0656089 0.119464 0.00139099 0.00351609 0.0230861 
0.754559 0.00997106 0.0763984 0.123717 0.00145938 0.00406506 0.0298302 
0.771041 0.0105962 0.0597963 0.126071 0.00160691 0.00542553 0.0254632 
0.759344 0.0125536 0.0550073 0.145225 0.00183886 0.00394606 0.0220853 
0.769398 0.0112275 0.0668627 0.11742 0.00146997 0.00447476 0.0291461 
0.754076 0.0119961 0.0675372 0.120662 0.00126262 0.00668979 0.0377758 
0.789169 0.0117405 0.0660934 0.0947695 0.0011933 0.00514815 0.0318859 
0.750709 0.0124263 0.0608755 0.148027 0.0014156 0.00423671 0.0223105 
0.789046 0.0112413 0.0623702 0.106666 0.00130208 0.00318579 0.0261882 
0.754351 0.0106389 0.0665968 0.143155 0.0014646 0.00266999 0.0211237 
0.804921 0.0106718 0.0592719 0.0989502 0.00173597 0.00271977 0.021729 
0.784585 0.012241 0.0603647 0.113938 0.00139119 0.00386207 0.0236184 
0.799397 0.011964 0.0627677 0.107408 0.00181626 0.00250004 0.0141476 
0.808203 0.01247 0.0532385 0.10858 0.00242392 0.00242576 0.0126583 
0.83127 0.0105485 0.0695207 0.0712827 0.00139693 0.00198586 0.0139954 
0.832224 0.0125133 0.0503468 0.0854651 0.00258539 0.00297782 0.0138881 
0.829862 0.0107991 0.0595918 0.0804356 0.00185052 0.00294232 0.0145187 
0.74221 0.0113312 0.0648469 0.1619 0.00196202 0.00224561 0.0155051 
0.700667 0.0126729 0.063754 0.207948 0.00173476 0.00205223 0.0111704 
0.662905 0.0129469 0.0613173 0.247289 0.00174455 0.00243528 0.0113626 
0.661047 0.0121663 0.0681173 0.238996 0.00155117 0.00263419 0.0154883 
0.761881 0.0137208 0.0640134 0.141984 0.00143435 0.00310368 0.0138623 
0.778933 0.0123432 0.064855 0.124713 0.0015791 0.00296168 0.0146151 
0.750259 0.0119938 0.0659079 0.150211 0.00160052 0.00355977 0.016468 
0.740627 0.0117587 0.0685322 0.152654 0.00155194 0.00345765 0.0214186 
0.755363 0.0126079 0.0659089 0.14426 0.00158391 0.00322481 0.0170515 
0.761009 0.00989522 0.079892 0.123856 0.0014684 0.00443889 0.0194406 
0.782543 0.0103003 0.0658926 0.119683 0.00180626 0.00401924 0.0157561 
0.718527 0.0127396 0.0615475 0.182354 0.00180097 0.00541449 0.0176171 
0.700902 0.0115436 0.07133 0.191531 0.00168908 0.00503704 0.0179677 
0.714372 0.0120738 0.0789055 0.166291 0.00150457 0.00518305 0.0216695 
0.705235 0.0119461 0.0551401 0.209317 0.00251647 0.00326457 0.0125815 
0.666508 0.0122997 0.0613319 0.237609 0.00199291 0.00380361 0.0164552 
0.708862 0.0123978 0.0561379 0.203723 0.00251624 0.0026992 0.0136643 
0.706154 0.0117094 0.0604762 0.201987 0.0021892 0.00306947 0.0144149 
0.75694 0.00961602 0.081011 0.1307 0.00167093 0.00273717 0.0173253 
0.731573 0.0106914 0.0644316 0.175912 0.00213135 0.00253347 0.0127269 
0.810187 0.0113769 0.0662857 0.0923248 0.00155098 0.00263666 0.0156377 
0.74728 0.0118043 0.0641586 0.15707 0.00192396 0.00252838 0.0152344 
0.720181 0.0103906 0.077651 0.171412 0.00152538 0.00270324 0.0161371 
0.770305 0.00836057 0.079215 0.114333 0.00145054 0.00330501 0.0230309 
0.752955 0.00928312 0.0739778 0.136985 0.0017075 0.00266269 0.0224291 
0.764902 0.00907106 0.077153 0.126741 0.00141883 0.00289196 0.0178213 
0.770099 0.00991107 0.0740624 0.126305 0.00142245 0.00270851 0.0154911 
0.758401 0.00923252 0.0629277 0.147572 0.00193422 0.00271208 0.0172203 
0.776278 0.00897526 0.0793661 0.104172 0.00142568 0.00295409 0.0268289 
0.753424 0.00946321 0.067779 0.144778 0.00195275 0.00284217 0.0197606 
0.751372 0.0107823 0.0715067 0.145918 0.00148484 0.00250012 0.0164353 
0.781099 0.0103711 0.0588917 0.129726 0.00181462 0.00240502 0.015693 
0.717955 0.00803125 0.0926182 0.159416 0.00165987 0.00298898 0.0173301 
0.746314 0.00798315 0.0786536 0.147058 0.00188896 0.00214637 0.0159556 
0.710548 0.00871053 0.08538 0.175935 0.00162406 0.00218132 0.0156218 
0.718215 0.00770681 0.0785766 0.169414 0.00221301 0.00264642 0.0212286 
0.714799 0.00752468 0.0815644 0.173621 0.00215786 0.00233644 0.0179968 
0.799397 0.011964 0.0627677 0.107408 0.00181626 0.00250004 0.0141476 
0.808203 0.01247 0.0532385 0.10858 0.00242392 0.00242576 0.0126583 
0.83127 0.0105485 0.0695207 0.0712827 0.00139693 0.00198586 0.0139954 
0.832224 0.0125133 0.0503468 0.0854651 0.00258539 0.00297782 0.0138881 
0.829862 0.0107991 0.0595918 0.0804356 0.00185052 0.00294232 0.0145187 
0.74221 0.0113312 0.0648469 0.1619 0.00196202 0.00224561 0.0155051 
0.700667 0.0126729 0.063754 0.207948 0.00173476 0.00205223 0.0111704 
0.662905 0.0129469 0.0613173 0.247289 0.00174455 0.00243528 0.0113626 
0.661047 0.0121663 0.0681173 0.238996 0.00155117 0.00263419 0.0154883 
0.761881 0.0137208 0.0640134 0.141984 0.00143435 0.00310368 0.0138623 
0.778933 0.0123432 0.064855 0.124713 0.0015791 0.00296168 0.0146151 
0.750259 0.0119938 0.0659079 0.150211 0.00160052 0.00355977 0.016468 
0.740627 0.0117587 0.0685322 0.152654 0.00155194 0.00345765 0.0214186 
0.755363 0.0126079 0.0659089 0.14426 0.00158391 0.00322481 0.0170515 
0.761009 0.00989522 0.079892 0.123856 0.0014684 0.00443889 0.0194406 
0.782543 0.0103003 0.0658926 0.119683 0.00180626 0.00401924 0.0157561 
0.718527 0.0127396 0.0615475 0.182354 0.00180097 0.00541449 0.0176171 
0.700902 0.0115436 0.07133 0.191531 0.00168908 0.00503704 0.0179677 
0.714372 0.0120738 0.0789055 0.166291 0.00150457 0.00518305 0.0216695 
0.705235 0.0119461 0.0551401 0.209317 0.00251647 0.00326457 0.0125815 
0.666508 0.0122997 0.0613319 0.237609 0.00199291 0.00380361 0.0164552 
0.708862 0.0123978 0.0561379 0.203723 0.00251624 0.0026992 0.0136643 
0.706154 0.0117094 0.0604762 0.201987 0.0021892 0.00306947 0.0144149 
0.75694 0.00961602 0.081011 0.1307 0.00167093 0.00273717 0.0173253 
0.731573 0.0106914 0.0644316 0.175912 0.00213135 0.00253347 0.0127269 
0.810187 0.0113769 0.0662857 0.0923248 0.00155098 0.00263666 0.0156377 
0.74728 0.0118043 0.0641586 0.15707 0.00192396 0.00252838 0.0152344 
0.720181 0.0103906 0.077651 0.171412 0.00152538 0.00270324 0.0161371 
0.761902 0.00749249 0.103058 0.100402 0.00142585 0.00337281 0.0223469 
0.785905 0.0068835 0.103244 0.0772257 0.00143408 0.00291382 0.0223936 
0.786731 0.00667593 0.0970581 0.0849242 0.0013947 0.00316705 0.0200494 
0.794688 0.00731734 0.0866448 0.0913536 0.00161881 0.00337592 0.0150013 
0.783154 0.00621977 0.0967498 0.0909713 0.00170465 0.00291772 0.0182824 
0.803348 0.00728461 0.084381 0.0833452 0.0016431 0.00273145 0.0172663 
0.783264 0.00662484 0.105492 0.0859203 0.00150417 0.00230112 0.0148934 
0.799585 0.00578905 0.102051 0.0648826 0.00148206 0.00254396 0.0236656 
0.821351 0.00611567 0.0959004 0.0562786 0.00125901 0.00214062 0.0169548 
0.789004 0.00701404 0.100974 0.0784398 0.00139112 0.00251056 0.0206672 
0.798613 0.00722683 0.0857943 0.0836768 0.00161727 0.0025008 0.0205713 
0.799266 0.00651566 0.10206 0.0683346 0.00120644 0.00293594 0.0196812 
0.810367 0.00663068 0.102486 0.0558272 0.00109728 0.0028407 0.0207511 
0.789084 0.00687872 0.0928316 0.088871 0.00143006 0.00278672 0.0181178 
0.756432 0.00673553 0.0989816 0.115896 0.0016277 0.00234637 0.0179806 
