0.870072 0.0070263 0.0684946 0.0272165 0.00139594 0.0033313 0.0224629 
0.821914 0.00715827 0.0817417 0.0621385 0.00133729 0.00386391 0.021846 
0.823624 0.00778189 0.0836469 0.0495097 0.00125312 0.00467982 0.0295048 
0.810929 0.00744403 0.0827306 0.0490268 0.00180943 0.00504193 0.0430185 
0.81991 0.00781052 0.0791017 0.0523257 0.00148983 0.005344 0.0340182 
0.826485 0.00876847 0.0720693 0.0535051 0.00168598 0.00555964 0.0319268 
0.849709 0.00884813 0.0653258 0.0425681 0.00155875 0.00500207 0.0269881 
0.824507 0.00804009 0.0726712 0.0564125 0.00189133 0.00425927 0.0322181 
0.824964 0.00651388 0.088757 0.0445166 0.0015291 0.0040436 0.0296757 
0.842591 0.00777633 0.0794733 0.0396589 0.00129199 0.00528855 0.0239203 
0.797084 0.00850866 0.0781628 0.0850018 0.00204697 0.00384724 0.0253489 
0.757415 0.00817083 0.0971503 0.109943 0.00146009 0.00358255 0.0222778 
0.828915 0.00799479 0.0766509 0.0610203 0.00172037 0.00387222 0.019826 
0.850801 0.00982897 0.0627221 0.0513264 0.00183315 0.00392331 0.0195654 
0.833497 0.00741726 0.0791188 0.0422919 0.00132827 0.00511386 0.0312332 
0.845037 0.00819799 0.0776806 0.0416155 0.0013035 0.00390321 0.022262 
0.83195 0.00781271 0.0764267 0.0543079 0.00183654 0.00333945 0.0243266 
0.804163 0.00661116 0.0875748 0.0762677 0.00146997 0.00283521 0.0210783 
0.868095 0.0104214 0.0531665 0.0381493 0.00490012 0.00423249 0.021035 
0.859038 0.0124026 0.0462842 0.0574128 0.0048088 0.00362507 0.016429 
0.801893 0.010171 0.0519392 0.105745 0.00425193 0.00479639 0.0212039 
0.804671 0.0129107 0.0407665 0.11394 0.00882689 0.00330584 0.0155787 
0.759247 0.0106885 0.0434771 0.152018 0.0069871 0.00407899 0.0235027 
0.709204 0.00963667 0.0453066 0.208034 0.00749373 0.00252519 0.0177994 
0.726156 0.0101231 0.0515189 0.187202 0.00403794 0.00303332 0.0179283 
0.735323 0.00882281 0.0668643 0.167604 0.0022157 0.00257952 0.0165914 
0.805631 0.00931655 0.0690971 0.0926665 0.00153265 0.00334993 0.0184061 
0.796141 0.0101507 0.0748607 0.094881 0.00141375 0.00330287 0.0192499 
0.794189 0.0101644 0.0644708 0.105223 0.00197117 0.00363898 0.0203425 
0.782108 0.00958549 0.0892112 0.0945125 0.00128222 0.00265679 0.020644 
0.804877 0.00870538 0.0884489 0.0761711 0.00123211 0.00215325 0.0184124 
0.807826 0.0100345 0.0717434 0.087252 0.00139398 0.00219855 0.0195512 
0.788428 0.00860374 0.0884515 0.081273 0.00134871 0.00274156 0.029153 
0.829009 0.00882449 0.0725241 0.0657434 0.00137559 0.00217477 0.0203485 
0.890097 0.0154373 0.0425907 0.0238056 0.00267315 0.00441377 0.0209825 
0.883721 0.0258174 0.0414867 0.00772607 0.00522458 0.00990285 0.0261212 
0.882949 0.013751 0.0421899 0.0391092 0.00237683 0.00404774 0.015576 
0.854545 0.0121526 0.0557694 0.0551349 0.00144663 0.00346584 0.0174854 
0.843761 0.0116721 0.0606393 0.0649849 0.00140575 0.00312142 0.0144157 
0.775327 0.00991439 0.0773502 0.115835 0.00136085 0.00280953 0.0174035 
0.843463 0.0101035 0.0668906 0.0590283 0.0010845 0.00267016 0.0167601 
0.830664 0.0114589 0.0724896 0.0669045 9.84887E-4 0.00283667 0.0146619 
0.811956 0.00874573 0.0751391 0.0809578 0.00131836 0.0024641 0.019419 
0.764742 0.00996872 0.0847859 0.117347 0.00139436 0.00340136 0.0183603 
0.794091 0.00860042 0.0796881 0.0881387 0.00134767 0.00309738 0.0250363 
0.833163 0.00824554 0.0680398 0.0645802 0.00163128 0.00291192 0.0214281 
0.848316 0.00819913 0.0675581 0.0531756 0.00132414 0.00250792 0.0189185 
0.830168 0.008896 0.0629026 0.0686606 0.00157731 0.00345391 0.0243416 
0.749093 0.00981008 0.0633067 0.157327 0.00187135 0.00288835 0.015703 
0.77056 0.0075176 0.0830811 0.114518 0.00187997 0.00233357 0.0201094 
0.7909 0.00794242 0.0790576 0.102177 0.00160194 0.00288776 0.0154337 
0.817843 0.00764101 0.0773785 0.0614146 0.00126504 0.00496553 0.0294925 
0.78157 0.00880156 0.0711691 0.110916 0.00200102 0.00387125 0.0216712 
0.778947 0.00746957 0.0788472 0.0986195 0.00202626 0.00399086 0.0300997 
0.824268 0.00689948 0.0736828 0.0646227 0.00176482 0.00253529 0.0262272 
0.763649 0.00922385 0.0700703 0.117269 0.00252558 0.00344906 0.033813 
0.800139 0.00848805 0.0682024 0.0767149 0.00307336 0.00290501 0.0404769 
0.870072 0.0070263 0.0684946 0.0272165 0.00139594 0.0033313 0.0224629 
0.821914 0.00715827 0.0817417 0.0621385 0.00133729 0.00386391 0.021846 
0.823624 0.00778189 0.0836469 0.0495097 0.00125312 0.00467982 0.0295048 
0.810929 0.00744403 0.0827306 0.0490268 0.00180943 0.00504193 0.0430185 
0.81991 0.00781052 0.0791017 0.0523257 0.00148983 0.005344 0.0340182 
0.826485 0.00876847 0.0720693 0.0535051 0.00168598 0.00555964 0.0319268 
0.849709 0.00884813 0.0653258 0.0425681 0.00155875 0.00500207 0.0269881 
0.824507 0.00804009 0.0726712 0.0564125 0.00189133 0.00425927 0.0322181 
0.824964 0.00651388 0.088757 0.0445166 0.0015291 0.0040436 0.0296757 
0.842591 0.00777633 0.0794733 0.0396589 0.00129199 0.00528855 0.0239203 
0.797084 0.00850866 0.0781628 0.0850018 0.00204697 0.00384724 0.0253489 
0.757415 0.00817083 0.0971503 0.109943 0.00146009 0.00358255 0.0222778 
0.828915 0.00799479 0.0766509 0.0610203 0.00172037 0.00387222 0.019826 
0.850801 0.00982897 0.0627221 0.0513264 0.00183315 0.00392331 0.0195654 
0.833497 0.00741726 0.0791188 0.0422919 0.00132827 0.00511386 0.0312332 
0.845037 0.00819799 0.0776806 0.0416155 0.0013035 0.00390321 0.022262 
0.83195 0.00781271 0.0764267 0.0543079 0.00183654 0.00333945 0.0243266 
0.804163 0.00661116 0.0875748 0.0762677 0.00146997 0.00283521 0.0210783 
0.868095 0.0104214 0.0531665 0.0381493 0.00490012 0.00423249 0.021035 
0.859038 0.0124026 0.0462842 0.0574128 0.0048088 0.00362507 0.016429 
0.801893 0.010171 0.0519392 0.105745 0.00425193 0.00479639 0.0212039 
0.804671 0.0129107 0.0407665 0.11394 0.00882689 0.00330584 0.0155787 
0.759247 0.0106885 0.0434771 0.152018 0.0069871 0.00407899 0.0235027 
0.709204 0.00963667 0.0453066 0.208034 0.00749373 0.00252519 0.0177994 
0.726156 0.0101231 0.0515189 0.187202 0.00403794 0.00303332 0.0179283 
0.735323 0.00882281 0.0668643 0.167604 0.0022157 0.00257952 0.0165914 
0.805631 0.00931655 0.0690971 0.0926665 0.00153265 0.00334993 0.0184061 
0.796141 0.0101507 0.0748607 0.094881 0.00141375 0.00330287 0.0192499 
0.794189 0.0101644 0.0644708 0.105223 0.00197117 0.00363898 0.0203425 
0.782108 0.00958549 0.0892112 0.0945125 0.00128222 0.00265679 0.020644 
0.804877 0.00870538 0.0884489 0.0761711 0.00123211 0.00215325 0.0184124 
0.807826 0.0100345 0.0717434 0.087252 0.00139398 0.00219855 0.0195512 
0.788428 0.00860374 0.0884515 0.081273 0.00134871 0.00274156 0.029153 
0.829009 0.00882449 0.0725241 0.0657434 0.00137559 0.00217477 0.0203485 
0.890097 0.0154373 0.0425907 0.0238056 0.00267315 0.00441377 0.0209825 
0.883721 0.0258174 0.0414867 0.00772607 0.00522458 0.00990285 0.0261212 
0.882949 0.013751 0.0421899 0.0391092 0.00237683 0.00404774 0.015576 
0.854545 0.0121526 0.0557694 0.0551349 0.00144663 0.00346584 0.0174854 
0.843761 0.0116721 0.0606393 0.0649849 0.00140575 0.00312142 0.0144157 
0.775327 0.00991439 0.0773502 0.115835 0.00136085 0.00280953 0.0174035 
0.843463 0.0101035 0.0668906 0.0590283 0.0010845 0.00267016 0.0167601 
0.830664 0.0114589 0.0724896 0.0669045 9.84887E-4 0.00283667 0.0146619 
0.811956 0.00874573 0.0751391 0.0809578 0.00131836 0.0024641 0.019419 
0.764742 0.00996872 0.0847859 0.117347 0.00139436 0.00340136 0.0183603 
0.794091 0.00860042 0.0796881 0.0881387 0.00134767 0.00309738 0.0250363 
0.833163 0.00824554 0.0680398 0.0645802 0.00163128 0.00291192 0.0214281 
0.848316 0.00819913 0.0675581 0.0531756 0.00132414 0.00250792 0.0189185 
0.830168 0.008896 0.0629026 0.0686606 0.00157731 0.00345391 0.0243416 
0.749093 0.00981008 0.0633067 0.157327 0.00187135 0.00288835 0.015703 
0.77056 0.0075176 0.0830811 0.114518 0.00187997 0.00233357 0.0201094 
0.7909 0.00794242 0.0790576 0.102177 0.00160194 0.00288776 0.0154337 
0.817843 0.00764101 0.0773785 0.0614146 0.00126504 0.00496553 0.0294925 
0.78157 0.00880156 0.0711691 0.110916 0.00200102 0.00387125 0.0216712 
0.778947 0.00746957 0.0788472 0.0986195 0.00202626 0.00399086 0.0300997 
0.824268 0.00689948 0.0736828 0.0646227 0.00176482 0.00253529 0.0262272 
0.763649 0.00922385 0.0700703 0.117269 0.00252558 0.00344906 0.033813 
0.800139 0.00848805 0.0682024 0.0767149 0.00307336 0.00290501 0.0404769 
0.77165 0.0096594 0.0645787 0.131452 0.00373227 0.00468899 0.0142388 
0.803991 0.00936476 0.0678864 0.0970833 0.00270943 0.00462327 0.0143414 
0.838199 0.00955508 0.0648686 0.0665586 0.0029418 0.0045082 0.0133687 
0.804115 0.0113522 0.0575551 0.106246 0.0037882 0.00555055 0.0113935 
0.774493 0.00963985 0.0687841 0.124211 0.00332 0.00469545 0.0148571 
0.791288 0.011473 0.0676831 0.107816 0.00244678 0.00527745 0.0140155 
0.8159 0.0118794 0.0665902 0.0822305 0.00222139 0.00511379 0.016065 
0.710289 0.0113685 0.0652048 0.191205 0.00291936 0.00484836 0.0141652 
0.789797 0.00995156 0.0685659 0.109591 0.00240866 0.00544492 0.0142414 
0.7672 0.0114671 0.0704186 0.12781 0.00190381 0.0049127 0.0162881 
0.790248 0.0108596 0.0685344 0.107735 0.00200519 0.00458186 0.0160353 
0.716128 0.00935585 0.0661211 0.180937 0.00382292 0.00449588 0.0191394 
0.807676 0.00857845 0.075891 0.084755 0.00202782 0.00419168 0.0168802 
0.784465 0.00971865 0.0726793 0.108983 0.00262502 0.00358286 0.0179463 
0.796955 0.00932086 0.0670681 0.0951112 0.00418557 0.00365114 0.0237079 
0.819029 0.011792 0.0603408 0.0788633 0.00401468 0.0043765 0.0215839 
0.812867 0.0107958 0.0585365 0.0876733 0.00319872 0.00478856 0.0221399 
0.798028 0.0110056 0.0657372 0.0984698 0.00253726 0.00423417 0.0199884 
0.797439 0.00908384 0.0796856 0.0810864 0.00241932 0.00464597 0.0256396 
0.810879 0.0110203 0.0583262 0.0940223 0.00362821 0.0046206 0.0175039 
0.834272 0.00975055 0.0671869 0.0630442 0.00218069 0.00472856 0.0188371 
0.858439 0.0106383 0.0558262 0.0594263 0.00267506 0.00366192 0.00933274 
0.813405 0.0124739 0.0552144 0.102732 0.00282756 0.00345777 0.00988879 
0.820635 0.0100189 0.0594156 0.0895125 0.00386538 0.00380073 0.0127517 
0.801503 0.00907532 0.0727874 0.0977742 0.00189498 0.00329864 0.0136661 
0.766742 0.0101314 0.0603121 0.145287 0.00313272 0.00285677 0.0115379 
0.802292 0.0115832 0.0673723 0.100398 0.00196683 0.00339659 0.0129908 
0.830517 0.0104036 0.0639041 0.0741237 0.00198883 0.00421166 0.0148509 
0.851034 0.0109741 0.059768 0.058767 0.00233307 0.00347313 0.013651 
0.8814 0.0135205 0.0518857 0.0291997 0.00376352 0.0052803 0.0149505 
0.80623 0.0128905 0.0530974 0.107954 0.00400402 0.00432133 0.0115023 
0.786865 0.00938987 0.0666836 0.120168 0.0024568 0.00246738 0.0119691 
0.775527 0.00902114 0.0784092 0.11589 0.00174621 0.00381461 0.0155926 
0.782272 0.00993244 0.0824813 0.106874 0.00130012 0.00390957 0.0132307 
0.768824 0.00983431 0.0847912 0.120682 0.00143881 0.00213491 0.0122952 
0.761303 0.0115648 0.0688906 0.143416 0.00156944 0.00207584 0.0111796 
0.752659 0.0116685 0.0710028 0.147163 0.00162515 0.00234797 0.0135338 
0.766373 0.00982653 0.0756626 0.126065 0.00154329 0.00333034 0.0171992 
0.713811 0.0111973 0.0701822 0.186383 0.00172163 0.00263181 0.0140726 
0.73746 0.00969833 0.072353 0.161913 0.00179387 0.00271723 0.0140645 
0.775765 0.0094779 0.0766186 0.121932 0.00157387 0.00253384 0.012098 
0.692411 0.0107831 0.0750579 0.205979 0.00170828 0.00196964 0.0120913 
0.697265 0.0108187 0.0724749 0.203999 0.00165899 0.00197049 0.0118132 
0.721076 0.00842523 0.0762813 0.159734 0.00228529 0.00463675 0.027562 
0.694678 0.01059 0.063809 0.20864 0.00191232 0.00290913 0.0174623 
0.75242 0.0119745 0.0621409 0.142905 0.00178711 0.00386612 0.0249062 
0.721097 0.0106731 0.0707344 0.1681 0.00164532 0.00435714 0.0233927 
0.752837 0.0112752 0.0683025 0.137509 0.00167006 0.00365247 0.0247536 
0.619196 0.0118166 0.0666784 0.277136 0.00169984 0.00300671 0.020466 
0.64774 0.0124136 0.0791767 0.237484 0.0016045 0.00389699 0.0176846 
0.739197 0.011386 0.0753441 0.145802 0.00146217 0.00431372 0.0224952 
0.792778 0.0109604 0.0599952 0.111116 0.00156218 0.004545 0.0190431 
0.762647 0.0111993 0.0578695 0.142508 0.00201459 0.00327882 0.0204828 
0.716255 0.0109911 0.0685829 0.176841 0.00162389 0.00390112 0.021805 
0.762501 0.0107316 0.0663711 0.139069 0.00161289 0.00292915 0.0167853 
0.78732 0.0091907 0.0786102 0.0984485 0.00133623 0.00337977 0.0217143 
0.781109 0.00895912 0.0755171 0.101375 0.0014336 0.00393407 0.0276718 
0.725558 0.00943642 0.0776758 0.162792 0.00172687 0.00412984 0.0186808 
0.709041 0.0116867 0.0562332 0.203304 0.0018858 0.00362562 0.014224 
0.743108 0.0109921 0.0634853 0.157463 0.00165301 0.00342898 0.0198701 
0.731541 0.00945251 0.0782551 0.148641 0.00176527 0.00450192 0.0258431 
0.720743 0.010008 0.0669131 0.177083 0.00178655 0.00359002 0.019876 
0.731032 0.0101744 0.0559244 0.179081 0.00220732 0.00330201 0.0182794 
0.794288 0.0100901 0.0694602 0.10295 0.0014694 0.00329976 0.0184419 
0.769454 0.0122773 0.0524409 0.143901 0.00190225 0.00303144 0.0169932 
0.759134 0.00943061 0.0658124 0.132114 0.00189822 0.00433643 0.0272752 
0.811167 0.00922245 0.0622352 0.0831235 0.00164706 0.00369973 0.028905 
0.76405 0.0103298 0.0689708 0.119505 0.00163609 0.00462439 0.0308838 
0.767268 0.00896178 0.0674298 0.10995 0.00188319 0.0044164 0.0400909 
0.758361 0.0100892 0.0673498 0.130126 0.00170793 0.00450719 0.0278591 
0.725358 0.00972655 0.069314 0.162679 0.00174686 0.00425606 0.0269199 
0.745557 0.00820964 0.0714036 0.145646 0.00174138 0.00374953 0.0236927 
0.786882 0.00850873 0.0678248 0.10389 0.0016924 0.00355146 0.0276514 
0.778633 0.0088326 0.0658962 0.117923 0.00170403 0.00360984 0.023401 
0.821598 0.0103106 0.0543059 0.0835814 0.00160752 0.00477614 0.0238202 
0.748968 0.00936853 0.0640196 0.138297 0.00202965 0.0050395 0.0322781 
0.824455 0.00976283 0.0551091 0.0772221 0.00190421 0.00360974 0.0279367 
0.805635 0.00943913 0.0595978 0.0943196 0.00164489 0.00415343 0.0252103 
0.818408 0.00822017 0.0733468 0.0698267 0.00123284 0.0030822 0.0258837 
0.745924 0.0085279 0.0809561 0.123512 0.00174117 0.00343198 0.035907 
0.787841 0.00802901 0.0791217 0.0935857 0.00144481 0.00297492 0.0270027 
0.796869 0.00902161 0.0808691 0.0782607 0.00123807 0.00383088 0.0299105 
0.803111 0.0094647 0.0724341 0.0783902 0.00121929 0.00402863 0.0313517 
0.767835 0.0111384 0.0660656 0.120794 0.00139268 0.00443928 0.0283353 
0.804805 0.00975634 0.0698094 0.0799697 0.00131301 0.00379883 0.0305475 
0.780794 0.0100934 0.0664086 0.106378 0.00157536 0.00385458 0.0308959 
0.737336 0.00909256 0.0877885 0.128723 0.00152614 0.00375804 0.0317763 
0.798143 0.00823691 0.0740084 0.0952923 0.00139166 0.00290205 0.0200254 
0.73051 0.00843892 0.0875593 0.144809 0.0016823 0.00281347 0.0241872 
0.767186 0.00804691 0.0808763 0.113976 0.00155283 0.00229277 0.0260689 
0.804313 0.0104199 0.0586782 0.0952003 0.00171767 0.00320855 0.0264623 
0.765862 0.010451 0.0637313 0.131258 0.00166176 0.00339974 0.0236366 
0.702489 0.0111519 0.0693747 0.194556 0.00146102 0.00286314 0.018104 
0.691181 0.0113907 0.0736142 0.201943 0.00154063 0.0030411 0.0172899 
0.61753 0.0108944 0.0741614 0.27201 0.00165626 0.00352353 0.0202243 
0.715793 0.0136306 0.0674786 0.183087 0.00138251 0.00337428 0.0152542 
0.689959 0.0146852 0.0682165 0.198497 0.00149186 0.00382716 0.0233228 
0.632324 0.0357649 0.0299485 0.282842 0.00219742 0.00322034 0.0137022 
0.24804 0.0609677 0.0235063 0.653072 0.00140242 0.00315751 0.00985401 
0.368178 0.0659024 0.0267041 0.523489 0.00148625 0.00296093 0.0112793 
0.721076 0.00842523 0.0762813 0.159734 0.00228529 0.00463675 0.027562 
0.694678 0.01059 0.063809 0.20864 0.00191232 0.00290913 0.0174623 
0.75242 0.0119745 0.0621409 0.142905 0.00178711 0.00386612 0.0249062 
0.721097 0.0106731 0.0707344 0.1681 0.00164532 0.00435714 0.0233927 
0.752837 0.0112752 0.0683025 0.137509 0.00167006 0.00365247 0.0247536 
0.619196 0.0118166 0.0666784 0.277136 0.00169984 0.00300671 0.020466 
0.64774 0.0124136 0.0791767 0.237484 0.0016045 0.00389699 0.0176846 
0.739197 0.011386 0.0753441 0.145802 0.00146217 0.00431372 0.0224952 
0.792778 0.0109604 0.0599952 0.111116 0.00156218 0.004545 0.0190431 
0.762647 0.0111993 0.0578695 0.142508 0.00201459 0.00327882 0.0204828 
0.716255 0.0109911 0.0685829 0.176841 0.00162389 0.00390112 0.021805 
0.762501 0.0107316 0.0663711 0.139069 0.00161289 0.00292915 0.0167853 
0.78732 0.0091907 0.0786102 0.0984485 0.00133623 0.00337977 0.0217143 
0.781109 0.00895912 0.0755171 0.101375 0.0014336 0.00393407 0.0276718 
0.725558 0.00943642 0.0776758 0.162792 0.00172687 0.00412984 0.0186808 
0.709041 0.0116867 0.0562332 0.203304 0.0018858 0.00362562 0.014224 
0.743108 0.0109921 0.0634853 0.157463 0.00165301 0.00342898 0.0198701 
0.731541 0.00945251 0.0782551 0.148641 0.00176527 0.00450192 0.0258431 
0.720743 0.010008 0.0669131 0.177083 0.00178655 0.00359002 0.019876 
0.731032 0.0101744 0.0559244 0.179081 0.00220732 0.00330201 0.0182794 
0.794288 0.0100901 0.0694602 0.10295 0.0014694 0.00329976 0.0184419 
0.769454 0.0122773 0.0524409 0.143901 0.00190225 0.00303144 0.0169932 
0.759134 0.00943061 0.0658124 0.132114 0.00189822 0.00433643 0.0272752 
0.811167 0.00922245 0.0622352 0.0831235 0.00164706 0.00369973 0.028905 
0.76405 0.0103298 0.0689708 0.119505 0.00163609 0.00462439 0.0308838 
0.767268 0.00896178 0.0674298 0.10995 0.00188319 0.0044164 0.0400909 
0.758361 0.0100892 0.0673498 0.130126 0.00170793 0.00450719 0.0278591 
0.725358 0.00972655 0.069314 0.162679 0.00174686 0.00425606 0.0269199 
0.745557 0.00820964 0.0714036 0.145646 0.00174138 0.00374953 0.0236927 
0.786882 0.00850873 0.0678248 0.10389 0.0016924 0.00355146 0.0276514 
0.778633 0.0088326 0.0658962 0.117923 0.00170403 0.00360984 0.023401 
0.821598 0.0103106 0.0543059 0.0835814 0.00160752 0.00477614 0.0238202 
0.748968 0.00936853 0.0640196 0.138297 0.00202965 0.0050395 0.0322781 
0.824455 0.00976283 0.0551091 0.0772221 0.00190421 0.00360974 0.0279367 
0.805635 0.00943913 0.0595978 0.0943196 0.00164489 0.00415343 0.0252103 
0.818408 0.00822017 0.0733468 0.0698267 0.00123284 0.0030822 0.0258837 
0.745924 0.0085279 0.0809561 0.123512 0.00174117 0.00343198 0.035907 
0.787841 0.00802901 0.0791217 0.0935857 0.00144481 0.00297492 0.0270027 
0.796869 0.00902161 0.0808691 0.0782607 0.00123807 0.00383088 0.0299105 
0.803111 0.0094647 0.0724341 0.0783902 0.00121929 0.00402863 0.0313517 
0.767835 0.0111384 0.0660656 0.120794 0.00139268 0.00443928 0.0283353 
0.804805 0.00975634 0.0698094 0.0799697 0.00131301 0.00379883 0.0305475 
0.780794 0.0100934 0.0664086 0.106378 0.00157536 0.00385458 0.0308959 
0.737336 0.00909256 0.0877885 0.128723 0.00152614 0.00375804 0.0317763 
0.798143 0.00823691 0.0740084 0.0952923 0.00139166 0.00290205 0.0200254 
0.73051 0.00843892 0.0875593 0.144809 0.0016823 0.00281347 0.0241872 
0.767186 0.00804691 0.0808763 0.113976 0.00155283 0.00229277 0.0260689 
0.804313 0.0104199 0.0586782 0.0952003 0.00171767 0.00320855 0.0264623 
0.765862 0.010451 0.0637313 0.131258 0.00166176 0.00339974 0.0236366 
0.702489 0.0111519 0.0693747 0.194556 0.00146102 0.00286314 0.018104 
0.691181 0.0113907 0.0736142 0.201943 0.00154063 0.0030411 0.0172899 
0.61753 0.0108944 0.0741614 0.27201 0.00165626 0.00352353 0.0202243 
0.715793 0.0136306 0.0674786 0.183087 0.00138251 0.00337428 0.0152542 
0.689959 0.0146852 0.0682165 0.198497 0.00149186 0.00382716 0.0233228 
0.632324 0.0357649 0.0299485 0.282842 0.00219742 0.00322034 0.0137022 
0.24804 0.0609677 0.0235063 0.653072 0.00140242 0.00315751 0.00985401 
0.368178 0.0659024 0.0267041 0.523489 0.00148625 0.00296093 0.0112793 
0.726632 0.0100463 0.0624714 0.181016 0.00195508 0.00240946 0.0154698 
0.746494 0.00964001 0.0760548 0.143156 0.001547 0.0034937 0.0196145 
0.7117 0.0103849 0.0617715 0.199226 0.00206019 0.00198759 0.01287 
0.743983 0.0104132 0.0723512 0.150833 0.00151357 0.00362157 0.0172838 
0.734588 0.0088492 0.072475 0.162757 0.00181241 0.00299539 0.0165223 
0.748513 0.00985545 0.0568136 0.160428 0.00250973 0.00347431 0.0184064 
0.711485 0.00895367 0.0804043 0.178162 0.00179968 0.00268763 0.0165074 
0.704268 0.00920725 0.0719892 0.195489 0.00179299 0.00268214 0.0145711 
0.727634 0.0101295 0.0806164 0.160271 0.00146036 0.00300222 0.0168861 
0.709724 0.00942024 0.0754589 0.180818 0.00180133 0.00310331 0.0196749 
0.750351 0.00887404 0.0808117 0.137789 0.0015664 0.00295777 0.0176502 
0.731734 0.00876769 0.0733509 0.164634 0.00184986 0.00235678 0.0173062 
0.689666 0.00915341 0.0935892 0.182148 0.00174002 0.00325 0.0204542 
0.757906 0.00970841 0.0696704 0.136998 0.00168493 0.00277244 0.0212601 
0.800366 0.0108301 0.0668745 0.0986515 0.00146795 0.00345889 0.0183513 
0.827743 0.00698876 0.0807447 0.0551874 0.0012964 0.00268177 0.0253578 
0.814673 0.00802446 0.0792208 0.0730283 0.00134452 0.00295796 0.0207505 
0.790068 0.00867095 0.0750658 0.100477 0.00163899 0.00267121 0.0214077 
0.829303 0.00889715 0.0711398 0.0666235 0.0012896 0.00270988 0.0200372 
0.822807 0.00815217 0.073351 0.0694134 0.00146267 0.00265674 0.022157 
0.803457 0.00904493 0.0698003 0.0974334 0.00155317 0.00248842 0.016223 
0.787042 0.00912378 0.0827071 0.0968171 0.00136794 0.0027126 0.0202299 
0.774378 0.0101248 0.0688216 0.123886 0.00155289 0.00333728 0.0179001 
0.800857 0.00921397 0.0801564 0.0874924 0.00120606 0.002831 0.0182433 
0.796889 0.00898901 0.0828962 0.080104 0.00115216 0.00456346 0.025406 
0.774743 0.00960292 0.0761182 0.106336 0.00136452 0.00380473 0.0280301 
0.765754 0.0102285 0.0801041 0.111175 0.00132659 0.00397487 0.0274371 
0.806156 0.00916569 0.076884 0.0818316 0.00121606 0.00369815 0.0210482 
0.794337 0.00900667 0.0868081 0.0803998 0.0011947 0.00365211 0.0246016 
0.733677 0.00942545 0.0823136 0.14586 0.00173118 0.00307047 0.0239222 
0.762964 0.0091038 0.0901037 0.100322 0.00150877 0.00411131 0.031887 
0.746839 0.00905588 0.100329 0.116808 0.00144835 0.00341059 0.0221096 
0.731753 0.00855664 0.103181 0.117653 0.0016736 0.00518689 0.0319959 
0.732302 0.0092466 0.0908026 0.138978 0.00170979 0.00402776 0.0229333 
0.653481 0.0104908 0.0906678 0.215455 0.00189165 0.00479099 0.0232222 
0.844989 0.0109404 0.0582444 0.0610818 0.00180197 0.00413886 0.0188039 
0.818198 0.0100024 0.0690644 0.0742119 0.00152887 0.0044865 0.0225082 
0.836807 0.0100392 0.0635915 0.0630756 0.00153115 0.00454713 0.0204083 
0.808902 0.00816502 0.0757004 0.0780196 0.00142774 0.00427303 0.0235124 
0.761822 0.00771192 0.0875232 0.110965 0.00170984 0.00362317 0.0266448 
0.784083 0.00880724 0.0769796 0.100517 0.00167213 0.00402509 0.0239166 
0.788998 0.00778814 0.0885523 0.0853396 0.00142295 0.00366681 0.0242325 
0.736637 0.00791606 0.0913894 0.129201 0.00185384 0.00379251 0.0292105 
0.721076 0.00842523 0.0762813 0.159734 0.00228529 0.00463675 0.027562 
0.694678 0.01059 0.063809 0.20864 0.00191232 0.00290913 0.0174623 
0.75242 0.0119745 0.0621409 0.142905 0.00178711 0.00386612 0.0249062 
0.721097 0.0106731 0.0707344 0.1681 0.00164532 0.00435714 0.0233927 
0.752837 0.0112752 0.0683025 0.137509 0.00167006 0.00365247 0.0247536 
0.619196 0.0118166 0.0666784 0.277136 0.00169984 0.00300671 0.020466 
0.64774 0.0124136 0.0791767 0.237484 0.0016045 0.00389699 0.0176846 
0.739197 0.011386 0.0753441 0.145802 0.00146217 0.00431372 0.0224952 
0.792778 0.0109604 0.0599952 0.111116 0.00156218 0.004545 0.0190431 
0.762647 0.0111993 0.0578695 0.142508 0.00201459 0.00327882 0.0204828 
0.716255 0.0109911 0.0685829 0.176841 0.00162389 0.00390112 0.021805 
0.762501 0.0107316 0.0663711 0.139069 0.00161289 0.00292915 0.0167853 
0.78732 0.0091907 0.0786102 0.0984485 0.00133623 0.00337977 0.0217143 
0.781109 0.00895912 0.0755171 0.101375 0.0014336 0.00393407 0.0276718 
0.725558 0.00943642 0.0776758 0.162792 0.00172687 0.00412984 0.0186808 
0.709041 0.0116867 0.0562332 0.203304 0.0018858 0.00362562 0.014224 
0.743108 0.0109921 0.0634853 0.157463 0.00165301 0.00342898 0.0198701 
0.731541 0.00945251 0.0782551 0.148641 0.00176527 0.00450192 0.0258431 
0.720743 0.010008 0.0669131 0.177083 0.00178655 0.00359002 0.019876 
0.731032 0.0101744 0.0559244 0.179081 0.00220732 0.00330201 0.0182794 
0.794288 0.0100901 0.0694602 0.10295 0.0014694 0.00329976 0.0184419 
0.769454 0.0122773 0.0524409 0.143901 0.00190225 0.00303144 0.0169932 
0.759134 0.00943061 0.0658124 0.132114 0.00189822 0.00433643 0.0272752 
0.811167 0.00922245 0.0622352 0.0831235 0.00164706 0.00369973 0.028905 
0.76405 0.0103298 0.0689708 0.119505 0.00163609 0.00462439 0.0308838 
0.767268 0.00896178 0.0674298 0.10995 0.00188319 0.0044164 0.0400909 
0.758361 0.0100892 0.0673498 0.130126 0.00170793 0.00450719 0.0278591 
0.725358 0.00972655 0.069314 0.162679 0.00174686 0.00425606 0.0269199 
0.745557 0.00820964 0.0714036 0.145646 0.00174138 0.00374953 0.0236927 
0.786882 0.00850873 0.0678248 0.10389 0.0016924 0.00355146 0.0276514 
0.778633 0.0088326 0.0658962 0.117923 0.00170403 0.00360984 0.023401 
0.821598 0.0103106 0.0543059 0.0835814 0.00160752 0.00477614 0.0238202 
0.748968 0.00936853 0.0640196 0.138297 0.00202965 0.0050395 0.0322781 
0.824455 0.00976283 0.0551091 0.0772221 0.00190421 0.00360974 0.0279367 
0.805635 0.00943913 0.0595978 0.0943196 0.00164489 0.00415343 0.0252103 
0.818408 0.00822017 0.0733468 0.0698267 0.00123284 0.0030822 0.0258837 
0.745924 0.0085279 0.0809561 0.123512 0.00174117 0.00343198 0.035907 
0.787841 0.00802901 0.0791217 0.0935857 0.00144481 0.00297492 0.0270027 
0.796869 0.00902161 0.0808691 0.0782607 0.00123807 0.00383088 0.0299105 
0.803111 0.0094647 0.0724341 0.0783902 0.00121929 0.00402863 0.0313517 
0.767835 0.0111384 0.0660656 0.120794 0.00139268 0.00443928 0.0283353 
0.804805 0.00975634 0.0698094 0.0799697 0.00131301 0.00379883 0.0305475 
0.780794 0.0100934 0.0664086 0.106378 0.00157536 0.00385458 0.0308959 
0.737336 0.00909256 0.0877885 0.128723 0.00152614 0.00375804 0.0317763 
0.798143 0.00823691 0.0740084 0.0952923 0.00139166 0.00290205 0.0200254 
0.73051 0.00843892 0.0875593 0.144809 0.0016823 0.00281347 0.0241872 
0.767186 0.00804691 0.0808763 0.113976 0.00155283 0.00229277 0.0260689 
0.804313 0.0104199 0.0586782 0.0952003 0.00171767 0.00320855 0.0264623 
0.765862 0.010451 0.0637313 0.131258 0.00166176 0.00339974 0.0236366 
0.702489 0.0111519 0.0693747 0.194556 0.00146102 0.00286314 0.018104 
0.691181 0.0113907 0.0736142 0.201943 0.00154063 0.0030411 0.0172899 
0.61753 0.0108944 0.0741614 0.27201 0.00165626 0.00352353 0.0202243 
0.715793 0.0136306 0.0674786 0.183087 0.00138251 0.00337428 0.0152542 
0.689959 0.0146852 0.0682165 0.198497 0.00149186 0.00382716 0.0233228 
0.632324 0.0357649 0.0299485 0.282842 0.00219742 0.00322034 0.0137022 
0.24804 0.0609677 0.0235063 0.653072 0.00140242 0.00315751 0.00985401 
0.368178 0.0659024 0.0267041 0.523489 0.00148625 0.00296093 0.0112793 
0.78275 0.00765372 0.110032 0.0830292 0.00113245 0.00216219 0.01324 
0.795504 0.00741907 0.0897889 0.0856787 0.00130665 0.00287774 0.0174251 
0.782476 0.00755571 0.0935475 0.0973959 0.00135217 0.00271161 0.0149608 
0.768677 0.00757457 0.096847 0.11229 0.00140885 0.00225185 0.0109508 
0.781745 0.00754161 0.0938109 0.100328 0.00128731 0.00250802 0.0127798 
0.803141 0.00706168 0.0892002 0.080504 0.00135733 0.00296577 0.0157698 
0.761162 0.00739176 0.11195 0.100476 0.00139818 0.00282389 0.0147984 
0.762361 0.00737571 0.0984252 0.115646 0.00145552 0.00245449 0.0122822 
0.770397 0.00838364 0.0892635 0.114973 0.00139934 0.0024804 0.0131024 
0.797954 0.00777989 0.0910097 0.0883296 0.0012216 0.00282332 0.0108817 
0.791988 0.00842519 0.0897005 0.0900989 0.00111393 0.00418618 0.0144869 
0.752282 0.00865686 0.0958333 0.119293 0.00138632 0.00452871 0.0180202 
0.787788 0.00690592 0.0963933 0.0827237 0.00136886 0.00352795 0.0212927 
0.747127 0.00712841 0.0953653 0.118979 0.00169108 0.00376876 0.0259408 
0.777754 0.00660568 0.109959 0.0722452 0.00119563 0.00333209 0.0289074 
0.812957 0.0071435 0.0885997 0.0629472 0.00123044 0.00354362 0.0235789 
0.799936 0.00721705 0.0860424 0.0769877 0.0014192 0.00397353 0.0244244 
0.801274 0.00635162 0.0944525 0.0672534 0.00137828 0.00365434 0.0256362 
0.728613 0.00674547 0.0985673 0.132381 0.00210165 0.00402179 0.0275698 
0.795067 0.00540763 0.0996358 0.0638049 0.00186356 0.00412219 0.0300991 
0.800086 0.00626095 0.0944306 0.0653978 0.00168588 0.00431156 0.0278274 
0.782564 0.00592153 0.103914 0.0729379 0.00168372 0.00431624 0.028662 
0.790781 0.00557381 0.0977048 0.0614596 0.00174345 0.00440784 0.0383298 
0.76964 0.00575762 0.0979035 0.0884078 0.00218142 0.00433094 0.031779 
0.7968 0.00667385 0.079398 0.0856348 0.00235585 0.00429704 0.0248401 
0.821464 0.00650504 0.0747739 0.0748332 0.0018693 0.00336066 0.0171936 
0.814418 0.00606827 0.08 0.0699927 0.00209933 0.00414184 0.02328 
0.833338 0.0062754 0.069933 0.0610131 0.00192049 0.00498837 0.0225311 
0.820812 0.00562749 0.0951461 0.0508281 0.00127321 0.00449736 0.0218162 
0.784977 0.00715831 0.0921478 0.085466 0.00170855 0.00428225 0.0242599 
0.764989 0.00646446 0.113145 0.0852085 0.00156159 0.00423683 0.0243949 
0.758324 0.00721364 0.110238 0.0904244 0.00150015 0.00452164 0.0277774 
0.763508 0.00682988 0.0999371 0.0944526 0.00165859 0.00412046 0.0294939 
0.795133 0.00713409 0.0890585 0.07408 0.00140247 0.0037107 0.0294815 
0.793046 0.00746529 0.0867874 0.0804748 0.00158363 0.00337574 0.0272669 
0.820344 0.0067201 0.0898091 0.0600162 0.00128585 0.00259264 0.0192318 
0.837488 0.00612553 0.0860189 0.0356428 0.00125628 0.00372454 0.0297441 
0.839086 0.00685706 0.0848667 0.044675 0.00122651 0.00310472 0.020184 
0.833504 0.00639206 0.0906499 0.0437144 0.00107657 0.00336261 0.0213007 
0.827129 0.00696215 0.0809253 0.056556 0.00125669 0.00358135 0.0235891 
0.805503 0.00585405 0.100436 0.0543076 0.0015623 0.00278488 0.0295515 
0.798923 0.00626437 0.0861201 0.0739046 0.00220338 0.00328649 0.029298 
0.836652 0.00669446 0.0717179 0.0580462 0.00232262 0.00259701 0.0219698 
0.813299 0.00695569 0.0770021 0.0745409 0.00212007 0.00342573 0.0226566 
0.798924 0.00881803 0.0751872 0.0922719 0.00183949 0.00306923 0.0198901 
0.80226 0.00771854 0.0767113 0.0927918 0.00207071 0.00258463 0.0158635 
0.792071 0.00723695 0.0862946 0.0902709 0.00175635 0.00295275 0.0194178 
0.800314 0.0061319 0.0968066 0.0712333 0.00168154 0.00286833 0.0209639 
0.752369 0.00698179 0.100159 0.114703 0.0019653 0.00328966 0.0205319 
0.773224 0.0060014 0.0923862 0.100371 0.00233015 0.00271413 0.0229729 
0.807701 0.00750848 0.0804699 0.0792936 0.00221663 0.00312082 0.0196896 
0.798181 0.00693031 0.0815093 0.0858067 0.00179866 0.00334972 0.0224246 
0.824121 0.00624746 0.0896732 0.0543859 0.00135357 0.00290657 0.0213125 
0.757461 0.00753747 0.101347 0.107664 0.00152116 0.00300096 0.0214688 
0.795606 0.0072176 0.0957788 0.0750147 0.00133608 0.00325894 0.0217875 
0.749975 0.00742848 0.101053 0.109503 0.00162152 0.00342306 0.0269953 
