0.859289 0.00615009 0.0781977 0.00690921 9.20769E-4 0.0117447 0.0367882 
0.868575 0.00723404 0.0782053 0.00756755 0.00101154 0.00602743 0.0313789 
0.874091 0.00975357 0.0667014 0.00668723 9.39006E-4 0.00733923 0.0344882 
0.853723 0.00861204 0.0792499 0.00675051 6.68398E-4 0.00642227 0.0445738 
0.87201 0.0104215 0.067628 0.00614244 8.93407E-4 0.00520597 0.0376983 
0.873733 0.0104 0.0644039 0.00668531 0.00102718 0.00535765 0.0383933 
0.881449 0.00898599 0.0602844 0.0116747 0.00134425 0.00545998 0.0308021 
0.873594 0.00885175 0.0623879 0.0146999 0.00141649 0.00561084 0.0334392 
0.878216 0.00896752 0.0632501 0.0121055 0.00116921 0.00604279 0.0302492 
0.871352 0.0095219 0.0608147 0.0121795 0.00120006 0.00662173 0.0383103 
0.879078 0.00966129 0.0624974 0.0119279 0.00161591 0.00535662 0.0298627 
0.836602 0.00636467 0.0858879 0.00700086 9.20147E-4 0.00760675 0.0556177 
0.860644 0.0090264 0.0702791 0.00581848 0.0012627 0.00547682 0.0474929 
0.835683 0.00739296 0.0594939 0.0111788 0.00117235 0.00283582 0.0822436 
0.839132 0.00880776 0.0504315 0.0212183 0.001124 0.00142581 0.0778601 
0.836419 0.0106203 0.046482 0.0123293 0.00181473 0.00212235 0.0902124 
0.80847 0.00955252 0.0714087 0.00801599 0.0011037 0.00251928 0.0989299 
0.833675 0.00827536 0.0950364 0.00458249 7.00245E-4 0.00315712 0.0545735 
0.848409 0.0071676 0.107369 0.0057499 9.01312E-4 0.00272296 0.0276803 
0.883571 0.00862388 0.0788913 0.00329527 0.00196518 0.00608642 0.0175674 
0.858899 0.00833409 0.100816 0.0032936 0.00292085 0.00623473 0.0195016 
0.791864 0.00769299 0.133285 0.00166518 0.00119353 0.0234406 0.0408586 
0.779973 0.00581921 0.152294 0.00155546 7.52766E-4 0.0173257 0.0422799 
0.762749 0.00524218 0.146946 0.00195985 8.17176E-4 0.021108 0.0611782 
0.752148 0.00599905 0.136214 0.00219002 9.67924E-4 0.015311 0.0871703 
0.74779 0.00497353 0.151886 0.00399487 7.23461E-4 0.0131842 0.0774485 
0.769014 0.00576043 0.129059 0.00420476 0.00106319 0.0146861 0.076213 
0.768141 0.00642908 0.128993 0.0060811 0.00131282 0.0130379 0.076005 
0.796044 0.00641863 0.122096 0.00321276 0.00102564 0.0138615 0.0573409 
0.81091 0.00678777 0.114548 0.00306375 0.00101148 0.0107118 0.0529681 
0.828267 0.00841447 0.100721 0.00429712 0.00130455 0.0104753 0.0465207 
0.820218 0.00804224 0.0978613 0.00512849 0.00120859 0.0129162 0.0546249 
0.760974 0.00615494 0.12385 0.00377066 0.00116008 0.0162002 0.0878902 
0.738262 0.005949 0.130804 0.00283944 9.34545E-4 0.0167044 0.104507 
0.745287 0.00606466 0.128354 0.00302286 8.93276E-4 0.0112522 0.105127 
0.795615 0.00559497 0.127168 0.00320607 0.00100157 0.00973476 0.0576802 
0.829776 0.00697696 0.10735 0.00413253 9.96155E-4 0.00684805 0.0439205 
0.812299 0.0052855 0.127169 0.00775792 9.51987E-4 0.00518124 0.0413546 
0.833799 0.00704414 0.104714 0.00526277 0.00122205 0.00604991 0.0419086 
0.810385 0.0074559 0.109931 0.00475999 0.00148819 0.00804788 0.0579323 
0.812928 0.00730994 0.116592 0.00430814 0.00102167 0.0086613 0.0491788 
0.770748 0.00608641 0.140583 0.00290592 7.13234E-4 0.0128373 0.0661264 
0.860695 0.00905971 0.0884293 0.00368644 9.54962E-4 0.00877801 0.0283967 
0.818704 0.00661411 0.116801 0.00748821 8.71415E-4 0.00735703 0.0421643 
0.817501 0.00622638 0.109017 0.0245918 0.00119328 0.00475698 0.0367138 
0.859825 0.00883114 0.0748314 0.0176457 0.00120723 0.00516947 0.0324905 
0.850158 0.0110237 0.0705774 0.0216661 0.00195493 0.0071268 0.0374929 
0.846668 0.00853866 0.0800322 0.0198958 0.00130041 0.00619865 0.0373663 
0.824547 0.00803099 0.0845907 0.0345808 0.00136561 0.00591723 0.0409677 
0.826367 0.0067677 0.0941804 0.0249408 0.00122484 0.00448679 0.0420322 
0.845635 0.0073749 0.0820896 0.0293352 0.00158899 0.00404112 0.0299357 
0.845833 0.00767067 0.0827504 0.0115712 0.00107134 0.00600229 0.0451014 
0.851517 0.00838761 0.0790123 0.0135928 0.00127434 0.00393187 0.0422835 
0.844465 0.00927261 0.0780692 0.029474 0.00148489 0.00346098 0.0337731 
0.874815 0.00896247 0.0717524 0.0168498 0.00127645 0.00330231 0.0230414 
0.850652 0.00704008 0.096094 0.00754202 9.19317E-4 0.00685504 0.0308973 
0.853062 0.00730497 0.0859336 0.00479013 9.71741E-4 0.0100874 0.0378501 
0.831717 0.00591512 0.101273 0.00700401 9.47898E-4 0.0102837 0.0428592 
0.837537 0.00633173 0.0971003 0.0122843 0.00105816 0.00612046 0.0395685 
0.862059 0.00793265 0.0708971 0.0123527 0.00135128 0.00843836 0.0369691 
0.873693 0.00963155 0.0608195 0.00836803 0.00149864 0.00899587 0.0369932 
0.846094 0.00625554 0.0795668 0.0239055 0.0014665 0.00532798 0.0373837 
0.853562 0.00671515 0.0782946 0.0144552 0.00120729 0.00481614 0.04095 
0.819877 0.0454186 0.0473822 0.068651 0.00234021 0.00466876 0.0116624 
0.826369 0.0262807 0.0521567 0.069717 0.00183387 0.00653963 0.0171033 
0.820833 0.0400835 0.0470512 0.0663128 0.00211947 0.00596746 0.0176328 
0.84043 0.046994 0.040059 0.0509548 0.00233077 0.00601124 0.0132204 
0.835199 0.0390966 0.0538713 0.0443938 0.00180383 0.00512046 0.0205152 
0.817637 0.0355165 0.0500925 0.065467 0.00163207 0.00700696 0.0226475 
0.81026 0.0354113 0.0675989 0.0580348 0.00110108 0.0053332 0.0222608 
0.844052 0.0300543 0.0537694 0.0345531 0.00127929 0.00484915 0.0314426 
0.798597 0.0262422 0.0625435 0.0820685 0.0012157 0.0031011 0.0262326 
0.823897 0.0272136 0.0548736 0.0618767 0.00163153 0.00326156 0.0272465 
0.847762 0.0221935 0.0551653 0.0396396 0.00132976 0.00434826 0.0295611 
0.845195 0.0295264 0.0359075 0.0643025 0.00288581 0.00428502 0.0178982 
0.86942 0.0276248 0.0396065 0.0376275 0.00194214 0.00504039 0.0187389 
0.868745 0.0277418 0.0360381 0.0395641 0.00341206 0.00353399 0.0209647 
0.865667 0.033801 0.0387331 0.0390187 0.00232827 0.0034622 0.0169899 
0.842931 0.0301495 0.0374608 0.0696404 0.0032999 0.00240079 0.0141177 
0.808804 0.024472 0.0412913 0.10474 0.00240829 0.0030168 0.0152683 
0.714153 0.051885 0.0305328 0.185186 0.00390478 0.0023713 0.0119676 
0.736471 0.0343722 0.0521688 0.147078 0.00197566 0.00451665 0.0234178 
0.798484 0.0335638 0.0426647 0.0954992 0.00230405 0.00423719 0.0232467 
0.833577 0.0357575 0.0484637 0.0477853 0.00203669 0.00784174 0.0245379 
0.817421 0.0362819 0.0749848 0.0316984 0.00192888 0.0157242 0.0219608 
0.595961 0.0425674 0.178797 0.00586542 0.0023726 0.159181 0.015257 
0.596541 0.0807123 0.156931 0.0100456 0.00916284 0.134036 0.0125718 
0.622351 0.0913811 0.127044 0.013585 0.0133385 0.119308 0.0129926 
0.653706 0.0718807 0.124425 0.00949692 0.0069097 0.12115 0.0124318 
0.624936 0.0726537 0.133083 0.00783658 0.00710053 0.138723 0.0156675 
0.646875 0.0702517 0.139896 0.00713809 0.00904332 0.114207 0.0125889 
0.605426 0.071282 0.130867 0.00751767 0.00816377 0.16346 0.0132836 
0.463032 0.123751 0.123857 0.00743771 0.00947238 0.265344 0.00710553 
0.436757 0.131298 0.127969 0.00516723 0.00493227 0.285974 0.00790234 
0.310461 0.068296 0.0902706 0.00336898 0.00297669 0.518688 0.00593867 
0.246163 0.108214 0.0803036 0.00244948 0.00253054 0.55516 0.00517918 
0.104768 0.055873 0.0483735 7.08857E-4 0.00106091 0.786728 0.00248694 
0.0471734 0.0408393 0.0299886 3.2378E-4 6.34865E-4 0.879145 0.00189545 
0.011396 0.0133394 0.0127626 5.79378E-5 8.67377E-5 0.961715 6.42573E-4 
0.00436348 0.0110235 0.00407071 2.45815E-5 5.08681E-5 0.980176 2.91117E-4 
0.00394916 0.00923392 0.00465516 2.62442E-5 5.24574E-5 0.981798 2.84931E-4 
0.0036675 0.00511276 0.0102217 1.85192E-5 5.22776E-5 0.980567 3.60083E-4 
0.00406058 0.00323462 0.0154994 2.20893E-5 4.65364E-5 0.976502 6.34785E-4 
0.00245092 0.00196682 0.0332216 2.43821E-5 4.29828E-5 0.960439 0.00185446 
0.00273198 0.00202832 0.0567429 5.42374E-5 1.02874E-4 0.935965 0.00237473 
0.0018066 0.00229803 0.122251 9.78037E-5 1.31415E-4 0.871055 0.00236016 
0.00185375 0.00264279 0.155284 1.13587E-4 1.54912E-4 0.83707 0.00288115 
0.00196958 0.00288783 0.20181 1.3736E-4 2.12511E-4 0.788964 0.00401954 
0.00279214 0.00328618 0.401509 1.90073E-4 1.83104E-4 0.585916 0.00612266 
0.00247604 0.00528752 0.499487 1.95774E-4 2.27377E-4 0.488539 0.00378748 
0.00226757 0.0046109 0.426778 2.20432E-4 2.14564E-4 0.562093 0.00381617 
0.00246695 0.00414448 0.591574 3.13613E-4 2.80533E-4 0.396101 0.00511928 
0.00180061 0.0061339 0.872523 4.07621E-4 5.04607E-4 0.115318 0.00331238 
0.00168309 0.00411945 0.842444 2.46121E-4 2.27777E-4 0.147325 0.00395434 
0.00171903 0.0068313 0.954737 3.21748E-4 4.53527E-4 0.0339652 0.00197218 
0.00101733 0.00417296 0.974983 2.98626E-4 4.04759E-4 0.0173096 0.0018136 
0.00107796 0.00471258 0.976083 3.57156E-4 5.11949E-4 0.0154191 0.00183811 
0.0013809 0.00861139 0.976391 8.65509E-4 0.00116858 0.0100204 0.00156247 
0.00140509 0.00903785 0.970708 8.34797E-4 0.00106041 0.0151416 0.00181179 
0.0015068 0.00947678 0.968997 7.83666E-4 9.65712E-4 0.0163964 0.00187378 
0.00162541 0.0107425 0.965464 9.88042E-4 0.00134624 0.0180046 0.0018295 
0.00132297 0.00708197 0.962499 6.10402E-4 8.02287E-4 0.0253918 0.00229158 
0.00131166 0.00643882 0.964549 5.45761E-4 7.41922E-4 0.0241163 0.00229646 
0.00137679 0.00842239 0.974192 8.18805E-4 0.00113928 0.0123608 0.00168985 
0.00124495 0.00777876 0.974196 7.43258E-4 0.00101814 0.0132779 0.00174122 
0.00166186 0.011756 0.970058 0.00124633 0.00167896 0.0118505 0.00174822 
0.00130333 0.0088164 0.970855 8.58728E-4 0.0010118 0.0152641 0.00189025 
0.0011495 0.00778063 0.978357 6.73372E-4 9.90523E-4 0.00949037 0.00155818 
8.54424E-4 0.00441764 0.980377 3.54061E-4 5.43604E-4 0.0116238 0.00182993 
0.00107971 0.00680259 0.98132 6.40307E-4 0.00101936 0.00775747 0.00138028 
8.61402E-4 0.00409938 0.982622 3.21439E-4 5.44853E-4 0.00987889 0.00167195 
9.06219E-4 0.00527198 0.979828 4.94325E-4 7.19754E-4 0.0110765 0.00170288 
8.25111E-4 0.0043783 0.979145 3.74205E-4 5.57347E-4 0.012864 0.00185552 
0.00102224 0.00247432 0.917541 2.32168E-4 3.40896E-4 0.0723931 0.00599635 
0.00118599 0.00184817 0.913356 2.03935E-4 3.19275E-4 0.0746175 0.008469 
0.00167342 0.00186404 0.871905 3.1498E-4 3.82306E-4 0.112495 0.011366 
0.00141425 0.00213241 0.929917 1.94096E-4 3.75132E-4 0.0600452 0.00592237 
0.00133809 0.00175582 0.929615 1.667E-4 3.59292E-4 0.0593895 0.00737541 
0.00146544 0.00153667 0.888361 2.34341E-4 3.12484E-4 0.0965473 0.011543 
0.00239758 0.00141806 0.844222 4.10811E-4 3.66638E-4 0.132445 0.0187407 
0.00265502 0.0017939 0.888142 2.95457E-4 5.29466E-4 0.0922519 0.0143325 
0.00199795 0.00204262 0.863111 3.42066E-4 4.47388E-4 0.117629 0.0144291 
0.00429553 0.00168552 0.68739 0.00127816 9.81602E-4 0.256292 0.0480777 
0.00222552 0.00132859 0.874966 3.54262E-4 4.24706E-4 0.100196 0.0205051 
0.00176897 0.00146284 0.865874 3.34481E-4 3.85757E-4 0.113511 0.0166633 
0.00161285 0.00134623 0.841031 4.2008E-4 3.66551E-4 0.135812 0.0194113 
0.00129431 0.00162224 0.904938 2.23743E-4 3.16943E-4 0.0809469 0.0106582 
0.00119532 0.00147398 0.903616 2.17869E-4 2.81386E-4 0.0815984 0.0116168 
0.00119126 0.00203854 0.905077 2.44035E-4 3.75909E-4 0.0818887 0.00918463 
0.00120562 0.00195571 0.917506 2.13279E-4 3.25337E-4 0.070358 0.0084365 
0.00125221 0.0023754 0.94492 1.99248E-4 4.44078E-4 0.0444331 0.00637554 
0.00114089 0.00177734 0.917745 1.95755E-4 3.27744E-4 0.0690454 0.00976806 
0.00161786 0.00153206 0.830637 4.44741E-4 4.37153E-4 0.146068 0.0192633 
0.00183841 0.00140384 0.736898 4.44272E-4 5.02854E-4 0.232554 0.0263588 
0.00220479 0.00138716 0.651829 6.86525E-4 6.4303E-4 0.309178 0.034071 
0.00334499 0.00183055 0.624718 0.00149639 0.00130089 0.315792 0.051518 
0.00391252 0.00207244 0.534083 0.00181885 0.00141387 0.400908 0.0557917 
0.00364359 0.00190283 0.591868 0.00139428 0.00119199 0.350803 0.049196 
0.0029645 0.00163626 0.670784 0.00112124 0.00102778 0.277902 0.0445647 
0.00312412 0.00160934 0.620646 0.00118814 9.91819E-4 0.326801 0.04564 
0.00259698 0.00157036 0.709998 9.29994E-4 9.45241E-4 0.243485 0.040474 
0.00195058 0.00129762 0.762952 6.12817E-4 6.76446E-4 0.200001 0.032509 
0.00199546 0.00131083 0.757915 7.13064E-4 7.88851E-4 0.201781 0.0354955 
0.00161617 0.00131244 0.805594 6.06498E-4 6.11578E-4 0.162354 0.0279055 
0.001515 0.00123484 0.74211 5.55755E-4 5.96263E-4 0.222987 0.0310012 
0.00184971 0.00125884 0.729228 6.81323E-4 6.72591E-4 0.231703 0.0346058 
0.00139781 9.68291E-4 0.85252 5.55211E-4 4.79257E-4 0.114316 0.0297637 
6.57617E-4 0.00143058 0.969426 9.66988E-5 1.95618E-4 0.0231757 0.00501751 
6.13322E-4 0.00290912 0.984002 2.27877E-4 3.24456E-4 0.00984392 0.00207885 
5.63915E-4 0.00261073 0.98328 1.84322E-4 2.94792E-4 0.0113457 0.00172091 
7.52627E-4 0.00320528 0.974479 2.33066E-4 3.83608E-4 0.0190256 0.00192035 
0.00138277 0.00321113 0.930033 2.47112E-4 3.77545E-4 0.0609883 0.00376052 
0.0124719 0.00250287 0.533587 0.00144639 0.00120674 0.399094 0.0496911 
0.0855859 0.00658955 0.359513 0.00486314 0.0037676 0.418056 0.121625 
0.698995 0.00612513 0.179817 0.00651605 0.00135878 0.0186343 0.0885539 
0.799222 0.00843012 0.126164 0.00881405 0.00165597 0.0139426 0.0417715 
0.808888 0.00916767 0.12359 0.0136899 0.00107926 0.0102645 0.0333203 
0.807884 0.00881053 0.112323 0.0116625 0.0010597 0.014272 0.0439886 
0.803646 0.00747102 0.115022 0.0129305 0.00103787 0.0146813 0.045212 
0.834939 0.00821857 0.0978546 0.0156829 0.00147396 0.00810952 0.0337214 
0.791242 0.00685648 0.127145 0.016954 0.00108494 0.0102023 0.0465159 
0.798182 0.00747967 0.121897 0.0126451 0.00126995 0.0126037 0.0459225 
0.76144 0.0065211 0.134967 0.0124692 8.58374E-4 0.012211 0.0715339 
0.779739 0.00652645 0.11989 0.0156944 9.81861E-4 0.0084561 0.0687128 
0.783434 0.00643283 0.110375 0.013007 0.00122696 0.00905667 0.0764675 
0.824838 0.00771617 0.0967129 0.0179578 0.00163293 0.00662726 0.0445151 
0.814526 0.0083437 0.104457 0.0188719 0.00123857 0.00597425 0.0465887 
0.810494 0.00726692 0.102715 0.032844 0.00145913 0.00581171 0.0394094 
0.840073 0.00810977 0.088943 0.0179114 0.00190146 0.00484006 0.038221 
0.824494 0.00855448 0.0937636 0.0112798 0.00119494 0.00498332 0.0557301 
0.831985 0.0057897 0.1045 0.0118506 8.66582E-4 0.00483234 0.0401758 
0.843722 0.00806547 0.0924431 0.0143555 9.40551E-4 0.00552894 0.0349442 
0.825813 0.00826321 0.0912743 0.0168745 0.0010358 0.00748424 0.0492551 
0.845842 0.00969526 0.0763631 0.0279386 0.00141761 0.00624184 0.0325018 
0.859722 0.0105718 0.0663998 0.018665 0.00182393 0.00934525 0.0334724 
0.84523 0.0103283 0.0739118 0.0276691 0.00150666 0.00645322 0.034901 
0.847723 0.014036 0.0729664 0.0299632 0.00119729 0.00567344 0.0284404 
0.803381 0.0121248 0.091221 0.0347341 0.00115041 0.00821825 0.0491701 
0.842256 0.0114623 0.0786406 0.0252201 0.00113172 0.00638753 0.0349014 
0.841329 0.0125633 0.0811649 0.0273287 0.00123455 0.00507623 0.031303 
0.840391 0.0114348 0.0775005 0.0306072 0.00143768 0.00575668 0.0328717 
0.844823 0.010164 0.0787908 0.0268642 0.00115507 0.006382 0.031821 
0.858123 0.0105609 0.0740312 0.0121881 0.0013231 0.00688877 0.0368853 
0.847444 0.0116499 0.0762927 0.0199074 0.0010795 0.00827396 0.035353 
0.840974 0.0100674 0.0840613 0.0139103 9.17968E-4 0.00855121 0.0415181 
0.854375 0.0103527 0.0774468 0.00753447 8.53475E-4 0.00690707 0.042531 
0.851837 0.0121449 0.0758213 0.0160929 0.00114769 0.00645731 0.0364986 
0.834623 0.0109786 0.0754784 0.021152 0.00102968 0.0101457 0.0465927 
0.824806 0.00956748 0.0885163 0.0189671 0.00100335 0.00641945 0.0507203 
0.826017 0.00793828 0.0999362 0.0230408 9.52517E-4 0.00638838 0.0357263 
0.838562 0.00855365 0.0891549 0.024415 0.00115318 0.00813862 0.0300228 
0.824725 0.0102202 0.0855504 0.0383306 0.00143474 0.00877053 0.030969 
0.837404 0.0117887 0.0777069 0.039193 0.00120533 0.00686384 0.0258387 
0.856088 0.0120604 0.0747075 0.0268276 0.00118247 0.00648982 0.0226444 
0.876093 0.0126822 0.0563615 0.0287078 0.0018091 0.0055449 0.0188014 
0.867421 0.0129477 0.0617265 0.0275456 0.00166802 0.00685441 0.0218366 
0.859343 0.0142644 0.059801 0.0372727 0.00202076 0.00711212 0.0201858 
0.843491 0.0176493 0.0688477 0.036879 0.00146591 0.00631634 0.0253506 
0.864853 0.0224437 0.0517999 0.0343192 0.00197844 0.00576888 0.0188371 
0.861236 0.0209109 0.0645186 0.0268049 0.0013127 0.00557484 0.0196424 
0.853844 0.0200485 0.0609256 0.0314274 0.00175701 0.00720122 0.0247959 
0.86189 0.0218911 0.0592385 0.0282984 0.00168924 0.00716867 0.0198242 
0.849141 0.0251713 0.0567433 0.0426848 0.0018725 0.00494838 0.0194392 
0.844893 0.0250128 0.060747 0.0428966 0.00212088 0.00433466 0.0199953 
0.83114 0.0277496 0.0584096 0.0532021 0.00215413 0.00447973 0.0228646 
0.799738 0.0227791 0.0785061 0.061814 0.00157165 0.00491684 0.0306747 
0.833632 0.0234636 0.0662621 0.0416661 0.00148364 0.00612999 0.0273628 
0.794665 0.0227951 0.0837048 0.0589686 0.00147952 0.00461994 0.0337674 
0.80697 0.0179597 0.0875717 0.0520924 0.00116891 0.00633545 0.0279022 
0.809 0.0188049 0.0802211 0.0558883 0.00133586 0.0069337 0.0278161 
0.811084 0.0250541 0.0956149 0.0346117 0.00153058 0.0125928 0.0195123 
0.564957 0.0162554 0.173398 0.0141498 0.00119918 0.217505 0.0125356 
0.721643 0.0153021 0.142945 0.0131521 0.00125748 0.0801699 0.0255304 
0.746615 0.0110678 0.139581 0.0210723 0.00124947 0.0444153 0.0359989 
0.730955 0.0135593 0.14094 0.0286257 0.00141195 0.0461252 0.0383824 
0.753275 0.0182407 0.0987314 0.100981 0.00156625 0.00977868 0.0174269 
0.828843 0.019386 0.0906541 0.0337387 0.00180458 0.00567516 0.0198983 
0.829944 0.0212922 0.0806284 0.0436749 0.00208901 0.00546758 0.0169044 
0.772774 0.0214267 0.0919435 0.0857854 0.00165318 0.00616186 0.0202552 
0.804112 0.0176626 0.104073 0.0456981 0.00111523 0.00547195 0.0218665 
0.830488 0.0191487 0.0865266 0.03541 0.00134034 0.00556877 0.0215177 
0.821509 0.0231741 0.0772263 0.0541774 0.00144798 0.00608853 0.016377 
0.800892 0.0229112 0.0782828 0.0723597 0.00175214 0.00530584 0.0184964 
0.82274 0.0323199 0.0582622 0.0632901 0.00240485 0.00510762 0.0158756 
0.838141 0.0253303 0.064732 0.0494543 0.00173463 0.00474083 0.0158666 
0.844518 0.025117 0.0564339 0.0513484 0.00270538 0.00527751 0.0145998 
0.838793 0.0245652 0.0628393 0.0533341 0.00227691 0.00410111 0.0140909 
0.811345 0.033245 0.0550986 0.0787614 0.00330251 0.00420676 0.0140408 
0.818535 0.0253334 0.0512889 0.0825074 0.00333574 0.0055421 0.0134574 
0.786072 0.0253977 0.0500291 0.115005 0.00371286 0.00602128 0.0137616 
0.825026 0.0320377 0.0472784 0.0632071 0.00715898 0.00750104 0.0177906 
0.822511 0.0274695 0.0499106 0.0737255 0.00351921 0.00649631 0.0163681 
0.821107 0.0253885 0.052021 0.0741792 0.00390722 0.00441659 0.0189806 
0.791776 0.0330362 0.0492376 0.10472 0.00378676 0.00513199 0.0123121 
0.81556 0.0214201 0.0577271 0.0738297 0.00349958 0.00533448 0.0226295 
0.835282 0.0218004 0.0582811 0.0578564 0.00352973 0.00523129 0.0180193 
0.790674 0.0266777 0.051747 0.101154 0.00413436 0.00595496 0.0196582 
0.821894 0.0253829 0.0538284 0.0618612 0.00440554 0.00760973 0.0250187 
0.834421 0.0211334 0.0555401 0.0599666 0.00512781 0.00453043 0.0192807 
0.814553 0.0221937 0.054921 0.0778834 0.00482779 0.00567316 0.0199475 
0.823966 0.0212526 0.0574846 0.0692379 0.00479769 0.00451188 0.0187498 
0.809141 0.0194809 0.0670675 0.0724371 0.00312495 0.00499403 0.0237548 
0.840496 0.0158648 0.0634445 0.0450857 0.00429124 0.00505068 0.0257673 
0.80134 0.0179541 0.0556976 0.0982219 0.00489793 0.00451664 0.0173717 
0.841424 0.0166864 0.0590237 0.0512082 0.0041429 0.00426633 0.0232483 
0.826887 0.0155378 0.0617 0.0609169 0.00319173 0.00475609 0.0270102 
0.852144 0.0141809 0.0546303 0.0443798 0.00393105 0.00452538 0.0262085 
0.800231 0.0178802 0.0520099 0.0940654 0.00473743 0.00610701 0.0249693 
0.823953 0.0453046 0.0270658 0.00990549 0.00145298 0.0428745 0.0494438 
0.814427 0.0396861 0.0312645 0.0100713 0.00144851 0.0533364 0.0497666 
0.843478 0.0382694 0.0296117 0.0110844 0.00130694 0.0357628 0.0404867 
0.82891 0.0380558 0.0330732 0.012016 0.00142667 0.0442715 0.0422466 
0.817977 0.0502747 0.0320267 0.0299903 0.00175275 0.0403108 0.0276675 
0.791867 0.0567543 0.0409669 0.0228225 0.00175376 0.0521159 0.0337192 
0.821386 0.0338816 0.0510397 0.0246545 0.0010485 0.0384585 0.0295312 
0.834839 0.0392554 0.0462559 0.0252817 9.98714E-4 0.0274923 0.0258766 
0.821608 0.0307684 0.0457773 0.0129411 0.00123406 0.0536174 0.0340536 
0.509263 0.0143701 0.105365 0.00111263 6.5557E-4 0.337451 0.0317823 
0.273484 0.0277866 0.0819988 0.00129831 0.00117998 0.582926 0.0313268 
0.40711 0.0325926 0.0712179 0.00202502 0.00232347 0.433481 0.0512505 
0.128219 0.0102374 0.205239 0.0331534 0.00290919 0.0919021 0.52834 
0.519706 0.0092333 0.138105 0.00179153 3.1903E-4 0.0442224 0.286623 
0.116634 0.0091819 0.26632 0.00320136 0.00184236 0.570547 0.0322742 
0.102157 0.00773661 0.148537 0.0136395 0.00139225 0.66526 0.0612779 
0.255952 0.00677145 0.149576 0.0233847 0.00226197 0.0313965 0.530657 
0.147199 0.0083513 0.127107 0.00823815 0.00141233 0.670485 0.0372073 
0.519745 0.019086 0.247315 0.00407898 0.00220167 0.155735 0.0518381 
0.343303 0.00871688 0.290038 0.0118591 0.00189164 0.207274 0.136917 
0.151461 0.011143 0.33806 0.00424332 0.00305233 0.422862 0.0691775 
0.0552376 0.0116651 0.515204 0.0243175 0.00304219 0.357967 0.0325674 
0.0272359 0.0129731 0.793599 0.0619074 0.00179937 0.0580198 0.044465 
0.0328659 0.0127788 0.508189 0.0255313 0.00191698 0.393035 0.0256828 
0.179589 0.0256033 0.071706 0.00102396 0.001174 0.698424 0.02248 
0.0950315 0.013944 0.121406 0.00112048 0.00151064 0.743458 0.0235294 
0.115852 0.0133911 0.221236 0.00804881 0.00284256 0.591432 0.0471976 
0.0779999 0.0147776 0.232247 0.0184449 0.00298251 0.621444 0.0321046 
0.0923334 0.0142175 0.149977 0.00678799 0.00162308 0.722218 0.0128433 
0.173914 0.0242885 0.259483 0.0236806 0.00418945 0.491354 0.0230906 
0.287201 0.0210076 0.147401 0.0366987 0.0034369 0.44667 0.0575857 
0.313139 0.0187009 0.15307 0.0124735 0.00241544 0.438402 0.0617991 
0.473642 0.0164727 0.140835 0.0272703 0.00259872 0.276859 0.0623212 
0.562328 0.0161178 0.142722 0.0231219 0.00227299 0.179964 0.0734737 
0.595716 0.0246654 0.104656 0.0233826 0.00332368 0.183988 0.064269 
0.45378 0.032264 0.14797 0.0189871 0.00313908 0.295224 0.0486362 
0.358378 0.0317365 0.107339 0.0350763 0.00333653 0.405454 0.0586792 
0.393142 0.0311666 0.110135 0.035349 0.00271148 0.36943 0.058066 
0.531151 0.0302888 0.120602 0.058181 0.00303582 0.19431 0.0624319 
0.566012 0.0279059 0.122122 0.0497445 0.00283584 0.16571 0.0656691 
0.610995 0.0227479 0.127213 0.0478586 0.00263599 0.124362 0.0641868 
0.639929 0.0176655 0.147338 0.0261712 0.0018051 0.103718 0.063373 
0.659169 0.0177838 0.151431 0.0194281 0.00153483 0.0868094 0.0638432 
0.654272 0.021085 0.122245 0.0439795 0.00216537 0.0843184 0.0719348 
0.596083 0.0212752 0.120194 0.0249146 0.00242627 0.15891 0.0761964 
0.380939 0.0204565 0.160649 0.0141551 0.00262649 0.344513 0.0766606 
0.310804 0.0166631 0.192052 0.00571212 0.00177402 0.449787 0.0232079 
8.14268E-5 0.708564 5.45365E-5 6.39021E-6 6.93669E-6 0.291241 4.58172E-5 
3.07671E-5 0.512291 1.25953E-5 1.2414E-6 2.80427E-6 0.48764 2.11882E-5 
4.23966E-5 0.535133 1.5956E-5 2.24336E-6 3.62037E-6 0.46478 2.29197E-5 
3.80428E-5 0.453893 1.80385E-5 3.61753E-6 3.81198E-6 0.546025 1.90366E-5 
4.19803E-5 0.502358 1.54647E-5 3.38579E-6 3.49761E-6 0.49756 1.782E-5 
4.10879E-5 0.343004 2.13016E-5 8.00262E-6 4.32304E-6 0.656913 8.40476E-6 
4.46949E-5 0.446087 2.43259E-5 7.11239E-6 6.46077E-6 0.553819 1.20372E-5 
3.40465E-4 0.541576 1.00234E-4 1.06561E-4 3.17722E-5 0.457831 1.42949E-5 
2.48715E-4 0.719215 1.09319E-5 3.58736E-5 2.41216E-5 0.280457 8.25908E-6 
7.97088E-5 0.837932 3.0422E-6 5.78488E-6 1.51116E-5 0.161955 9.96101E-6 
1.15419E-4 0.699811 2.74933E-5 1.83385E-5 7.1911E-6 0.300005 1.50394E-5 
3.80857E-5 0.864699 2.12745E-6 5.08221E-6 1.39082E-5 0.135234 7.50133E-6 
8.92567E-5 0.943923 2.46947E-5 2.13997E-5 1.25166E-5 0.0559237 5.95065E-6 
4.21906E-5 0.972235 5.23573E-6 7.64299E-6 9.20594E-6 0.0276965 4.69157E-6 
7.3051E-5 0.962035 9.49074E-6 1.47751E-5 1.08722E-5 0.0378516 5.274E-6 
1.44441E-4 0.943889 2.28801E-5 3.49808E-5 1.86098E-5 0.055883 7.56314E-6 
1.29737E-4 0.953953 1.57609E-5 3.02549E-5 1.67698E-5 0.0458497 5.12946E-6 
6.82478E-5 0.969541 6.92434E-6 1.34917E-5 9.3347E-6 0.0303566 3.98014E-6 
2.26531E-4 0.979065 8.78247E-5 1.91221E-4 2.73487E-5 0.0203192 8.33187E-5 
4.2853E-5 0.973673 6.47791E-6 8.20862E-6 1.10141E-5 0.026256 2.67073E-6 
3.2689E-4 0.975394 1.26189E-4 1.93316E-4 4.73226E-5 0.0238023 1.10467E-4 
3.00575E-4 0.976155 1.1367E-4 1.98345E-4 3.17624E-5 0.0230926 1.07847E-4 
4.9843E-5 0.974709 5.98887E-6 8.62845E-6 5.06635E-6 0.0252163 4.94093E-6 
2.50526E-4 0.976922 1.06476E-4 2.45392E-4 2.23795E-5 0.0223528 1.00011E-4 
9.36296E-5 0.958568 1.59294E-5 1.46287E-5 4.55525E-6 0.0412988 4.31005E-6 
7.8445E-5 0.967196 1.15166E-5 1.2168E-5 3.10557E-6 0.0326952 4.02882E-6 
1.64659E-4 0.979925 8.59069E-5 1.88832E-4 1.16503E-5 0.0195494 7.43504E-5 
1.30354E-4 0.981607 7.48907E-5 1.56348E-4 8.12433E-6 0.0179597 6.3907E-5 
2.57938E-4 0.976211 1.13596E-4 2.61396E-4 2.22127E-5 0.0230298 1.03567E-4 
7.42797E-5 0.956284 1.90769E-5 1.2969E-5 4.5031E-6 0.043601 4.41451E-6 
6.92578E-5 0.966959 9.94603E-6 1.14908E-5 4.86347E-6 0.0329422 3.4014E-6 
7.10348E-5 0.987981 3.13577E-5 6.93087E-5 1.56693E-5 0.0118022 2.93546E-5 
1.06476E-5 0.995312 5.04349E-6 1.02699E-5 5.85901E-6 0.00464984 5.95154E-6 
2.15464E-5 0.99358 9.13777E-6 2.08594E-5 6.71493E-6 0.00635187 1.01182E-5 
2.28255E-5 0.993262 1.03322E-5 2.31236E-5 6.51432E-6 0.00666498 1.00672E-5 
1.07301E-5 0.994685 6.77258E-6 1.36523E-5 4.53897E-6 0.00527114 7.85851E-6 
1.02454E-5 0.994902 6.11427E-6 1.28653E-5 4.31348E-6 0.00505785 7.04384E-6 
2.05303E-5 0.993015 1.11885E-5 2.47154E-5 5.26175E-6 0.00691046 1.30861E-5 
1.10334E-4 0.983427 5.83686E-5 1.30315E-4 9.18062E-6 0.0162093 5.55436E-5 
1.88961E-5 0.993022 1.12287E-5 2.3687E-5 5.46736E-6 0.00690723 1.19733E-5 
2.56116E-5 0.991997 1.47434E-5 3.18507E-5 7.91092E-6 0.00790779 1.47863E-5 
2.20656E-5 0.992928 1.15999E-5 2.5635E-5 6.85772E-6 0.00699195 1.34723E-5 
1.35465E-4 0.982152 7.03527E-5 1.54597E-4 1.82861E-5 0.017404 6.52573E-5 
1.02511E-5 0.994845 6.51486E-6 1.28644E-5 7.31756E-6 0.0051089 9.15185E-6 
5.57796E-6 0.996215 3.47695E-6 7.0447E-6 6.91333E-6 0.00375581 5.97817E-6 
5.31357E-6 0.996417 3.0558E-6 6.58194E-6 4.87484E-6 0.00355883 4.78181E-6 
1.14672E-5 0.994738 6.42081E-6 1.40706E-5 4.50958E-6 0.00521845 7.59742E-6 
1.6907E-6 0.997898 1.06616E-6 2.24889E-6 5.47792E-6 0.00208873 2.40203E-6 
2.66589E-6 0.997372 1.65438E-6 3.51786E-6 4.03275E-6 0.00261343 2.36185E-6 
1.01181E-5 0.995092 5.56533E-6 1.23289E-5 4.0045E-6 0.00486993 6.2428E-6 
8.26481E-6 0.995585 4.5808E-6 9.986E-6 4.24129E-6 0.00438259 4.91375E-6 
4.15796E-6 0.996712 2.57398E-6 5.45198E-6 4.07956E-6 0.00326872 2.91473E-6 
5.64988E-6 0.996298 3.20873E-6 7.02287E-6 3.38144E-6 0.00367896 4.12263E-6 
1.54006E-5 0.993726 9.30854E-6 1.92478E-5 3.82602E-6 0.00621587 1.0556E-5 
1.36927E-5 0.99402 8.4289E-6 1.7343E-5 4.19887E-6 0.00592751 8.71857E-6 
6.04125E-6 0.996009 3.83932E-6 7.7063E-6 5.4527E-6 0.00396332 4.62515E-6 
2.11673E-5 0.992841 1.1856E-5 2.58088E-5 4.8326E-6 0.00708313 1.19716E-5 
3.9728E-5 0.990249 2.1538E-5 4.74783E-5 6.16309E-6 0.00961643 1.98953E-5 
1.40616E-5 0.994123 8.08944E-6 1.74192E-5 6.38284E-6 0.00582311 8.21931E-6 
4.81355E-6 0.996467 2.99941E-6 6.30889E-6 6.00663E-6 0.00350993 3.38823E-6 
1.06979E-5 0.994842 6.26007E-6 1.34805E-5 4.83488E-6 0.005117 5.83102E-6 
2.22464E-5 0.992879 1.16513E-5 2.58196E-5 7.03742E-6 0.00704297 1.1638E-5 
9.21653E-6 0.995692 4.70525E-6 6.85241E-6 7.48434E-6 0.00427434 5.57044E-6 
5.75622E-5 0.989301 2.81056E-5 4.10718E-5 1.32513E-5 0.0105362 2.31405E-5 
1.11995E-4 0.985534 4.79613E-5 8.19076E-5 2.0623E-5 0.0141632 4.0309E-5 
7.73234E-5 0.987291 3.65041E-5 7.54418E-5 1.74894E-5 0.0124715 3.10412E-5 
5.12961E-5 0.989266 2.61999E-5 5.73952E-5 1.18912E-5 0.0105652 2.25299E-5 
1.1951E-4 0.982578 6.67928E-5 1.45183E-4 2.06124E-5 0.0170149 5.53486E-5 
5.62E-5 0.955603 2.25219E-5 1.68737E-5 9.15683E-6 0.0442883 4.42111E-6 
1.00922E-4 0.954024 3.68075E-5 2.52225E-5 1.21917E-5 0.0457862 1.46442E-5 
1.42256E-4 0.953767 3.20486E-5 3.49833E-5 1.11087E-5 0.0460006 1.21372E-5 
7.29117E-5 0.958256 1.91548E-5 1.29624E-5 8.4445E-6 0.041625 5.42182E-6 
9.81484E-5 0.947216 3.4249E-5 1.9869E-5 1.05332E-5 0.0526121 9.55372E-6 
1.97745E-4 0.93797 7.29879E-5 6.37033E-5 2.82008E-5 0.061643 2.39776E-5 
2.3782E-4 0.916461 1.03795E-4 6.26879E-5 2.85693E-5 0.0830818 2.42286E-5 
2.88126E-5 0.889361 4.24647E-6 4.78434E-6 8.73688E-6 0.110587 5.65583E-6 
1.23263E-4 0.926644 4.68345E-5 4.0436E-5 2.16288E-5 0.0731158 8.3074E-6 
9.84099E-5 0.939899 3.62923E-5 3.41105E-5 2.00212E-5 0.0599042 8.22371E-6 
1.04581E-4 0.936828 3.78953E-5 3.55027E-5 2.01187E-5 0.0629655 8.26421E-6 
9.23782E-5 0.951236 2.82274E-5 2.3357E-5 1.78752E-5 0.0485904 1.17137E-5 
0.0216109 0.898921 5.78063E-4 0.0725566 0.0038295 0.00110379 0.00140039 
0.00118162 0.994201 1.72956E-5 0.00299044 5.35488E-4 0.00100109 7.3096E-5 
2.0884E-6 0.997842 1.0284E-6 2.49357E-6 2.47867E-5 0.00211367 1.35363E-5 
8.66745E-6 0.99558 4.30729E-6 1.005E-5 7.48922E-6 0.00438136 7.83609E-6 
1.70599E-5 0.993973 8.02983E-6 1.88516E-5 5.79079E-6 0.005967 1.02833E-5 
1.39306E-4 0.983428 5.74733E-5 1.27753E-4 1.54322E-5 0.0161793 5.30972E-5 
1.85218E-4 0.981478 7.44035E-5 1.18298E-4 2.16373E-5 0.0180569 6.57544E-5 
3.46397E-5 0.970865 8.77461E-6 6.20554E-6 7.73556E-6 0.0290753 2.1781E-6 
3.51736E-5 0.969363 9.68493E-6 6.44222E-6 7.39728E-6 0.0305762 2.2935E-6 
1.30568E-4 0.934791 4.18131E-5 3.06526E-5 1.83785E-5 0.0649834 3.83665E-6 
3.78057E-5 0.974591 6.31841E-6 8.01814E-6 8.98258E-6 0.0253463 1.12254E-6 
2.73615E-4 0.977408 1.07814E-4 1.84622E-4 3.94173E-5 0.0218947 9.17888E-5 
6.63052E-5 0.989059 2.67248E-5 5.31816E-5 1.3618E-5 0.0107575 2.3943E-5 
4.58798E-5 0.990852 1.92271E-5 3.54306E-5 1.23313E-5 0.00901824 1.70734E-5 
5.29704E-5 0.989286 2.61759E-5 5.57543E-5 1.53941E-5 0.0105416 2.23487E-5 
1.80768E-4 0.979092 9.575E-5 1.88721E-4 4.5733E-5 0.0203207 7.59311E-5 
4.53387E-5 0.970333 7.75577E-6 1.14496E-5 1.37089E-5 0.0295879 1.05357E-6 
3.07459E-4 0.974874 1.34335E-4 2.56904E-4 6.17649E-5 0.0242587 1.07257E-4 
4.55597E-5 0.973114 6.87083E-6 1.1335E-5 1.04328E-5 0.0268098 1.48279E-6 
1.69266E-4 0.980675 8.1349E-5 1.73314E-4 4.03876E-5 0.0187951 6.56817E-5 
1.76209E-4 0.979722 9.0793E-5 1.69743E-4 4.23323E-5 0.0197285 7.07182E-5 
8.14268E-5 0.708564 5.45365E-5 6.39021E-6 6.93669E-6 0.291241 4.58172E-5 
3.07671E-5 0.512291 1.25953E-5 1.2414E-6 2.80427E-6 0.48764 2.11882E-5 
4.23966E-5 0.535133 1.5956E-5 2.24336E-6 3.62037E-6 0.46478 2.29197E-5 
3.80428E-5 0.453893 1.80385E-5 3.61753E-6 3.81198E-6 0.546025 1.90366E-5 
4.19803E-5 0.502358 1.54647E-5 3.38579E-6 3.49761E-6 0.49756 1.782E-5 
4.10879E-5 0.343004 2.13016E-5 8.00262E-6 4.32304E-6 0.656913 8.40476E-6 
4.46949E-5 0.446087 2.43259E-5 7.11239E-6 6.46077E-6 0.553819 1.20372E-5 
3.40465E-4 0.541576 1.00234E-4 1.06561E-4 3.17722E-5 0.457831 1.42949E-5 
2.48715E-4 0.719215 1.09319E-5 3.58736E-5 2.41216E-5 0.280457 8.25908E-6 
7.97088E-5 0.837932 3.0422E-6 5.78488E-6 1.51116E-5 0.161955 9.96101E-6 
1.15419E-4 0.699811 2.74933E-5 1.83385E-5 7.1911E-6 0.300005 1.50394E-5 
3.80857E-5 0.864699 2.12745E-6 5.08221E-6 1.39082E-5 0.135234 7.50133E-6 
8.92567E-5 0.943923 2.46947E-5 2.13997E-5 1.25166E-5 0.0559237 5.95065E-6 
4.21906E-5 0.972235 5.23573E-6 7.64299E-6 9.20594E-6 0.0276965 4.69157E-6 
7.3051E-5 0.962035 9.49074E-6 1.47751E-5 1.08722E-5 0.0378516 5.274E-6 
1.44441E-4 0.943889 2.28801E-5 3.49808E-5 1.86098E-5 0.055883 7.56314E-6 
1.29737E-4 0.953953 1.57609E-5 3.02549E-5 1.67698E-5 0.0458497 5.12946E-6 
6.82478E-5 0.969541 6.92434E-6 1.34917E-5 9.3347E-6 0.0303566 3.98014E-6 
2.26531E-4 0.979065 8.78247E-5 1.91221E-4 2.73487E-5 0.0203192 8.33187E-5 
4.2853E-5 0.973673 6.47791E-6 8.20862E-6 1.10141E-5 0.026256 2.67073E-6 
3.2689E-4 0.975394 1.26189E-4 1.93316E-4 4.73226E-5 0.0238023 1.10467E-4 
3.00575E-4 0.976155 1.1367E-4 1.98345E-4 3.17624E-5 0.0230926 1.07847E-4 
4.9843E-5 0.974709 5.98887E-6 8.62845E-6 5.06635E-6 0.0252163 4.94093E-6 
2.50526E-4 0.976922 1.06476E-4 2.45392E-4 2.23795E-5 0.0223528 1.00011E-4 
9.36296E-5 0.958568 1.59294E-5 1.46287E-5 4.55525E-6 0.0412988 4.31005E-6 
7.8445E-5 0.967196 1.15166E-5 1.2168E-5 3.10557E-6 0.0326952 4.02882E-6 
1.64659E-4 0.979925 8.59069E-5 1.88832E-4 1.16503E-5 0.0195494 7.43504E-5 
1.30354E-4 0.981607 7.48907E-5 1.56348E-4 8.12433E-6 0.0179597 6.3907E-5 
2.57938E-4 0.976211 1.13596E-4 2.61396E-4 2.22127E-5 0.0230298 1.03567E-4 
7.42797E-5 0.956284 1.90769E-5 1.2969E-5 4.5031E-6 0.043601 4.41451E-6 
6.92578E-5 0.966959 9.94603E-6 1.14908E-5 4.86347E-6 0.0329422 3.4014E-6 
7.10348E-5 0.987981 3.13577E-5 6.93087E-5 1.56693E-5 0.0118022 2.93546E-5 
1.06476E-5 0.995312 5.04349E-6 1.02699E-5 5.85901E-6 0.00464984 5.95154E-6 
2.15464E-5 0.99358 9.13777E-6 2.08594E-5 6.71493E-6 0.00635187 1.01182E-5 
2.28255E-5 0.993262 1.03322E-5 2.31236E-5 6.51432E-6 0.00666498 1.00672E-5 
1.07301E-5 0.994685 6.77258E-6 1.36523E-5 4.53897E-6 0.00527114 7.85851E-6 
1.02454E-5 0.994902 6.11427E-6 1.28653E-5 4.31348E-6 0.00505785 7.04384E-6 
2.05303E-5 0.993015 1.11885E-5 2.47154E-5 5.26175E-6 0.00691046 1.30861E-5 
1.10334E-4 0.983427 5.83686E-5 1.30315E-4 9.18062E-6 0.0162093 5.55436E-5 
1.88961E-5 0.993022 1.12287E-5 2.3687E-5 5.46736E-6 0.00690723 1.19733E-5 
2.56116E-5 0.991997 1.47434E-5 3.18507E-5 7.91092E-6 0.00790779 1.47863E-5 
2.20656E-5 0.992928 1.15999E-5 2.5635E-5 6.85772E-6 0.00699195 1.34723E-5 
1.35465E-4 0.982152 7.03527E-5 1.54597E-4 1.82861E-5 0.017404 6.52573E-5 
1.02511E-5 0.994845 6.51486E-6 1.28644E-5 7.31756E-6 0.0051089 9.15185E-6 
5.57796E-6 0.996215 3.47695E-6 7.0447E-6 6.91333E-6 0.00375581 5.97817E-6 
5.31357E-6 0.996417 3.0558E-6 6.58194E-6 4.87484E-6 0.00355883 4.78181E-6 
1.14672E-5 0.994738 6.42081E-6 1.40706E-5 4.50958E-6 0.00521845 7.59742E-6 
1.6907E-6 0.997898 1.06616E-6 2.24889E-6 5.47792E-6 0.00208873 2.40203E-6 
2.66589E-6 0.997372 1.65438E-6 3.51786E-6 4.03275E-6 0.00261343 2.36185E-6 
1.01181E-5 0.995092 5.56533E-6 1.23289E-5 4.0045E-6 0.00486993 6.2428E-6 
8.26481E-6 0.995585 4.5808E-6 9.986E-6 4.24129E-6 0.00438259 4.91375E-6 
4.15796E-6 0.996712 2.57398E-6 5.45198E-6 4.07956E-6 0.00326872 2.91473E-6 
5.64988E-6 0.996298 3.20873E-6 7.02287E-6 3.38144E-6 0.00367896 4.12263E-6 
1.54006E-5 0.993726 9.30854E-6 1.92478E-5 3.82602E-6 0.00621587 1.0556E-5 
1.36927E-5 0.99402 8.4289E-6 1.7343E-5 4.19887E-6 0.00592751 8.71857E-6 
6.04125E-6 0.996009 3.83932E-6 7.7063E-6 5.4527E-6 0.00396332 4.62515E-6 
2.11673E-5 0.992841 1.1856E-5 2.58088E-5 4.8326E-6 0.00708313 1.19716E-5 
3.9728E-5 0.990249 2.1538E-5 4.74783E-5 6.16309E-6 0.00961643 1.98953E-5 
1.40616E-5 0.994123 8.08944E-6 1.74192E-5 6.38284E-6 0.00582311 8.21931E-6 
4.81355E-6 0.996467 2.99941E-6 6.30889E-6 6.00663E-6 0.00350993 3.38823E-6 
1.06979E-5 0.994842 6.26007E-6 1.34805E-5 4.83488E-6 0.005117 5.83102E-6 
2.22464E-5 0.992879 1.16513E-5 2.58196E-5 7.03742E-6 0.00704297 1.1638E-5 
9.21653E-6 0.995692 4.70525E-6 6.85241E-6 7.48434E-6 0.00427434 5.57044E-6 
5.75622E-5 0.989301 2.81056E-5 4.10718E-5 1.32513E-5 0.0105362 2.31405E-5 
1.11995E-4 0.985534 4.79613E-5 8.19076E-5 2.0623E-5 0.0141632 4.0309E-5 
7.73234E-5 0.987291 3.65041E-5 7.54418E-5 1.74894E-5 0.0124715 3.10412E-5 
5.12961E-5 0.989266 2.61999E-5 5.73952E-5 1.18912E-5 0.0105652 2.25299E-5 
1.1951E-4 0.982578 6.67928E-5 1.45183E-4 2.06124E-5 0.0170149 5.53486E-5 
5.62E-5 0.955603 2.25219E-5 1.68737E-5 9.15683E-6 0.0442883 4.42111E-6 
1.00922E-4 0.954024 3.68075E-5 2.52225E-5 1.21917E-5 0.0457862 1.46442E-5 
1.42256E-4 0.953767 3.20486E-5 3.49833E-5 1.11087E-5 0.0460006 1.21372E-5 
7.29117E-5 0.958256 1.91548E-5 1.29624E-5 8.4445E-6 0.041625 5.42182E-6 
9.81484E-5 0.947216 3.4249E-5 1.9869E-5 1.05332E-5 0.0526121 9.55372E-6 
1.97745E-4 0.93797 7.29879E-5 6.37033E-5 2.82008E-5 0.061643 2.39776E-5 
2.3782E-4 0.916461 1.03795E-4 6.26879E-5 2.85693E-5 0.0830818 2.42286E-5 
2.88126E-5 0.889361 4.24647E-6 4.78434E-6 8.73688E-6 0.110587 5.65583E-6 
1.23263E-4 0.926644 4.68345E-5 4.0436E-5 2.16288E-5 0.0731158 8.3074E-6 
9.84099E-5 0.939899 3.62923E-5 3.41105E-5 2.00212E-5 0.0599042 8.22371E-6 
1.04581E-4 0.936828 3.78953E-5 3.55027E-5 2.01187E-5 0.0629655 8.26421E-6 
9.23782E-5 0.951236 2.82274E-5 2.3357E-5 1.78752E-5 0.0485904 1.17137E-5 
0.0216109 0.898921 5.78063E-4 0.0725566 0.0038295 0.00110379 0.00140039 
0.00118162 0.994201 1.72956E-5 0.00299044 5.35488E-4 0.00100109 7.3096E-5 
2.0884E-6 0.997842 1.0284E-6 2.49357E-6 2.47867E-5 0.00211367 1.35363E-5 
8.66745E-6 0.99558 4.30729E-6 1.005E-5 7.48922E-6 0.00438136 7.83609E-6 
1.70599E-5 0.993973 8.02983E-6 1.88516E-5 5.79079E-6 0.005967 1.02833E-5 
1.39306E-4 0.983428 5.74733E-5 1.27753E-4 1.54322E-5 0.0161793 5.30972E-5 
1.85218E-4 0.981478 7.44035E-5 1.18298E-4 2.16373E-5 0.0180569 6.57544E-5 
3.46397E-5 0.970865 8.77461E-6 6.20554E-6 7.73556E-6 0.0290753 2.1781E-6 
3.51736E-5 0.969363 9.68493E-6 6.44222E-6 7.39728E-6 0.0305762 2.2935E-6 
1.30568E-4 0.934791 4.18131E-5 3.06526E-5 1.83785E-5 0.0649834 3.83665E-6 
3.78057E-5 0.974591 6.31841E-6 8.01814E-6 8.98258E-6 0.0253463 1.12254E-6 
2.73615E-4 0.977408 1.07814E-4 1.84622E-4 3.94173E-5 0.0218947 9.17888E-5 
6.63052E-5 0.989059 2.67248E-5 5.31816E-5 1.3618E-5 0.0107575 2.3943E-5 
4.58798E-5 0.990852 1.92271E-5 3.54306E-5 1.23313E-5 0.00901824 1.70734E-5 
5.29704E-5 0.989286 2.61759E-5 5.57543E-5 1.53941E-5 0.0105416 2.23487E-5 
1.80768E-4 0.979092 9.575E-5 1.88721E-4 4.5733E-5 0.0203207 7.59311E-5 
4.53387E-5 0.970333 7.75577E-6 1.14496E-5 1.37089E-5 0.0295879 1.05357E-6 
3.07459E-4 0.974874 1.34335E-4 2.56904E-4 6.17649E-5 0.0242587 1.07257E-4 
4.55597E-5 0.973114 6.87083E-6 1.1335E-5 1.04328E-5 0.0268098 1.48279E-6 
1.69266E-4 0.980675 8.1349E-5 1.73314E-4 4.03876E-5 0.0187951 6.56817E-5 
1.76209E-4 0.979722 9.0793E-5 1.69743E-4 4.23323E-5 0.0197285 7.07182E-5 
0.406554 0.0493865 0.126981 0.0566606 0.00500461 0.251705 0.103708 
0.467994 0.0533928 0.117171 0.0485501 0.00405672 0.229008 0.0798277 
0.408671 0.0469931 0.0960643 0.0429209 0.0043417 0.30054 0.100469 
0.291251 0.0497218 0.127443 0.102261 0.00503662 0.336862 0.0874241 
0.20288 0.0534647 0.0569873 0.07961 0.00376509 0.540529 0.0627636 
0.250695 0.0561341 0.0465357 0.0464757 0.00372965 0.524537 0.0718936 
0.29901 0.0667058 0.0659453 0.0541717 0.00361845 0.439514 0.0710348 
0.527081 0.0997874 0.0506007 0.0702818 0.00361153 0.194979 0.0536585 
0.522678 0.102695 0.0411697 0.0345697 0.00363545 0.244992 0.0502597 
0.531882 0.118611 0.0460524 0.0417786 0.00298653 0.214183 0.0445058 
0.451475 0.098217 0.0524137 0.0608318 0.00389656 0.275657 0.0575093 
0.514681 0.11548 0.0641273 0.0270699 0.00300714 0.217288 0.0583469 
0.3883 0.0849508 0.0546564 0.0225862 0.00386391 0.364321 0.0813216 
0.466705 0.0565248 0.0519031 0.0127685 0.00396895 0.319117 0.0890131 
0.52257 0.0568645 0.0571551 0.0263294 0.00409478 0.244841 0.0881454 
0.485653 0.0582405 0.0588635 0.0393039 0.00436696 0.263406 0.0901662 
0.607492 0.0679322 0.063144 0.0370111 0.00259537 0.167645 0.0541805 
0.506725 0.0826824 0.0619168 0.0340326 0.0044897 0.223134 0.0870197 
0.493368 0.0756708 0.0692877 0.04886 0.00378378 0.240233 0.0687968 
0.467933 0.0565349 0.0653266 0.0174433 0.00365576 0.309475 0.0796306 
0.3081 0.0508362 0.0828261 0.0528746 0.00362078 0.424725 0.0770173 
0.251403 0.0513273 0.090366 0.045377 0.0031505 0.491397 0.0669798 
0.333938 0.0505809 0.0962979 0.0654573 0.00356666 0.376586 0.0735735 
0.234272 0.044208 0.10715 0.0847116 0.00325137 0.456153 0.0702543 
0.233784 0.0419754 0.10469 0.0858067 0.00326522 0.45772 0.0727589 
0.29532 0.0568729 0.0687171 0.0202751 0.00210577 0.502169 0.0545393 
0.31946 0.0623326 0.0706323 0.0267319 0.00231478 0.465318 0.0532101 
0.248057 0.0688884 0.0813613 0.0450217 0.00230985 0.51296 0.0414015 
0.280484 0.0802625 0.0785513 0.0417463 0.00202815 0.486422 0.0305053 
0.311085 0.0608349 0.0831066 0.052513 0.00227997 0.457907 0.0322731 
0.335205 0.0539178 0.0880547 0.0655529 0.00254175 0.423666 0.0310613 
0.371643 0.0431774 0.10218 0.0720162 0.00247176 0.372629 0.0358829 
0.289514 0.0385081 0.125839 0.0684363 0.00279102 0.432169 0.0427429 
0.387263 0.0396379 0.145855 0.0815999 0.0031541 0.303617 0.0388738 
0.31206 0.0418651 0.146178 0.0968186 0.00397457 0.351148 0.047956 
0.163308 0.0501681 0.125402 0.108405 0.00379081 0.505433 0.0434932 
0.367126 0.0797314 0.0836521 0.0788606 0.00319348 0.3425 0.0449367 
0.408614 0.0932014 0.0753909 0.0454158 0.00283874 0.326405 0.048134 
0.431097 0.0898553 0.081074 0.052032 0.00340549 0.297463 0.0450737 
0.462216 0.118462 0.0509401 0.0463407 0.00390918 0.276602 0.0415295 
0.323823 0.0923134 0.0597376 0.0297269 0.00294811 0.440232 0.0512185 
0.265065 0.0992571 0.0382696 0.01864 0.00258125 0.523702 0.0524842 
0.323391 0.1454 0.0369184 0.0134648 0.002368 0.433059 0.0453983 
0.385615 0.150827 0.056696 0.0128862 0.00213324 0.345126 0.0467163 
0.303187 0.220367 0.033644 0.0194672 0.00221359 0.380525 0.0405968 
0.325665 0.233774 0.0322707 0.018309 0.00240181 0.345637 0.0419425 
0.322927 0.292275 0.038588 0.0287522 0.00239371 0.276203 0.0388619 
0.36294 0.311916 0.0354251 0.032058 0.00239173 0.223782 0.0314877 
0.369304 0.27446 0.0326887 0.0264629 0.00250969 0.259503 0.035071 
0.397334 0.315934 0.0325378 0.0361494 0.00238402 0.186797 0.0288642 
0.388755 0.356515 0.027246 0.03724 0.00285734 0.158786 0.0286 
0.442533 0.271082 0.0500139 0.0416118 0.002441 0.159655 0.0326633 
0.47344 0.185323 0.0657916 0.0465831 0.00279833 0.183204 0.0428592 
0.516252 0.116777 0.0721609 0.0603332 0.00324397 0.173693 0.0575403 
0.501513 0.114253 0.0587691 0.0301698 0.00344583 0.222305 0.0695436 
0.526777 0.103907 0.0545794 0.0253771 0.00349857 0.214513 0.0713479 
0.665321 0.102041 0.0481205 0.023263 0.00231159 0.113991 0.0449513 
0.59158 0.116146 0.0555742 0.0389865 0.00291279 0.141286 0.0535138 
0.638869 0.10422 0.055873 0.037878 0.00232581 0.116884 0.0439494 
0.581112 0.138092 0.0476655 0.0344898 0.00320018 0.149654 0.0457879 
0.50684 0.184551 0.0368686 0.025971 0.00436253 0.19298 0.0484271 
0.408029 0.177445 0.0351929 0.0181509 0.00351595 0.305719 0.0519477 
0.577616 0.164248 0.0401431 0.0341817 0.00330254 0.146122 0.0343875 
0.59496 0.158749 0.0465729 0.0541194 0.00286944 0.113783 0.0289465 
0.522465 0.1244 0.0622442 0.0648501 0.00308239 0.180479 0.0424792 
0.520646 0.0822097 0.0477351 0.0287977 0.00332385 0.254765 0.0625228 
0.633313 0.0726553 0.049738 0.0298356 0.0031561 0.155649 0.0556524 
0.622223 0.0870503 0.0523725 0.0314346 0.00328421 0.145724 0.057911 
0.577944 0.0927925 0.0659236 0.0484851 0.00368641 0.144546 0.0666223 
0.595997 0.0856418 0.0614074 0.117911 0.00272942 0.0884161 0.0478978 
0.523811 0.112349 0.0626331 0.105344 0.0033889 0.139975 0.0524995 
0.519755 0.0666053 0.0718862 0.0986889 0.00316129 0.184618 0.0552853 
0.504386 0.100583 0.0400558 0.0844104 0.00462298 0.217018 0.0489237 
0.58719 0.0788432 0.0476637 0.11084 0.00293303 0.131092 0.0414383 
0.619436 0.0929074 0.0602413 0.063321 0.00257594 0.112352 0.0491658 
0.535196 0.116077 0.0571634 0.0393536 0.00321567 0.187666 0.0613282 
0.471023 0.125147 0.0801461 0.0832501 0.00340894 0.175843 0.0611816 
0.637775 0.0872586 0.0578296 0.0489208 0.0025821 0.110214 0.0554203 
0.550026 0.0891916 0.0594739 0.0562885 0.00334332 0.179373 0.0623036 
0.541276 0.0954582 0.0591938 0.0895143 0.00336087 0.15524 0.0559561 
0.563614 0.0946239 0.0615265 0.0829293 0.00308674 0.142682 0.0515378 
0.595465 0.107499 0.0636306 0.0287538 0.00262146 0.144594 0.0574352 
8.14268E-5 0.708564 5.45365E-5 6.39021E-6 6.93669E-6 0.291241 4.58172E-5 
3.07671E-5 0.512291 1.25953E-5 1.2414E-6 2.80427E-6 0.48764 2.11882E-5 
4.23966E-5 0.535133 1.5956E-5 2.24336E-6 3.62037E-6 0.46478 2.29197E-5 
3.80428E-5 0.453893 1.80385E-5 3.61753E-6 3.81198E-6 0.546025 1.90366E-5 
4.19803E-5 0.502358 1.54647E-5 3.38579E-6 3.49761E-6 0.49756 1.782E-5 
4.10879E-5 0.343004 2.13016E-5 8.00262E-6 4.32304E-6 0.656913 8.40476E-6 
4.46949E-5 0.446087 2.43259E-5 7.11239E-6 6.46077E-6 0.553819 1.20372E-5 
3.40465E-4 0.541576 1.00234E-4 1.06561E-4 3.17722E-5 0.457831 1.42949E-5 
2.48715E-4 0.719215 1.09319E-5 3.58736E-5 2.41216E-5 0.280457 8.25908E-6 
7.97088E-5 0.837932 3.0422E-6 5.78488E-6 1.51116E-5 0.161955 9.96101E-6 
1.15419E-4 0.699811 2.74933E-5 1.83385E-5 7.1911E-6 0.300005 1.50394E-5 
3.80857E-5 0.864699 2.12745E-6 5.08221E-6 1.39082E-5 0.135234 7.50133E-6 
8.92567E-5 0.943923 2.46947E-5 2.13997E-5 1.25166E-5 0.0559237 5.95065E-6 
4.21906E-5 0.972235 5.23573E-6 7.64299E-6 9.20594E-6 0.0276965 4.69157E-6 
7.3051E-5 0.962035 9.49074E-6 1.47751E-5 1.08722E-5 0.0378516 5.274E-6 
1.44441E-4 0.943889 2.28801E-5 3.49808E-5 1.86098E-5 0.055883 7.56314E-6 
1.29737E-4 0.953953 1.57609E-5 3.02549E-5 1.67698E-5 0.0458497 5.12946E-6 
6.82478E-5 0.969541 6.92434E-6 1.34917E-5 9.3347E-6 0.0303566 3.98014E-6 
2.26531E-4 0.979065 8.78247E-5 1.91221E-4 2.73487E-5 0.0203192 8.33187E-5 
4.2853E-5 0.973673 6.47791E-6 8.20862E-6 1.10141E-5 0.026256 2.67073E-6 
3.2689E-4 0.975394 1.26189E-4 1.93316E-4 4.73226E-5 0.0238023 1.10467E-4 
3.00575E-4 0.976155 1.1367E-4 1.98345E-4 3.17624E-5 0.0230926 1.07847E-4 
4.9843E-5 0.974709 5.98887E-6 8.62845E-6 5.06635E-6 0.0252163 4.94093E-6 
2.50526E-4 0.976922 1.06476E-4 2.45392E-4 2.23795E-5 0.0223528 1.00011E-4 
9.36296E-5 0.958568 1.59294E-5 1.46287E-5 4.55525E-6 0.0412988 4.31005E-6 
7.8445E-5 0.967196 1.15166E-5 1.2168E-5 3.10557E-6 0.0326952 4.02882E-6 
1.64659E-4 0.979925 8.59069E-5 1.88832E-4 1.16503E-5 0.0195494 7.43504E-5 
1.30354E-4 0.981607 7.48907E-5 1.56348E-4 8.12433E-6 0.0179597 6.3907E-5 
2.57938E-4 0.976211 1.13596E-4 2.61396E-4 2.22127E-5 0.0230298 1.03567E-4 
7.42797E-5 0.956284 1.90769E-5 1.2969E-5 4.5031E-6 0.043601 4.41451E-6 
6.92578E-5 0.966959 9.94603E-6 1.14908E-5 4.86347E-6 0.0329422 3.4014E-6 
7.10348E-5 0.987981 3.13577E-5 6.93087E-5 1.56693E-5 0.0118022 2.93546E-5 
1.06476E-5 0.995312 5.04349E-6 1.02699E-5 5.85901E-6 0.00464984 5.95154E-6 
2.15464E-5 0.99358 9.13777E-6 2.08594E-5 6.71493E-6 0.00635187 1.01182E-5 
2.28255E-5 0.993262 1.03322E-5 2.31236E-5 6.51432E-6 0.00666498 1.00672E-5 
1.07301E-5 0.994685 6.77258E-6 1.36523E-5 4.53897E-6 0.00527114 7.85851E-6 
1.02454E-5 0.994902 6.11427E-6 1.28653E-5 4.31348E-6 0.00505785 7.04384E-6 
2.05303E-5 0.993015 1.11885E-5 2.47154E-5 5.26175E-6 0.00691046 1.30861E-5 
1.10334E-4 0.983427 5.83686E-5 1.30315E-4 9.18062E-6 0.0162093 5.55436E-5 
1.88961E-5 0.993022 1.12287E-5 2.3687E-5 5.46736E-6 0.00690723 1.19733E-5 
2.56116E-5 0.991997 1.47434E-5 3.18507E-5 7.91092E-6 0.00790779 1.47863E-5 
2.20656E-5 0.992928 1.15999E-5 2.5635E-5 6.85772E-6 0.00699195 1.34723E-5 
1.35465E-4 0.982152 7.03527E-5 1.54597E-4 1.82861E-5 0.017404 6.52573E-5 
1.02511E-5 0.994845 6.51486E-6 1.28644E-5 7.31756E-6 0.0051089 9.15185E-6 
5.57796E-6 0.996215 3.47695E-6 7.0447E-6 6.91333E-6 0.00375581 5.97817E-6 
5.31357E-6 0.996417 3.0558E-6 6.58194E-6 4.87484E-6 0.00355883 4.78181E-6 
1.14672E-5 0.994738 6.42081E-6 1.40706E-5 4.50958E-6 0.00521845 7.59742E-6 
1.6907E-6 0.997898 1.06616E-6 2.24889E-6 5.47792E-6 0.00208873 2.40203E-6 
2.66589E-6 0.997372 1.65438E-6 3.51786E-6 4.03275E-6 0.00261343 2.36185E-6 
1.01181E-5 0.995092 5.56533E-6 1.23289E-5 4.0045E-6 0.00486993 6.2428E-6 
8.26481E-6 0.995585 4.5808E-6 9.986E-6 4.24129E-6 0.00438259 4.91375E-6 
4.15796E-6 0.996712 2.57398E-6 5.45198E-6 4.07956E-6 0.00326872 2.91473E-6 
5.64988E-6 0.996298 3.20873E-6 7.02287E-6 3.38144E-6 0.00367896 4.12263E-6 
1.54006E-5 0.993726 9.30854E-6 1.92478E-5 3.82602E-6 0.00621587 1.0556E-5 
1.36927E-5 0.99402 8.4289E-6 1.7343E-5 4.19887E-6 0.00592751 8.71857E-6 
6.04125E-6 0.996009 3.83932E-6 7.7063E-6 5.4527E-6 0.00396332 4.62515E-6 
2.11673E-5 0.992841 1.1856E-5 2.58088E-5 4.8326E-6 0.00708313 1.19716E-5 
3.9728E-5 0.990249 2.1538E-5 4.74783E-5 6.16309E-6 0.00961643 1.98953E-5 
1.40616E-5 0.994123 8.08944E-6 1.74192E-5 6.38284E-6 0.00582311 8.21931E-6 
4.81355E-6 0.996467 2.99941E-6 6.30889E-6 6.00663E-6 0.00350993 3.38823E-6 
1.06979E-5 0.994842 6.26007E-6 1.34805E-5 4.83488E-6 0.005117 5.83102E-6 
2.22464E-5 0.992879 1.16513E-5 2.58196E-5 7.03742E-6 0.00704297 1.1638E-5 
9.21653E-6 0.995692 4.70525E-6 6.85241E-6 7.48434E-6 0.00427434 5.57044E-6 
5.75622E-5 0.989301 2.81056E-5 4.10718E-5 1.32513E-5 0.0105362 2.31405E-5 
1.11995E-4 0.985534 4.79613E-5 8.19076E-5 2.0623E-5 0.0141632 4.0309E-5 
7.73234E-5 0.987291 3.65041E-5 7.54418E-5 1.74894E-5 0.0124715 3.10412E-5 
5.12961E-5 0.989266 2.61999E-5 5.73952E-5 1.18912E-5 0.0105652 2.25299E-5 
1.1951E-4 0.982578 6.67928E-5 1.45183E-4 2.06124E-5 0.0170149 5.53486E-5 
5.62E-5 0.955603 2.25219E-5 1.68737E-5 9.15683E-6 0.0442883 4.42111E-6 
1.00922E-4 0.954024 3.68075E-5 2.52225E-5 1.21917E-5 0.0457862 1.46442E-5 
1.42256E-4 0.953767 3.20486E-5 3.49833E-5 1.11087E-5 0.0460006 1.21372E-5 
7.29117E-5 0.958256 1.91548E-5 1.29624E-5 8.4445E-6 0.041625 5.42182E-6 
9.81484E-5 0.947216 3.4249E-5 1.9869E-5 1.05332E-5 0.0526121 9.55372E-6 
1.97745E-4 0.93797 7.29879E-5 6.37033E-5 2.82008E-5 0.061643 2.39776E-5 
2.3782E-4 0.916461 1.03795E-4 6.26879E-5 2.85693E-5 0.0830818 2.42286E-5 
2.88126E-5 0.889361 4.24647E-6 4.78434E-6 8.73688E-6 0.110587 5.65583E-6 
1.23263E-4 0.926644 4.68345E-5 4.0436E-5 2.16288E-5 0.0731158 8.3074E-6 
9.84099E-5 0.939899 3.62923E-5 3.41105E-5 2.00212E-5 0.0599042 8.22371E-6 
1.04581E-4 0.936828 3.78953E-5 3.55027E-5 2.01187E-5 0.0629655 8.26421E-6 
9.23782E-5 0.951236 2.82274E-5 2.3357E-5 1.78752E-5 0.0485904 1.17137E-5 
0.0216109 0.898921 5.78063E-4 0.0725566 0.0038295 0.00110379 0.00140039 
0.00118162 0.994201 1.72956E-5 0.00299044 5.35488E-4 0.00100109 7.3096E-5 
2.0884E-6 0.997842 1.0284E-6 2.49357E-6 2.47867E-5 0.00211367 1.35363E-5 
8.66745E-6 0.99558 4.30729E-6 1.005E-5 7.48922E-6 0.00438136 7.83609E-6 
1.70599E-5 0.993973 8.02983E-6 1.88516E-5 5.79079E-6 0.005967 1.02833E-5 
1.39306E-4 0.983428 5.74733E-5 1.27753E-4 1.54322E-5 0.0161793 5.30972E-5 
1.85218E-4 0.981478 7.44035E-5 1.18298E-4 2.16373E-5 0.0180569 6.57544E-5 
3.46397E-5 0.970865 8.77461E-6 6.20554E-6 7.73556E-6 0.0290753 2.1781E-6 
3.51736E-5 0.969363 9.68493E-6 6.44222E-6 7.39728E-6 0.0305762 2.2935E-6 
1.30568E-4 0.934791 4.18131E-5 3.06526E-5 1.83785E-5 0.0649834 3.83665E-6 
3.78057E-5 0.974591 6.31841E-6 8.01814E-6 8.98258E-6 0.0253463 1.12254E-6 
2.73615E-4 0.977408 1.07814E-4 1.84622E-4 3.94173E-5 0.0218947 9.17888E-5 
6.63052E-5 0.989059 2.67248E-5 5.31816E-5 1.3618E-5 0.0107575 2.3943E-5 
4.58798E-5 0.990852 1.92271E-5 3.54306E-5 1.23313E-5 0.00901824 1.70734E-5 
5.29704E-5 0.989286 2.61759E-5 5.57543E-5 1.53941E-5 0.0105416 2.23487E-5 
1.80768E-4 0.979092 9.575E-5 1.88721E-4 4.5733E-5 0.0203207 7.59311E-5 
4.53387E-5 0.970333 7.75577E-6 1.14496E-5 1.37089E-5 0.0295879 1.05357E-6 
3.07459E-4 0.974874 1.34335E-4 2.56904E-4 6.17649E-5 0.0242587 1.07257E-4 
4.55597E-5 0.973114 6.87083E-6 1.1335E-5 1.04328E-5 0.0268098 1.48279E-6 
1.69266E-4 0.980675 8.1349E-5 1.73314E-4 4.03876E-5 0.0187951 6.56817E-5 
1.76209E-4 0.979722 9.0793E-5 1.69743E-4 4.23323E-5 0.0197285 7.07182E-5 
0.713832 0.0699308 0.0677212 0.0675375 0.00172439 0.0567772 0.0224772 
0.728952 0.0823285 0.0559143 0.060162 0.0022541 0.0484297 0.0219589 
0.684054 0.0880301 0.0620386 0.0521446 0.00216368 0.0793963 0.0321728 
0.669821 0.0739413 0.0581245 0.0343025 0.00246203 0.121597 0.0397514 
0.681085 0.069788 0.0572581 0.016251 0.00213475 0.130616 0.0428677 
0.667393 0.132587 0.0576228 0.0148134 0.00219281 0.0931123 0.0322784 
0.609718 0.11459 0.0609698 0.0102234 0.0019757 0.162174 0.04035 
0.694849 0.108983 0.0568579 0.0120828 0.00177682 0.0953286 0.0301216 
0.271405 0.0790619 0.0600457 0.00476436 8.85245E-4 0.56821 0.0156275 
0.438498 0.0622764 0.092074 0.00624473 0.00135559 0.368228 0.0313233 
0.12139 0.0466006 0.0236446 4.57849E-4 5.22373E-4 0.803621 0.00376399 
0.171205 0.0614829 0.0412845 6.42938E-4 0.00102564 0.718613 0.00574613 
0.279342 0.07573 0.0530862 0.00132597 0.00132165 0.578731 0.0104632 
0.271838 0.121301 0.0442788 0.00204241 0.00250782 0.537152 0.0208791 
0.45977 0.099918 0.052491 0.00885509 0.00303219 0.310758 0.0651755 
0.673404 0.0729102 0.0499334 0.010767 0.00266142 0.136331 0.0539934 
0.805983 0.0431533 0.044227 0.0179816 0.00135398 0.0446112 0.0426901 
0.802208 0.0499223 0.0436141 0.0116685 0.00223315 0.0576886 0.0326648 
0.821391 0.0554653 0.0461313 0.00950997 0.00147522 0.0360866 0.0299406 
0.770629 0.0392488 0.0760625 0.0264153 0.00156342 0.0556738 0.0304068 
0.709001 0.041342 0.0837003 0.0227245 0.00178185 0.110615 0.0308351 
0.522878 0.0228792 0.105557 0.039949 0.00208503 0.269204 0.037448 
0.648697 0.0330388 0.0551998 0.0250626 0.00257465 0.189899 0.0455284 
0.828597 0.0173083 0.0704938 0.00923551 8.15792E-4 0.0287198 0.0448302 
0.84207 0.0211337 0.0623378 0.00621968 0.00104705 0.0435937 0.0235984 
0.679258 0.0278692 0.0649408 0.00485718 0.001089 0.189395 0.0325905 
0.249801 0.0156069 0.0539486 0.00125944 3.76897E-4 0.661479 0.017528 
0.118333 0.0126783 0.0187818 3.06264E-4 2.60189E-4 0.842909 0.00673196 
0.226699 0.0240504 0.0292729 8.0689E-4 3.83347E-4 0.70533 0.0134571 
0.414646 0.0287532 0.0401062 0.00414663 0.00153168 0.450631 0.0601851 
0.779709 0.0220004 0.0702832 0.0117346 9.36411E-4 0.0648097 0.0505263 
0.791148 0.0190953 0.103568 0.0159592 6.3293E-4 0.0345981 0.0349986 
0.797149 0.0192677 0.0840794 0.00944385 9.11037E-4 0.0540089 0.0351403 
0.809287 0.0152632 0.0802872 0.0140823 0.0010891 0.0476784 0.0323126 
0.789376 0.0155326 0.086978 0.0268126 0.00111942 0.0458453 0.0343358 
0.77708 0.0189395 0.0812 0.0477311 0.00121731 0.0429139 0.0309183 
0.736529 0.0217682 0.0771636 0.0406356 0.00166945 0.0794627 0.0427712 
0.697632 0.0200864 0.0848195 0.0450809 0.00192549 0.10079 0.0496657 
0.783869 0.0183773 0.0743696 0.0320848 0.00142984 0.059818 0.0300518 
0.804976 0.0255879 0.0728884 0.027614 0.00111771 0.0418225 0.0259939 
0.795592 0.0247673 0.0799198 0.021257 0.0011876 0.0446527 0.032624 
0.769007 0.0327758 0.0728392 0.0254247 0.00118497 0.0661694 0.0325986 
0.767328 0.0296188 0.0752558 0.0194586 0.00125225 0.0711844 0.0359024 
0.774547 0.0356381 0.0612544 0.015701 0.00147186 0.0793045 0.0320829 
0.756905 0.0338259 0.0634584 0.022387 0.00147587 0.0921576 0.0297901 
0.75538 0.0312323 0.0770104 0.0225531 0.00124137 0.0820222 0.030561 
0.768091 0.0332318 0.0866863 0.0190148 9.99789E-4 0.0627556 0.0292207 
0.709784 0.0369358 0.075082 0.0173628 0.00134163 0.122899 0.0365951 
0.699434 0.0412448 0.0770103 0.0173265 0.00135433 0.123987 0.0396422 
0.787093 0.0380729 0.0638188 0.0207675 0.00133963 0.0630515 0.0258571 
0.742566 0.0367434 0.0632649 0.0215918 0.00166043 0.0984588 0.0357149 
0.757007 0.0622025 0.0551363 0.0243028 0.00158852 0.0704011 0.0293622 
0.784941 0.0650295 0.0520952 0.0242559 0.00156348 0.0481303 0.023985 
0.758128 0.0646211 0.0585296 0.0226898 0.00159346 0.0653838 0.0290541 
0.724269 0.0518791 0.0620617 0.0392699 0.00178253 0.0857941 0.0349438 
0.717939 0.0633604 0.0601193 0.0255363 0.00177524 0.0969728 0.0342966 
0.744771 0.0626506 0.05062 0.0278352 0.0019703 0.0807363 0.0314168 
0.685303 0.0683522 0.0537744 0.0285652 0.00214617 0.123144 0.0387147 
0.66224 0.0847713 0.0464064 0.0274724 0.00266049 0.136777 0.039672 
0.67191 0.0878392 0.045145 0.0404561 0.00287539 0.115534 0.0362411 
0.678204 0.0786074 0.0416677 0.0318069 0.00284019 0.1266 0.0402737 
0.63852 0.0966137 0.0427101 0.0394795 0.00334022 0.138371 0.0409652 
0.597353 0.0960384 0.0456495 0.0268514 0.00362623 0.178622 0.0518595 
0.620403 0.0795726 0.0443097 0.0533873 0.00312568 0.156485 0.0427168 
0.639647 0.0883835 0.0537002 0.0261031 0.00260489 0.141332 0.0482294 
0.647367 0.0687816 0.059579 0.0424921 0.00252992 0.132095 0.0471551 
0.702744 0.0808214 0.0469154 0.0427759 0.00241514 0.089609 0.0347188 
0.673923 0.0614681 0.0506836 0.0543983 0.00247056 0.115839 0.0412176 
0.697035 0.0720447 0.0472645 0.0427644 0.00275305 0.0981756 0.0399625 
0.698455 0.0875768 0.0414268 0.0311094 0.00270974 0.103419 0.0353037 
0.688683 0.0769479 0.0465342 0.0384993 0.00274068 0.102955 0.0436401 
0.645222 0.0959779 0.0474647 0.0412464 0.00311097 0.123257 0.0437202 
0.637982 0.118205 0.0532243 0.0392026 0.00267367 0.105641 0.0430724 
0.647494 0.0830846 0.062237 0.0572633 0.00243464 0.102148 0.0453391 
0.685593 0.0975923 0.0462487 0.0463993 0.00266771 0.0898712 0.0316276 
0.669898 0.0719502 0.0617797 0.0868199 0.00209267 0.0732219 0.0342378 
0.694923 0.070661 0.0532096 0.0534376 0.00233311 0.0907288 0.0347073 
0.684073 0.0681257 0.0564006 0.0600215 0.00238706 0.0871422 0.0418502 
0.662275 0.0782113 0.059156 0.0842158 0.00223934 0.0772291 0.0366734 
0.652835 0.0859635 0.0630313 0.0823831 0.00237855 0.0764826 0.0369261 
0.657381 0.0881131 0.0504957 0.057509 0.00296115 0.101246 0.0422933 
0.646874 0.0946846 0.0474584 0.0631419 0.00324564 0.107804 0.0367914 
0.666622 0.0717494 0.0550416 0.0460279 0.00252106 0.116864 0.0411738 
0.656274 0.0857043 0.0597613 0.0886508 0.00238653 0.0718008 0.0354219 
0.656511 0.074561 0.0562962 0.0864218 0.00251359 0.0905264 0.0331695 
0.652322 0.0712679 0.0619128 0.0870105 0.00244494 0.0873448 0.0376969 
0.708018 0.0656253 0.055808 0.0650686 0.00222275 0.0732028 0.0300548 
0.657061 0.0709447 0.055676 0.109999 0.00231836 0.0737499 0.0302508 
0.672247 0.0602926 0.070521 0.0866954 0.00220633 0.0659554 0.0420828 
0.705744 0.0536359 0.0531973 0.0656305 0.0023925 0.0820132 0.0373864 
0.751616 0.0483563 0.0452738 0.0734137 0.00238427 0.0525215 0.0264349 
0.779607 0.0357791 0.0497183 0.0655162 0.00191154 0.0411097 0.0263584 
0.678909 0.045275 0.0691849 0.12041 0.00218074 0.0546395 0.0294006 
0.723785 0.031519 0.06954 0.0769318 0.00205941 0.0587705 0.0373938 
0.76109 0.0331372 0.0634487 0.0722799 0.00211536 0.030122 0.0378073 
0.761442 0.0389936 0.065467 0.0618351 0.00188761 0.0392345 0.0311405 
0.776368 0.0338541 0.0584875 0.0513314 0.00200051 0.0495916 0.0283669 
0.748446 0.0296616 0.0647737 0.0560197 0.0020468 0.0623463 0.0367058 
0.824099 0.0242059 0.0490137 0.0223772 0.00251187 0.0490638 0.0287284 
0.799899 0.0169403 0.0763147 0.0356339 0.00197187 0.0364864 0.0327535 
0.762393 0.0183553 0.082941 0.025093 0.00126998 0.0593044 0.0506436 
8.14268E-5 0.708564 5.45365E-5 6.39021E-6 6.93669E-6 0.291241 4.58172E-5 
3.07671E-5 0.512291 1.25953E-5 1.2414E-6 2.80427E-6 0.48764 2.11882E-5 
4.23966E-5 0.535133 1.5956E-5 2.24336E-6 3.62037E-6 0.46478 2.29197E-5 
3.80428E-5 0.453893 1.80385E-5 3.61753E-6 3.81198E-6 0.546025 1.90366E-5 
4.19803E-5 0.502358 1.54647E-5 3.38579E-6 3.49761E-6 0.49756 1.782E-5 
4.10879E-5 0.343004 2.13016E-5 8.00262E-6 4.32304E-6 0.656913 8.40476E-6 
4.46949E-5 0.446087 2.43259E-5 7.11239E-6 6.46077E-6 0.553819 1.20372E-5 
3.40465E-4 0.541576 1.00234E-4 1.06561E-4 3.17722E-5 0.457831 1.42949E-5 
2.48715E-4 0.719215 1.09319E-5 3.58736E-5 2.41216E-5 0.280457 8.25908E-6 
7.97088E-5 0.837932 3.0422E-6 5.78488E-6 1.51116E-5 0.161955 9.96101E-6 
1.15419E-4 0.699811 2.74933E-5 1.83385E-5 7.1911E-6 0.300005 1.50394E-5 
3.80857E-5 0.864699 2.12745E-6 5.08221E-6 1.39082E-5 0.135234 7.50133E-6 
8.92567E-5 0.943923 2.46947E-5 2.13997E-5 1.25166E-5 0.0559237 5.95065E-6 
4.21906E-5 0.972235 5.23573E-6 7.64299E-6 9.20594E-6 0.0276965 4.69157E-6 
7.3051E-5 0.962035 9.49074E-6 1.47751E-5 1.08722E-5 0.0378516 5.274E-6 
1.44441E-4 0.943889 2.28801E-5 3.49808E-5 1.86098E-5 0.055883 7.56314E-6 
1.29737E-4 0.953953 1.57609E-5 3.02549E-5 1.67698E-5 0.0458497 5.12946E-6 
6.82478E-5 0.969541 6.92434E-6 1.34917E-5 9.3347E-6 0.0303566 3.98014E-6 
2.26531E-4 0.979065 8.78247E-5 1.91221E-4 2.73487E-5 0.0203192 8.33187E-5 
4.2853E-5 0.973673 6.47791E-6 8.20862E-6 1.10141E-5 0.026256 2.67073E-6 
3.2689E-4 0.975394 1.26189E-4 1.93316E-4 4.73226E-5 0.0238023 1.10467E-4 
3.00575E-4 0.976155 1.1367E-4 1.98345E-4 3.17624E-5 0.0230926 1.07847E-4 
4.9843E-5 0.974709 5.98887E-6 8.62845E-6 5.06635E-6 0.0252163 4.94093E-6 
2.50526E-4 0.976922 1.06476E-4 2.45392E-4 2.23795E-5 0.0223528 1.00011E-4 
9.36296E-5 0.958568 1.59294E-5 1.46287E-5 4.55525E-6 0.0412988 4.31005E-6 
7.8445E-5 0.967196 1.15166E-5 1.2168E-5 3.10557E-6 0.0326952 4.02882E-6 
1.64659E-4 0.979925 8.59069E-5 1.88832E-4 1.16503E-5 0.0195494 7.43504E-5 
1.30354E-4 0.981607 7.48907E-5 1.56348E-4 8.12433E-6 0.0179597 6.3907E-5 
2.57938E-4 0.976211 1.13596E-4 2.61396E-4 2.22127E-5 0.0230298 1.03567E-4 
7.42797E-5 0.956284 1.90769E-5 1.2969E-5 4.5031E-6 0.043601 4.41451E-6 
6.92578E-5 0.966959 9.94603E-6 1.14908E-5 4.86347E-6 0.0329422 3.4014E-6 
7.10348E-5 0.987981 3.13577E-5 6.93087E-5 1.56693E-5 0.0118022 2.93546E-5 
1.06476E-5 0.995312 5.04349E-6 1.02699E-5 5.85901E-6 0.00464984 5.95154E-6 
2.15464E-5 0.99358 9.13777E-6 2.08594E-5 6.71493E-6 0.00635187 1.01182E-5 
2.28255E-5 0.993262 1.03322E-5 2.31236E-5 6.51432E-6 0.00666498 1.00672E-5 
1.07301E-5 0.994685 6.77258E-6 1.36523E-5 4.53897E-6 0.00527114 7.85851E-6 
1.02454E-5 0.994902 6.11427E-6 1.28653E-5 4.31348E-6 0.00505785 7.04384E-6 
2.05303E-5 0.993015 1.11885E-5 2.47154E-5 5.26175E-6 0.00691046 1.30861E-5 
1.10334E-4 0.983427 5.83686E-5 1.30315E-4 9.18062E-6 0.0162093 5.55436E-5 
1.88961E-5 0.993022 1.12287E-5 2.3687E-5 5.46736E-6 0.00690723 1.19733E-5 
2.56116E-5 0.991997 1.47434E-5 3.18507E-5 7.91092E-6 0.00790779 1.47863E-5 
2.20656E-5 0.992928 1.15999E-5 2.5635E-5 6.85772E-6 0.00699195 1.34723E-5 
1.35465E-4 0.982152 7.03527E-5 1.54597E-4 1.82861E-5 0.017404 6.52573E-5 
1.02511E-5 0.994845 6.51486E-6 1.28644E-5 7.31756E-6 0.0051089 9.15185E-6 
5.57796E-6 0.996215 3.47695E-6 7.0447E-6 6.91333E-6 0.00375581 5.97817E-6 
5.31357E-6 0.996417 3.0558E-6 6.58194E-6 4.87484E-6 0.00355883 4.78181E-6 
1.14672E-5 0.994738 6.42081E-6 1.40706E-5 4.50958E-6 0.00521845 7.59742E-6 
1.6907E-6 0.997898 1.06616E-6 2.24889E-6 5.47792E-6 0.00208873 2.40203E-6 
2.66589E-6 0.997372 1.65438E-6 3.51786E-6 4.03275E-6 0.00261343 2.36185E-6 
1.01181E-5 0.995092 5.56533E-6 1.23289E-5 4.0045E-6 0.00486993 6.2428E-6 
8.26481E-6 0.995585 4.5808E-6 9.986E-6 4.24129E-6 0.00438259 4.91375E-6 
4.15796E-6 0.996712 2.57398E-6 5.45198E-6 4.07956E-6 0.00326872 2.91473E-6 
5.64988E-6 0.996298 3.20873E-6 7.02287E-6 3.38144E-6 0.00367896 4.12263E-6 
1.54006E-5 0.993726 9.30854E-6 1.92478E-5 3.82602E-6 0.00621587 1.0556E-5 
1.36927E-5 0.99402 8.4289E-6 1.7343E-5 4.19887E-6 0.00592751 8.71857E-6 
6.04125E-6 0.996009 3.83932E-6 7.7063E-6 5.4527E-6 0.00396332 4.62515E-6 
2.11673E-5 0.992841 1.1856E-5 2.58088E-5 4.8326E-6 0.00708313 1.19716E-5 
3.9728E-5 0.990249 2.1538E-5 4.74783E-5 6.16309E-6 0.00961643 1.98953E-5 
1.40616E-5 0.994123 8.08944E-6 1.74192E-5 6.38284E-6 0.00582311 8.21931E-6 
4.81355E-6 0.996467 2.99941E-6 6.30889E-6 6.00663E-6 0.00350993 3.38823E-6 
1.06979E-5 0.994842 6.26007E-6 1.34805E-5 4.83488E-6 0.005117 5.83102E-6 
2.22464E-5 0.992879 1.16513E-5 2.58196E-5 7.03742E-6 0.00704297 1.1638E-5 
9.21653E-6 0.995692 4.70525E-6 6.85241E-6 7.48434E-6 0.00427434 5.57044E-6 
5.75622E-5 0.989301 2.81056E-5 4.10718E-5 1.32513E-5 0.0105362 2.31405E-5 
1.11995E-4 0.985534 4.79613E-5 8.19076E-5 2.0623E-5 0.0141632 4.0309E-5 
7.73234E-5 0.987291 3.65041E-5 7.54418E-5 1.74894E-5 0.0124715 3.10412E-5 
5.12961E-5 0.989266 2.61999E-5 5.73952E-5 1.18912E-5 0.0105652 2.25299E-5 
1.1951E-4 0.982578 6.67928E-5 1.45183E-4 2.06124E-5 0.0170149 5.53486E-5 
5.62E-5 0.955603 2.25219E-5 1.68737E-5 9.15683E-6 0.0442883 4.42111E-6 
1.00922E-4 0.954024 3.68075E-5 2.52225E-5 1.21917E-5 0.0457862 1.46442E-5 
1.42256E-4 0.953767 3.20486E-5 3.49833E-5 1.11087E-5 0.0460006 1.21372E-5 
7.29117E-5 0.958256 1.91548E-5 1.29624E-5 8.4445E-6 0.041625 5.42182E-6 
9.81484E-5 0.947216 3.4249E-5 1.9869E-5 1.05332E-5 0.0526121 9.55372E-6 
1.97745E-4 0.93797 7.29879E-5 6.37033E-5 2.82008E-5 0.061643 2.39776E-5 
2.3782E-4 0.916461 1.03795E-4 6.26879E-5 2.85693E-5 0.0830818 2.42286E-5 
2.88126E-5 0.889361 4.24647E-6 4.78434E-6 8.73688E-6 0.110587 5.65583E-6 
1.23263E-4 0.926644 4.68345E-5 4.0436E-5 2.16288E-5 0.0731158 8.3074E-6 
9.84099E-5 0.939899 3.62923E-5 3.41105E-5 2.00212E-5 0.0599042 8.22371E-6 
1.04581E-4 0.936828 3.78953E-5 3.55027E-5 2.01187E-5 0.0629655 8.26421E-6 
9.23782E-5 0.951236 2.82274E-5 2.3357E-5 1.78752E-5 0.0485904 1.17137E-5 
0.0216109 0.898921 5.78063E-4 0.0725566 0.0038295 0.00110379 0.00140039 
0.00118162 0.994201 1.72956E-5 0.00299044 5.35488E-4 0.00100109 7.3096E-5 
2.0884E-6 0.997842 1.0284E-6 2.49357E-6 2.47867E-5 0.00211367 1.35363E-5 
8.66745E-6 0.99558 4.30729E-6 1.005E-5 7.48922E-6 0.00438136 7.83609E-6 
1.70599E-5 0.993973 8.02983E-6 1.88516E-5 5.79079E-6 0.005967 1.02833E-5 
1.39306E-4 0.983428 5.74733E-5 1.27753E-4 1.54322E-5 0.0161793 5.30972E-5 
1.85218E-4 0.981478 7.44035E-5 1.18298E-4 2.16373E-5 0.0180569 6.57544E-5 
3.46397E-5 0.970865 8.77461E-6 6.20554E-6 7.73556E-6 0.0290753 2.1781E-6 
3.51736E-5 0.969363 9.68493E-6 6.44222E-6 7.39728E-6 0.0305762 2.2935E-6 
1.30568E-4 0.934791 4.18131E-5 3.06526E-5 1.83785E-5 0.0649834 3.83665E-6 
3.78057E-5 0.974591 6.31841E-6 8.01814E-6 8.98258E-6 0.0253463 1.12254E-6 
2.73615E-4 0.977408 1.07814E-4 1.84622E-4 3.94173E-5 0.0218947 9.17888E-5 
6.63052E-5 0.989059 2.67248E-5 5.31816E-5 1.3618E-5 0.0107575 2.3943E-5 
4.58798E-5 0.990852 1.92271E-5 3.54306E-5 1.23313E-5 0.00901824 1.70734E-5 
5.29704E-5 0.989286 2.61759E-5 5.57543E-5 1.53941E-5 0.0105416 2.23487E-5 
1.80768E-4 0.979092 9.575E-5 1.88721E-4 4.5733E-5 0.0203207 7.59311E-5 
4.53387E-5 0.970333 7.75577E-6 1.14496E-5 1.37089E-5 0.0295879 1.05357E-6 
3.07459E-4 0.974874 1.34335E-4 2.56904E-4 6.17649E-5 0.0242587 1.07257E-4 
4.55597E-5 0.973114 6.87083E-6 1.1335E-5 1.04328E-5 0.0268098 1.48279E-6 
1.69266E-4 0.980675 8.1349E-5 1.73314E-4 4.03876E-5 0.0187951 6.56817E-5 
1.76209E-4 0.979722 9.0793E-5 1.69743E-4 4.23323E-5 0.0197285 7.07182E-5 
0.666085 0.00472276 0.196429 0.0144688 0.00120539 0.00807808 0.109011 
0.725737 0.00492159 0.164271 0.0149802 0.00149379 0.00897333 0.0796233 
0.684347 0.00470952 0.177404 0.0147995 0.00128018 0.0100865 0.107374 
0.682959 0.00481427 0.18224 0.0123903 0.00110517 0.00939516 0.107096 
0.701572 0.00418101 0.18919 0.0103294 0.00121564 0.00690925 0.0866027 
0.716536 0.00443026 0.18165 0.00960757 0.00114297 0.00782375 0.0788094 
0.686382 0.00458696 0.175064 0.0131627 0.00143785 0.0103996 0.108967 
0.654764 0.00422044 0.211074 0.0146804 0.00109625 0.00777296 0.106391 
0.681104 0.00408052 0.19701 0.0304388 0.0013504 0.0088329 0.0771833 
0.70537 0.00461574 0.179339 0.0143223 0.00121144 0.00763895 0.0875032 
0.734479 0.00439394 0.16284 0.0188574 0.00135014 0.00766138 0.0704176 
0.754998 0.00424647 0.157909 0.0167025 0.0023926 0.00679435 0.056957 
0.659587 0.00410879 0.203577 0.0169679 0.00172011 0.00691325 0.107126 
0.704463 0.00485818 0.187302 0.0120183 0.00167511 0.00651424 0.0831691 
0.68487 0.00436859 0.196584 0.0201879 0.00138284 0.00626437 0.086343 
0.675209 0.00410823 0.200017 0.0157424 0.00111776 0.00602834 0.0977777 
0.702001 0.0039969 0.20261 0.0126125 0.00112449 0.00416604 0.0734887 
0.712801 0.00402738 0.202786 0.0168 0.00104598 0.00362564 0.0589143 
0.710913 0.0035516 0.20391 0.0116807 9.10678E-4 0.00634743 0.0626875 
0.706913 0.00358982 0.202618 0.0181732 0.00103403 0.00679031 0.0608824 
0.701823 0.0035767 0.193777 0.0115735 0.00110574 0.00723202 0.0809125 
0.71339 0.00312652 0.196537 0.00798189 0.00110677 0.00544873 0.0724096 
0.705057 0.00362674 0.189129 0.0078359 8.25765E-4 0.00788488 0.0856409 
0.694456 0.00372031 0.199562 0.0125348 0.00157107 0.00589136 0.082265 
0.671386 0.00372203 0.204157 0.0130305 0.00164969 0.00682663 0.0992283 
0.694976 0.00340415 0.217612 0.0147239 0.00112168 0.00423374 0.0639284 
0.705071 0.00321092 0.201277 0.0140344 9.8217E-4 0.00515785 0.0702673 
0.706582 0.00359836 0.189376 0.00993911 0.00114639 0.00742478 0.0819332 
0.7243 0.00426203 0.176504 0.0189932 0.00112548 0.00521572 0.0696003 
0.707716 0.00417784 0.180782 0.0218358 0.00144339 0.00791409 0.0761305 
0.668225 0.0036886 0.211592 0.0149284 0.00141813 0.0057719 0.0943761 
0.682703 0.00415166 0.19999 0.0142631 0.00152387 0.00535509 0.0920133 
0.708721 0.00352083 0.193649 0.0158501 0.0013459 0.00664393 0.0702694 
0.67131 0.0032676 0.206987 0.00979371 0.00148748 0.00515519 0.101999 
0.677217 0.00390143 0.204772 0.016904 0.0013754 0.00575329 0.0900762 
0.644114 0.00344855 0.203154 0.00526948 0.00111496 0.00707419 0.135825 
0.680946 0.00380802 0.193468 0.00902345 0.00166809 0.00761002 0.103477 
0.668949 0.00365536 0.199346 0.00439436 0.00212292 0.00900564 0.112527 
0.639209 0.0034739 0.217547 0.00519801 0.00135007 0.0123208 0.120901 
0.696612 0.00352345 0.19224 0.00740628 0.00203453 0.00900599 0.089178 
0.719683 0.00360157 0.186116 0.00451574 0.00103727 0.00870205 0.0763447 
0.678435 0.00350795 0.201768 0.00565924 9.4105E-4 0.00796411 0.101725 
0.669217 0.00379975 0.200966 0.00898922 0.00139433 0.0109502 0.104684 
0.661937 0.00428017 0.183585 0.00490621 0.00201364 0.0146232 0.128655 
0.678647 0.0038379 0.186017 0.00483387 0.00151458 0.0119825 0.113167 
0.703134 0.00322017 0.191759 0.00384062 0.00133646 0.012856 0.0838532 
0.644523 0.00358514 0.193711 0.00472135 0.0014202 0.0141568 0.137883 
0.651793 0.00366932 0.196263 0.00439348 0.00144325 0.0148929 0.127545 
0.649906 0.00326274 0.210594 0.00439069 0.00115272 0.0138003 0.116894 
0.626911 0.00332898 0.215584 0.0045231 0.00122517 0.0111634 0.137265 
0.644697 0.00318168 0.204012 0.0074758 0.00124602 0.0109809 0.128407 
0.687359 0.0037875 0.189111 0.00662127 0.0021948 0.0109559 0.0999699 
0.636719 0.00335983 0.208967 0.00591344 0.00117937 0.0122196 0.131642 
0.681592 0.00326418 0.209753 0.00744922 8.77592E-4 0.00864702 0.0884177 
0.686605 0.00326147 0.204233 0.00615904 0.00128934 0.0101598 0.0882924 
0.597843 0.00330914 0.214239 0.00439131 0.00100603 0.01405 0.165161 
0.671247 0.00356509 0.2004 0.00483773 0.00103167 0.0107559 0.108162 
0.714856 0.00355397 0.179149 0.00797382 0.00113402 0.0108263 0.0825076 
0.668254 0.00366629 0.205719 0.0141458 9.03258E-4 0.00880872 0.0985029 
0.655274 0.00453537 0.191834 0.0341113 0.00146135 0.0106491 0.102135 
0.596623 0.00412488 0.200184 0.0177472 0.00105443 0.0144007 0.165866 
0.68554 0.00483744 0.175746 0.0277335 0.00229303 0.0110131 0.0928365 
0.677954 0.00462816 0.170884 0.0194848 0.00175766 0.0105883 0.114703 
0.688861 0.00396471 0.187675 0.0138016 0.00125269 0.00996656 0.094478 
0.703926 0.00454959 0.171001 0.0115809 0.00141063 0.00844976 0.0990819 
0.678431 0.00474194 0.174755 0.0144231 0.00192075 0.00975968 0.115968 
0.73603 0.00491284 0.165655 0.0114319 0.0015314 0.0075597 0.0728788 
0.704479 0.00453386 0.180953 0.0140426 0.00182449 0.00774071 0.0864266 
0.639553 0.00428248 0.197604 0.00904414 0.00195252 0.00994545 0.137618 
0.6701 0.00449966 0.188347 0.00819243 0.00207919 0.00968805 0.117094 
0.698631 0.00445437 0.17585 0.0101818 0.00177402 0.0105782 0.0985305 
0.689058 0.00517226 0.172105 0.0140475 0.00173441 0.0152326 0.102651 
0.686653 0.00469741 0.171169 0.0144826 0.00240855 0.0110557 0.109533 
0.706984 0.00454624 0.167982 0.00974967 0.0013894 0.00983574 0.0995127 
0.693007 0.00526713 0.172024 0.0166454 0.0013742 0.0114473 0.100235 
0.633191 0.00464257 0.200539 0.00907347 0.00110283 0.0103156 0.141135 
0.643785 0.0042848 0.192911 0.00812397 0.00128996 0.00961547 0.13999 
0.669569 0.0049276 0.176394 0.00903297 0.00173006 0.0108633 0.127483 
0.709925 0.00413505 0.173343 0.0166226 0.00126921 0.00857196 0.0861332 
0.702391 0.00483271 0.166182 0.0169517 0.00150525 0.010625 0.0975118 
0.725219 0.00473282 0.1613 0.0256012 0.00258383 0.0067644 0.0737995 
0.664082 0.00420926 0.185132 0.0107804 0.00148734 0.0107911 0.123517 
0.393907 0.00356548 0.321269 0.00380257 5.24249E-4 0.0379996 0.238933 
0.516516 0.00540673 0.31943 0.00715777 0.00141335 0.0374223 0.112654 
0.421102 0.00413884 0.384501 0.00414833 8.1737E-4 0.0955359 0.0897568 
0.359517 0.00737676 0.3273 0.00415244 0.00154744 0.26843 0.0316771 
0.501229 0.00661693 0.328732 0.00397617 0.0012287 0.100507 0.0577103 
0.379201 0.00523571 0.349214 0.00229363 9.58586E-4 0.166419 0.0966777 
0.410196 0.00677199 0.28605 0.00458506 0.00119366 0.222236 0.068967 
0.517607 0.00603142 0.261541 0.00670552 0.00118609 0.136298 0.0706302 
0.47406 0.00578715 0.259681 0.00622994 8.97358E-4 0.180544 0.0727999 
0.448365 0.00511394 0.264451 0.00481103 7.60062E-4 0.184186 0.0923133 
0.475587 0.0053717 0.203946 0.00310495 8.32736E-4 0.231684 0.0794741 
0.566359 0.00468613 0.274365 0.00378089 0.00117223 0.0983087 0.0513283 
0.415202 0.00369951 0.502633 0.00276445 0.00220618 0.0541205 0.0193746 
0.367161 0.00335474 0.56656 0.00161729 0.0019804 0.0429411 0.016385 
0.317677 0.00279 0.607509 0.00217039 0.00103208 0.0554268 0.0133941 
0.309712 0.00414515 0.599592 0.0043034 0.00205869 0.0614894 0.0186996 
0.246404 0.00287973 0.680259 0.00431285 0.00237816 0.0399698 0.0237972 
0.257127 0.00221805 0.675198 0.00204523 0.00124185 0.0385026 0.0236676 
0.211214 0.00182036 0.734131 0.00302045 8.19426E-4 0.0248757 0.0241194 
0.165552 0.00146341 0.78231 0.00340035 9.09436E-4 0.024804 0.0215605 
0.197958 0.00156425 0.743951 0.00674558 0.00113811 0.0238206 0.0248224 
0.169007 0.00136134 0.79113 0.0022641 0.00136725 0.0145313 0.0203396 
0.202558 0.00183667 0.748717 0.00520913 0.00149914 0.0219203 0.0182598 
0.211917 0.00178637 0.739407 0.00318634 0.00148392 0.0252666 0.016953 
0.198136 0.00145763 0.754471 0.00135009 6.18318E-4 0.0264469 0.0175199 
0.170373 0.00187544 0.782401 0.00279329 0.00173449 0.0256287 0.0151937 
0.194634 0.00171598 0.75702 8.58157E-4 0.00102321 0.0281155 0.0166338 
0.123565 0.00130228 0.842358 0.00118993 0.00112881 0.0121745 0.0182815 
0.101368 8.93805E-4 0.860231 0.00132706 2.93377E-4 0.0147736 0.0211129 
0.108166 9.59692E-4 0.861935 0.0021668 5.39122E-4 0.0113843 0.0148491 
0.146737 0.0020251 0.790648 0.00274418 0.0012634 0.0395666 0.0170153 
0.285445 0.00324534 0.475769 0.00116067 8.57121E-4 0.179936 0.0535872 
0.281762 0.00520762 0.398903 0.00437686 0.00269841 0.11511 0.191942 
0.459587 0.00421984 0.306956 0.00464769 0.00231603 0.0369829 0.18529 
0.523078 0.00409231 0.307078 0.0044127 0.00158005 0.0421211 0.117637 
0.639125 0.00441799 0.198242 0.00704106 6.43041E-4 0.0157342 0.134797 
0.600076 0.00445319 0.244149 0.00693939 8.98555E-4 0.0198989 0.123585 
0.594682 0.00477414 0.246355 0.007161 9.13805E-4 0.0289048 0.11721 
0.599748 0.00494242 0.261231 0.0106585 0.00109331 0.0340033 0.0883243 
0.535195 0.00516131 0.297081 0.00614902 0.00147563 0.0850317 0.0699055 
0.538035 0.004646 0.326789 0.00370264 0.00143643 0.0748524 0.0505387 
0.576729 0.00710356 0.26816 0.00205728 0.00132874 0.10342 0.0412018 
0.49971 0.00621482 0.306184 0.00196935 0.00119516 0.130666 0.0540602 
0.50578 0.00502424 0.335443 0.00215623 9.34554E-4 0.104611 0.0460509 
0.44742 0.00575052 0.330424 0.00177734 9.93084E-4 0.165719 0.0479163 
0.469024 0.0053224 0.232708 0.00124692 7.14502E-4 0.23841 0.0525739 
0.476865 0.00445792 0.31299 0.00169358 7.91251E-4 0.149176 0.0540258 
0.498169 0.00554915 0.215388 0.00214822 8.23513E-4 0.215313 0.0626098 
0.434037 0.00504543 0.274297 0.00129132 7.78377E-4 0.174227 0.110324 
0.382075 0.00411079 0.324248 0.00207841 5.37705E-4 0.1871 0.0998497 
0.463285 0.00448269 0.286285 0.00217003 8.68178E-4 0.164656 0.0782533 
0.435466 0.00514799 0.273559 0.00207554 0.00136511 0.17802 0.104367 
0.410315 0.00399343 0.297784 0.0023044 8.11615E-4 0.112854 0.171938 
0.450182 0.00334347 0.337814 0.00475263 6.38425E-4 0.0937391 0.10953 
0.494714 0.00434711 0.291993 0.00902405 8.30196E-4 0.066777 0.132315 
0.565514 0.00398609 0.293984 0.00882736 7.23647E-4 0.0483158 0.0786489 
0.640164 0.00492304 0.231781 0.0114217 0.00138483 0.0427099 0.0676155 
0.526928 0.00358763 0.29382 0.00535931 5.60119E-4 0.0422627 0.127482 
0.448911 0.0044323 0.282222 0.00719228 5.10639E-4 0.0806774 0.176055 
0.583037 0.00551806 0.219163 0.00635288 8.03078E-4 0.0750824 0.110044 
0.616484 0.006342 0.213589 0.00652834 0.00154576 0.0601039 0.0954067 
0.557652 0.00510323 0.243028 0.00769026 0.0012611 0.0767036 0.108562 
0.547037 0.00526692 0.228027 0.0039687 0.00137663 0.0935189 0.120805 
0.595845 0.00554436 0.22689 0.0100583 0.00167477 0.0646522 0.095335 
0.585589 0.00487973 0.246153 0.0144088 0.00135381 0.0525312 0.095084 
0.629659 0.00458351 0.23128 0.00592051 0.00131153 0.0384694 0.0887762 
0.624369 0.00394583 0.244414 0.00775642 0.00115493 0.0310541 0.0873065 
0.621328 0.00402708 0.240074 0.0089786 0.00113886 0.0369011 0.0875519 
0.613863 0.00405107 0.242904 0.0059281 8.56851E-4 0.033844 0.0985529 
0.636671 0.00444329 0.237575 0.00611023 0.00100946 0.0347205 0.0794699 
0.62494 0.00400385 0.229263 0.00336688 5.9723E-4 0.0474883 0.0903405 
0.592221 0.00422802 0.229061 0.00388724 6.69364E-4 0.0559949 0.113939 
0.61143 0.00423719 0.233359 0.00453076 8.00326E-4 0.0474723 0.098171 
0.58708 0.00412342 0.239369 0.00328785 5.93839E-4 0.0457813 0.119765 
0.592888 0.00469784 0.236805 0.0055049 9.36602E-4 0.0432945 0.115873 
0.592314 0.00400024 0.25227 0.00553336 9.31801E-4 0.029211 0.115739 
0.61981 0.00378687 0.234725 0.00810781 8.55185E-4 0.0308737 0.101841 
0.579639 0.00437911 0.234257 0.0133077 0.00124101 0.0374781 0.129699 
0.609999 0.00425236 0.244421 0.00579416 0.00124773 0.0416413 0.0926437 
0.528883 0.0046973 0.252924 0.00465144 0.00132913 0.0500533 0.157462 
0.546017 0.00407472 0.251626 0.00585312 7.21415E-4 0.0448305 0.146877 
0.575464 0.00460016 0.231692 0.00501829 0.00114873 0.0451469 0.13693 
0.689893 0.00428325 0.19421 0.00553398 0.00114077 0.0289216 0.0760173 
0.682576 0.00444158 0.200621 0.00860792 0.00111303 0.0279374 0.0747024 
0.637625 0.0037588 0.219002 0.0056207 7.03598E-4 0.0263948 0.106895 
0.661047 0.00378085 0.211673 0.00658345 9.97779E-4 0.0237121 0.0922059 
0.625492 0.00382545 0.221768 0.00711673 0.00132122 0.0200359 0.12044 
0.639791 0.00402403 0.213191 0.00540823 0.00106499 0.0193315 0.11719 
0.62208 0.00461643 0.219934 0.00560831 0.0010452 0.0292116 0.117504 
0.599135 0.00357086 0.238307 0.00589301 7.57325E-4 0.0233356 0.129002 
0.61431 0.00381658 0.240728 0.0066196 7.32731E-4 0.0238909 0.109903 
0.603173 0.0035642 0.21539 0.00620571 0.00102208 0.0320828 0.138562 
0.584713 0.00360185 0.222078 0.00553083 7.55438E-4 0.0313458 0.151975 
0.56426 0.003677 0.236685 0.00409942 9.36588E-4 0.0348828 0.155459 
0.524493 0.00389177 0.232418 0.00456168 0.00109176 0.0352997 0.198244 
0.560318 0.00408419 0.220704 0.00542816 0.00100698 0.034556 0.173902 
0.623255 0.00396499 0.205158 0.0050924 8.63606E-4 0.0238284 0.137837 
0.616093 0.00456756 0.187035 0.0045833 0.00115746 0.026206 0.160358 
0.588804 0.00377387 0.215369 0.00662905 0.001054 0.0178058 0.166564 
0.531474 0.00463839 0.20598 0.00558596 9.11077E-4 0.0326325 0.218778 
0.609831 0.00398993 0.205019 0.0062387 8.53971E-4 0.0204855 0.153583 
0.572401 0.00515419 0.189186 0.00769224 0.00215845 0.0302747 0.193133 
0.593775 0.00461605 0.188945 0.00603542 0.00131631 0.0236191 0.181693 
0.533142 0.00437428 0.208867 0.00584275 7.73169E-4 0.0234775 0.223523 
0.588707 0.00414708 0.197627 0.00673672 8.20143E-4 0.0217513 0.180211 
0.588059 0.00508246 0.179689 0.00726932 0.0010105 0.0305338 0.188355 
0.530716 0.00420707 0.220412 0.00921636 6.51413E-4 0.0197706 0.215026 
0.600827 0.00387732 0.216333 0.0116721 5.80666E-4 0.0143151 0.152395 
0.592797 0.00388562 0.215424 0.00502486 4.08599E-4 0.0127124 0.169748 
0.48842 0.00422053 0.221231 0.00769038 6.09013E-4 0.0168026 0.261027 
0.616455 0.00407857 0.184965 0.00724888 7.03032E-4 0.0201764 0.166373 
0.591348 0.00446419 0.179389 0.00858765 0.0011755 0.0202631 0.194772 
0.623263 0.00467096 0.179189 0.0107225 0.00122942 0.0186908 0.162234 
0.616775 0.00461648 0.175653 0.0101339 0.00101369 0.0204955 0.171313 
0.657912 0.00403605 0.188097 0.00959134 9.38654E-4 0.0204917 0.118933 
0.656101 0.00410718 0.190585 0.0117945 9.9677E-4 0.0151686 0.121247 
0.673112 0.00457337 0.184298 0.0124929 8.89134E-4 0.0186915 0.105943 
0.72711 0.00465538 0.154355 0.0101617 9.74238E-4 0.0128365 0.0899068 
0.685302 0.00467859 0.164247 0.00858704 8.43719E-4 0.0156317 0.12071 
0.731953 0.00483952 0.146204 0.0134619 0.00103887 0.010537 0.0919659 
0.684526 0.00457366 0.172756 0.0152649 7.1012E-4 0.0138036 0.108366 
0.679461 0.00413846 0.176833 0.0145651 8.73999E-4 0.0121683 0.11196 
0.722172 0.00493093 0.168966 0.0220471 0.00114284 0.00886745 0.0718739 
0.684033 0.00485635 0.174217 0.0178288 9.63417E-4 0.0129121 0.10519 
0.614966 0.00505626 0.188223 0.0181497 8.51098E-4 0.0192983 0.153456 
0.690787 0.00436467 0.177103 0.0107648 0.0011468 0.0124813 0.103352 
0.638968 0.00506688 0.185694 0.0199661 0.00100706 0.0149769 0.134321 
0.616908 0.00441583 0.209833 0.0162867 6.63828E-4 0.0170481 0.134844 
0.659608 0.00446652 0.209774 0.0216356 8.16896E-4 0.0120929 0.0916061 
0.636408 0.00475686 0.19648 0.0113743 6.9184E-4 0.0171917 0.133096 
0.704401 0.00522532 0.16136 0.0152543 9.33908E-4 0.0162679 0.0965573 
0.57905 0.00499129 0.182872 0.00877048 6.41904E-4 0.0289969 0.194678 
0.58698 0.00535154 0.169577 0.00789091 7.61888E-4 0.0324088 0.197029 
0.620335 0.00487898 0.173509 0.00905586 0.00101943 0.0222268 0.168975 
0.633148 0.00516204 0.17752 0.0147731 0.00178979 0.0237299 0.143877 
0.697473 0.00456338 0.173653 0.0154467 0.00138992 0.01511 0.092364 
0.668935 0.00425461 0.184824 0.014248 0.00116307 0.0180753 0.1085 
0.657269 0.00480158 0.175145 0.0151287 0.00119757 0.0277755 0.118683 
0.658009 0.00459794 0.179396 0.00866473 0.00137968 0.0243031 0.12365 
0.700118 0.00475099 0.181294 0.0135091 0.00117134 0.0249831 0.0741733 
0.657351 0.00525244 0.189343 0.0295527 0.00156626 0.0235039 0.0934315 
0.684061 0.00456753 0.192443 0.0153992 0.00120413 0.0231366 0.079189 
0.65824 0.00362462 0.223509 0.0108592 8.66492E-4 0.019142 0.083759 
0.658492 0.00483765 0.205069 0.0289879 0.00160405 0.0191206 0.0818892 
0.691648 0.00525367 0.172636 0.0226153 0.00143429 0.0261657 0.0802471 
0.676018 0.00548842 0.180164 0.0328266 0.001513 0.0221867 0.0818038 
0.647621 0.00496534 0.201357 0.0219865 9.70872E-4 0.0242981 0.0988006 
0.684989 0.00468294 0.193326 0.0205552 0.00113962 0.018745 0.0765619 
