0.786666 0.0225759 0.0299555 0.130333 0.00644097 0.00171777 0.0223116 
0.782518 0.0204167 0.0296976 0.144048 0.00655301 0.00163534 0.0151318 
0.807539 0.0221095 0.0314695 0.113738 0.00548058 0.00170994 0.0179536 
0.807528 0.0245605 0.02847 0.113759 0.00712295 0.00164857 0.0169109 
0.783865 0.0222771 0.0281486 0.140304 0.00768868 0.00156021 0.0161566 
0.795799 0.0221267 0.029009 0.128769 0.00627687 0.00174727 0.0162723 
0.754594 0.0205341 0.0286952 0.173106 0.00742716 0.00152536 0.014118 
0.764332 0.0177519 0.0327518 0.162971 0.00616102 0.00146697 0.0145654 
0.757091 0.021768 0.0265452 0.174211 0.00795931 0.0014316 0.0109937 
0.767859 0.0230814 0.0272593 0.159828 0.00733053 0.00127712 0.0133653 
0.754848 0.0213583 0.0359497 0.158787 0.00674299 0.00115803 0.021156 
0.734407 0.0205856 0.0259851 0.195494 0.00973625 0.00126478 0.0125277 
0.773423 0.0271862 0.0253765 0.151601 0.00722449 0.00138437 0.013805 
0.775622 0.0194664 0.0317867 0.144455 0.00721852 0.00167597 0.0197759 
0.714343 0.0212298 0.030707 0.208746 0.00794992 0.00111323 0.0159116 
0.81993 0.0180772 0.0374384 0.0846087 0.00689316 0.00178453 0.0312684 
0.8044 0.0172411 0.0386238 0.109205 0.00495115 0.00178096 0.0237978 
0.800105 0.0157605 0.0409905 0.111406 0.00539826 0.00165087 0.0246881 
0.755908 0.0145376 0.0502295 0.142211 0.00374413 0.00201502 0.031354 
0.810887 0.01499 0.0398532 0.104953 0.00444816 0.00169369 0.0231749 
0.823883 0.0160325 0.0403653 0.0894243 0.00368538 0.00206116 0.0245482 
0.834664 0.0177421 0.0388175 0.0763731 0.00356662 0.00206887 0.0267678 
0.709333 0.0155043 0.0452529 0.201518 0.00403614 0.00167304 0.0226823 
0.710314 0.0139086 0.0489231 0.199147 0.0035787 0.00167249 0.0224565 
0.735981 0.0149978 0.039868 0.177194 0.00495723 0.00193052 0.0250711 
0.793482 0.0133724 0.0461269 0.115762 0.00363168 0.00232058 0.0253039 
0.795549 0.0136217 0.041684 0.120581 0.00441167 0.00175925 0.0223934 
0.768719 0.0150247 0.0392146 0.147634 0.00495658 0.0017712 0.0226798 
0.774541 0.0182783 0.0369619 0.143593 0.00445529 0.00164567 0.0205251 
0.734025 0.0173508 0.0357892 0.18992 0.00467473 0.00145673 0.0167827 
0.766609 0.0152747 0.0441325 0.147383 0.00403239 0.00159825 0.0209699 
0.715117 0.0165566 0.0350254 0.210063 0.00537845 0.00168199 0.0161771 
0.839367 0.0237369 0.0271942 0.0406093 0.00562306 0.00230296 0.0611665 
0.848157 0.0234701 0.0281141 0.0403133 0.00506173 0.00209554 0.0527879 
0.839514 0.0258696 0.0266208 0.047013 0.00573604 0.00192343 0.0533231 
0.85683 0.0249646 0.0260127 0.0409143 0.00595399 0.00203391 0.0432905 
0.843134 0.0226269 0.0284019 0.0425304 0.00494222 0.00202771 0.056337 
0.839468 0.0220179 0.0292921 0.0413919 0.00542892 0.00203882 0.0603622 
0.847843 0.0192568 0.031148 0.0454058 0.0043678 0.00183243 0.0501458 
0.838337 0.0204157 0.0284886 0.0599987 0.0051881 0.00166757 0.0459039 
0.832697 0.0217563 0.028564 0.05227 0.00535203 0.00191953 0.0574412 
0.836899 0.0231757 0.0263454 0.0457812 0.00671307 0.0021127 0.0589731 
0.840734 0.0225582 0.0256047 0.0558545 0.00619642 0.0019994 0.047053 
0.83597 0.0232386 0.0260267 0.0470122 0.00609017 0.00212184 0.0595402 
0.825202 0.0225712 0.0255331 0.0588487 0.00656979 0.00192854 0.059347 
0.818659 0.0210499 0.026421 0.0726176 0.00824146 0.00136291 0.051648 
0.828708 0.023852 0.0229068 0.0646344 0.00968442 0.00171059 0.0485043 
0.835991 0.0224424 0.02466 0.0655495 0.00727199 0.00145849 0.0426265 
0.836102 0.0219287 0.0258714 0.0514557 0.00697646 0.00194364 0.0557216 
0.844038 0.0211372 0.0265635 0.0491078 0.00628318 0.0019013 0.0509686 
0.855386 0.0215649 0.0239954 0.0451011 0.00918057 0.00179558 0.0429767 
0.852885 0.0220729 0.0236523 0.0481844 0.00928069 0.00195268 0.0419719 
0.860461 0.0224042 0.0224852 0.0446293 0.0108039 0.00166549 0.0375511 
0.84975 0.0204467 0.0249064 0.0459728 0.00982832 0.001724 0.0473716 
0.837005 0.0182842 0.0262503 0.0555622 0.010308 0.00176079 0.0508292 
0.860727 0.0234826 0.0225868 0.0371916 0.0121543 0.00184879 0.0420093 
0.868482 0.0228792 0.0256367 0.0298019 0.00674087 0.00222639 0.0442327 
0.869264 0.0276169 0.0244732 0.031646 0.00725226 0.0020179 0.0377293 
0.859133 0.0223588 0.0294132 0.0236307 0.0058183 0.00217085 0.0574757 
0.866311 0.0237501 0.0279729 0.023786 0.00700519 0.0020988 0.0490763 
0.863189 0.0244709 0.028469 0.0211578 0.00620421 0.00232294 0.0541862 
0.848177 0.0166369 0.0307607 0.0281788 0.00622575 0.00312103 0.0668996 
0.831114 0.0187118 0.0319077 0.0256278 0.00867922 0.00246813 0.0814915 
0.831205 0.0162751 0.0358058 0.0261218 0.00654437 0.00212458 0.0819231 
0.827184 0.01716 0.0340621 0.0283325 0.00792596 0.00199512 0.0833408 
0.851045 0.0191633 0.0293607 0.0302198 0.00967734 0.00188711 0.0586467 
0.850185 0.0175663 0.0300175 0.0331802 0.00744473 0.00196038 0.0596458 
0.834258 0.0189245 0.0314174 0.0366445 0.00804622 0.00183579 0.0688739 
0.837788 0.0193495 0.0274622 0.0557025 0.00771505 0.0019183 0.0500649 
0.845478 0.0169009 0.0298043 0.0404468 0.00759953 0.0017573 0.0580129 
0.849146 0.019503 0.0268977 0.0449369 0.0107887 0.00153983 0.047188 
0.834053 0.0205797 0.028209 0.0494378 0.00818702 0.00169827 0.0578352 
0.839992 0.0204663 0.0263624 0.0552718 0.00935893 0.00153722 0.0470116 
0.829981 0.0162917 0.0295656 0.062699 0.00786094 0.00137835 0.0522229 
0.84292 0.0194416 0.0253635 0.0561168 0.00901187 0.00145503 0.0456907 
0.851702 0.0200081 0.0216148 0.0569226 0.011573 0.00142559 0.0367539 
0.869457 0.0244559 0.0210539 0.0371187 0.0103799 0.001829 0.0357053 
0.856274 0.0233403 0.0226414 0.0404221 0.00984944 0.00189148 0.0455811 
0.851553 0.0211995 0.0258568 0.0368926 0.00908993 0.00195636 0.053452 
0.853382 0.0201464 0.0255244 0.0460499 0.00912181 0.00190055 0.0438749 
0.858764 0.0212677 0.0244634 0.0385082 0.00986807 0.00215582 0.0449727 
0.8597 0.0185682 0.0272902 0.0416497 0.0072832 0.00199771 0.0435107 
0.866571 0.0202369 0.0271952 0.0327032 0.00749587 0.00197444 0.0438235 
0.839367 0.0237369 0.0271942 0.0406093 0.00562306 0.00230296 0.0611665 
0.848157 0.0234701 0.0281141 0.0403133 0.00506173 0.00209554 0.0527879 
0.839514 0.0258696 0.0266208 0.047013 0.00573604 0.00192343 0.0533231 
0.85683 0.0249646 0.0260127 0.0409143 0.00595399 0.00203391 0.0432905 
0.843134 0.0226269 0.0284019 0.0425304 0.00494222 0.00202771 0.056337 
0.839468 0.0220179 0.0292921 0.0413919 0.00542892 0.00203882 0.0603622 
0.847843 0.0192568 0.031148 0.0454058 0.0043678 0.00183243 0.0501458 
0.838337 0.0204157 0.0284886 0.0599987 0.0051881 0.00166757 0.0459039 
0.832697 0.0217563 0.028564 0.05227 0.00535203 0.00191953 0.0574412 
0.836899 0.0231757 0.0263454 0.0457812 0.00671307 0.0021127 0.0589731 
0.840734 0.0225582 0.0256047 0.0558545 0.00619642 0.0019994 0.047053 
0.83597 0.0232386 0.0260267 0.0470122 0.00609017 0.00212184 0.0595402 
0.825202 0.0225712 0.0255331 0.0588487 0.00656979 0.00192854 0.059347 
0.818659 0.0210499 0.026421 0.0726176 0.00824146 0.00136291 0.051648 
0.828708 0.023852 0.0229068 0.0646344 0.00968442 0.00171059 0.0485043 
0.835991 0.0224424 0.02466 0.0655495 0.00727199 0.00145849 0.0426265 
0.836102 0.0219287 0.0258714 0.0514557 0.00697646 0.00194364 0.0557216 
0.844038 0.0211372 0.0265635 0.0491078 0.00628318 0.0019013 0.0509686 
0.855386 0.0215649 0.0239954 0.0451011 0.00918057 0.00179558 0.0429767 
0.852885 0.0220729 0.0236523 0.0481844 0.00928069 0.00195268 0.0419719 
0.860461 0.0224042 0.0224852 0.0446293 0.0108039 0.00166549 0.0375511 
0.84975 0.0204467 0.0249064 0.0459728 0.00982832 0.001724 0.0473716 
0.837005 0.0182842 0.0262503 0.0555622 0.010308 0.00176079 0.0508292 
0.860727 0.0234826 0.0225868 0.0371916 0.0121543 0.00184879 0.0420093 
0.868482 0.0228792 0.0256367 0.0298019 0.00674087 0.00222639 0.0442327 
0.869264 0.0276169 0.0244732 0.031646 0.00725226 0.0020179 0.0377293 
0.859133 0.0223588 0.0294132 0.0236307 0.0058183 0.00217085 0.0574757 
0.866311 0.0237501 0.0279729 0.023786 0.00700519 0.0020988 0.0490763 
0.863189 0.0244709 0.028469 0.0211578 0.00620421 0.00232294 0.0541862 
0.848177 0.0166369 0.0307607 0.0281788 0.00622575 0.00312103 0.0668996 
0.831114 0.0187118 0.0319077 0.0256278 0.00867922 0.00246813 0.0814915 
0.831205 0.0162751 0.0358058 0.0261218 0.00654437 0.00212458 0.0819231 
0.827184 0.01716 0.0340621 0.0283325 0.00792596 0.00199512 0.0833408 
0.851045 0.0191633 0.0293607 0.0302198 0.00967734 0.00188711 0.0586467 
0.850185 0.0175663 0.0300175 0.0331802 0.00744473 0.00196038 0.0596458 
0.834258 0.0189245 0.0314174 0.0366445 0.00804622 0.00183579 0.0688739 
0.837788 0.0193495 0.0274622 0.0557025 0.00771505 0.0019183 0.0500649 
0.845478 0.0169009 0.0298043 0.0404468 0.00759953 0.0017573 0.0580129 
0.849146 0.019503 0.0268977 0.0449369 0.0107887 0.00153983 0.047188 
0.834053 0.0205797 0.028209 0.0494378 0.00818702 0.00169827 0.0578352 
0.839992 0.0204663 0.0263624 0.0552718 0.00935893 0.00153722 0.0470116 
0.829981 0.0162917 0.0295656 0.062699 0.00786094 0.00137835 0.0522229 
0.84292 0.0194416 0.0253635 0.0561168 0.00901187 0.00145503 0.0456907 
0.851702 0.0200081 0.0216148 0.0569226 0.011573 0.00142559 0.0367539 
0.869457 0.0244559 0.0210539 0.0371187 0.0103799 0.001829 0.0357053 
0.856274 0.0233403 0.0226414 0.0404221 0.00984944 0.00189148 0.0455811 
0.851553 0.0211995 0.0258568 0.0368926 0.00908993 0.00195636 0.053452 
0.853382 0.0201464 0.0255244 0.0460499 0.00912181 0.00190055 0.0438749 
0.858764 0.0212677 0.0244634 0.0385082 0.00986807 0.00215582 0.0449727 
0.8597 0.0185682 0.0272902 0.0416497 0.0072832 0.00199771 0.0435107 
0.866571 0.0202369 0.0271952 0.0327032 0.00749587 0.00197444 0.0438235 
0.818893 0.0291431 0.0224763 0.105563 0.00357364 0.00210612 0.0182453 
0.804725 0.0313686 0.0249117 0.114968 0.00300282 0.00182097 0.0192035 
0.808429 0.0235132 0.027023 0.115319 0.00353618 0.00152546 0.0206539 
0.829663 0.0257737 0.0256785 0.0910522 0.00363082 0.0017978 0.0224043 
0.824443 0.0247411 0.0249123 0.101591 0.00354119 0.00157546 0.0191956 
0.802141 0.0267818 0.0244302 0.121814 0.00358359 0.00171517 0.0195343 
0.832046 0.0252725 0.0281638 0.0882999 0.00328498 0.00171814 0.0212147 
0.826286 0.0228823 0.0276905 0.0911928 0.00266264 0.00204014 0.0272454 
0.831499 0.0245864 0.0269742 0.0868517 0.00257489 0.00187732 0.025637 
0.799181 0.0240422 0.0301069 0.119293 0.00229678 0.00194922 0.0231309 
0.793608 0.0228433 0.0292212 0.127806 0.00255133 0.00154258 0.0224279 
0.825497 0.019725 0.0309931 0.0942107 0.00245564 0.00170452 0.0254144 
0.821263 0.0207751 0.0317321 0.101418 0.00229408 0.00176479 0.0207531 
0.800253 0.0216645 0.0306956 0.120862 0.00234843 0.0016503 0.0225257 
0.82078 0.0232868 0.02759 0.103295 0.00271609 0.00168834 0.0206435 
0.809362 0.0236009 0.027455 0.111471 0.00324051 0.00139234 0.0234775 
0.815975 0.0221969 0.0297079 0.10434 0.00280069 0.00158856 0.0233907 
0.81725 0.023452 0.0292866 0.101044 0.00338651 0.00143237 0.0241479 
0.800122 0.0232656 0.0287182 0.124557 0.00305839 0.001552 0.0187276 
0.796212 0.0252699 0.0303964 0.125064 0.00254774 0.0015228 0.0189867 
0.793559 0.0248796 0.0275665 0.133451 0.00271753 0.00143256 0.0163938 
0.779403 0.0233179 0.026279 0.148201 0.00345758 0.00115003 0.0181911 
0.812458 0.0245368 0.0241291 0.109813 0.00435761 0.00134304 0.0233627 
0.780423 0.0240725 0.0223925 0.150738 0.00459825 0.00123523 0.0165403 
0.812791 0.0225438 0.026078 0.112933 0.0032368 0.00165006 0.0207668 
0.80412 0.0256126 0.0269656 0.118479 0.00279033 0.00159424 0.0204388 
0.799027 0.0237743 0.0300202 0.116238 0.00269309 0.00156253 0.0266855 
0.800351 0.0248532 0.0315206 0.116732 0.00275213 0.00139602 0.0223944 
0.803743 0.022996 0.0312332 0.114909 0.0027287 0.00149543 0.0228947 
0.800069 0.0252717 0.0280053 0.120397 0.00293929 0.00152969 0.0217885 
0.827889 0.0264081 0.0266207 0.0912788 0.00280332 0.00181823 0.0231817 
0.811428 0.0290989 0.0292643 0.101306 0.00251137 0.0018083 0.0245823 
0.798078 0.0290221 0.0302367 0.111443 0.00266622 0.00193649 0.0266182 
0.79439 0.0283565 0.0293009 0.117049 0.00265715 0.00172238 0.0265245 
0.567849 0.188483 0.0102053 0.201019 0.0151894 0.00286679 0.0143882 
0.583222 0.193711 0.0115415 0.181273 0.0115605 0.00310547 0.0155869 
0.570163 0.199093 0.0100881 0.187145 0.0162446 0.0032448 0.0140214 
0.546688 0.169135 0.010592 0.24198 0.0153798 0.00307283 0.0131535 
0.562806 0.165478 0.0108352 0.231676 0.0141097 0.00285477 0.0122403 
0.608703 0.148318 0.012347 0.204896 0.0109371 0.00289348 0.0119051 
0.574061 0.147021 0.0118235 0.24137 0.0112992 0.00275229 0.0116732 
0.55705 0.140265 0.0116561 0.266164 0.0112762 0.00276368 0.0108241 
0.577964 0.151489 0.0112532 0.231373 0.0130821 0.00286241 0.0119772 
0.561213 0.153371 0.0129224 0.24652 0.0102132 0.00317168 0.0125882 
0.606671 0.159757 0.0121604 0.188451 0.0125648 0.00424445 0.0161515 
0.637841 0.184123 0.0129822 0.130377 0.0122918 0.00416835 0.0182168 
0.627157 0.127037 0.0137049 0.199992 0.00997108 0.0038391 0.0182988 
0.625488 0.100539 0.0133408 0.229632 0.0122629 0.00304907 0.0156888 
0.690801 0.0996699 0.0158285 0.156252 0.0128731 0.00314948 0.0214252 
0.701683 0.124476 0.0132837 0.12066 0.0169142 0.00312769 0.0198564 
0.726523 0.117049 0.0134396 0.103765 0.0140173 0.00319321 0.0220126 
0.778228 0.0884072 0.0157117 0.0746996 0.0117293 0.00328571 0.0279387 
0.746572 0.0596111 0.0158495 0.128617 0.0153475 0.00218834 0.0318144 
0.746968 0.0822435 0.0143044 0.118675 0.015555 0.00177578 0.0204785 
0.737411 0.0915886 0.0143074 0.111757 0.0126471 0.00285315 0.0294363 
0.749586 0.0899588 0.0175253 0.102804 0.00728646 0.00276587 0.0300737 
0.71085 0.138211 0.0140147 0.104673 0.00688768 0.00348931 0.021874 
0.745551 0.114181 0.0183541 0.0896708 0.00516374 0.00412406 0.022956 
0.761811 0.0990011 0.0200569 0.0854214 0.00514978 0.00341362 0.0251457 
0.706813 0.168503 0.0165988 0.064469 0.00626385 0.00520262 0.0321497 
0.66948 0.211177 0.0131579 0.0631378 0.00693914 0.00597983 0.0301285 
0.572776 0.206007 0.0182486 0.171642 0.00451307 0.00383044 0.0229828 
0.390444 0.339301 0.0127067 0.230409 0.00402214 0.0033555 0.0197626 
0.284281 0.393305 0.00676725 0.279557 0.00717815 0.00301245 0.0259 
0.185423 0.582604 0.00278579 0.200257 0.0118062 0.00258313 0.0145405 
0.159183 0.342945 0.00662093 0.457703 0.0114685 0.0027634 0.0193164 
0.141031 0.32794 0.00578053 0.488303 0.0127743 0.0024839 0.0216872 
0.168015 0.314472 0.00573356 0.481363 0.0119077 0.00209442 0.0164145 
0.144345 0.325235 0.00523857 0.493828 0.0122047 0.00207056 0.0170787 
0.153863 0.312171 0.00657658 0.490016 0.0098179 0.00250264 0.0250535 
0.160298 0.335539 0.00501247 0.46315 0.0132326 0.00222321 0.0205449 
0.22644 0.24577 0.00784839 0.485563 0.00910558 0.00232904 0.022945 
0.295703 0.234472 0.0122736 0.398443 0.0119451 0.00449995 0.0426636 
0.309085 0.177121 0.0132119 0.449548 0.00867777 0.00317459 0.0391812 
0.340348 0.233707 0.00773265 0.385569 0.00663968 0.00189985 0.0241036 
0.388457 0.26774 0.00766211 0.305275 0.00697715 0.00203984 0.0218487 
0.338914 0.369952 0.0052574 0.255499 0.0097535 0.00215179 0.0184722 
0.272245 0.417931 0.00457032 0.274327 0.0116939 0.0021858 0.0170468 
0.270564 0.357633 0.00512013 0.337619 0.0101545 0.00189935 0.0170095 
0.235447 0.494019 0.00361519 0.230477 0.0136994 0.0023954 0.0203473 
0.191919 0.46565 0.00311075 0.29147 0.0287059 0.00241421 0.0167308 
0.208153 0.493097 0.00329255 0.244573 0.0260815 0.00226364 0.0225398 
0.207289 0.495592 0.00303963 0.227535 0.0402818 0.00237191 0.0238898 
0.212423 0.561574 0.00239267 0.156958 0.0442532 0.00293594 0.0194631 
0.193287 0.597188 0.00228851 0.151577 0.0365903 0.00267872 0.0163906 
0.189877 0.640747 0.00187659 0.10685 0.0458732 0.00303167 0.0117444 
0.341604 0.430931 0.00593159 0.188115 0.0165862 0.00432739 0.0125047 
0.384584 0.39681 0.00753944 0.174195 0.0180485 0.00776632 0.0110559 
0.500849 0.271541 0.0121509 0.174973 0.0252755 0.00754174 0.00766881 
0.529094 0.182599 0.0114039 0.196817 0.0637095 0.00640017 0.00997638 
0.562339 0.149867 0.0127545 0.221766 0.0389717 0.00495975 0.00934201 
0.597891 0.139925 0.0122921 0.177076 0.0549256 0.00422416 0.0136666 
0.614 0.155801 0.011362 0.140107 0.0525618 0.00324588 0.0229224 
0.54708 0.210703 0.00947264 0.162275 0.0466935 0.00284716 0.0209287 
0.483835 0.274648 0.00893782 0.190337 0.0221881 0.00272259 0.0173313 
0.403595 0.360385 0.0082499 0.198082 0.0110513 0.00304227 0.0155941 
0.411018 0.176442 0.00966222 0.384063 0.00698416 0.00301389 0.00881703 
0.50013 0.161192 0.0113601 0.304885 0.00633105 0.00375062 0.0123519 
0.484655 0.116665 0.0125958 0.366237 0.00504587 0.00295689 0.0118446 
0.839367 0.0237369 0.0271942 0.0406093 0.00562306 0.00230296 0.0611665 
0.848157 0.0234701 0.0281141 0.0403133 0.00506173 0.00209554 0.0527879 
0.839514 0.0258696 0.0266208 0.047013 0.00573604 0.00192343 0.0533231 
0.85683 0.0249646 0.0260127 0.0409143 0.00595399 0.00203391 0.0432905 
0.843134 0.0226269 0.0284019 0.0425304 0.00494222 0.00202771 0.056337 
0.839468 0.0220179 0.0292921 0.0413919 0.00542892 0.00203882 0.0603622 
0.847843 0.0192568 0.031148 0.0454058 0.0043678 0.00183243 0.0501458 
0.838337 0.0204157 0.0284886 0.0599987 0.0051881 0.00166757 0.0459039 
0.832697 0.0217563 0.028564 0.05227 0.00535203 0.00191953 0.0574412 
0.836899 0.0231757 0.0263454 0.0457812 0.00671307 0.0021127 0.0589731 
0.840734 0.0225582 0.0256047 0.0558545 0.00619642 0.0019994 0.047053 
0.83597 0.0232386 0.0260267 0.0470122 0.00609017 0.00212184 0.0595402 
0.825202 0.0225712 0.0255331 0.0588487 0.00656979 0.00192854 0.059347 
0.818659 0.0210499 0.026421 0.0726176 0.00824146 0.00136291 0.051648 
0.828708 0.023852 0.0229068 0.0646344 0.00968442 0.00171059 0.0485043 
0.835991 0.0224424 0.02466 0.0655495 0.00727199 0.00145849 0.0426265 
0.836102 0.0219287 0.0258714 0.0514557 0.00697646 0.00194364 0.0557216 
0.844038 0.0211372 0.0265635 0.0491078 0.00628318 0.0019013 0.0509686 
0.855386 0.0215649 0.0239954 0.0451011 0.00918057 0.00179558 0.0429767 
0.852885 0.0220729 0.0236523 0.0481844 0.00928069 0.00195268 0.0419719 
0.860461 0.0224042 0.0224852 0.0446293 0.0108039 0.00166549 0.0375511 
0.84975 0.0204467 0.0249064 0.0459728 0.00982832 0.001724 0.0473716 
0.837005 0.0182842 0.0262503 0.0555622 0.010308 0.00176079 0.0508292 
0.860727 0.0234826 0.0225868 0.0371916 0.0121543 0.00184879 0.0420093 
0.868482 0.0228792 0.0256367 0.0298019 0.00674087 0.00222639 0.0442327 
0.869264 0.0276169 0.0244732 0.031646 0.00725226 0.0020179 0.0377293 
0.859133 0.0223588 0.0294132 0.0236307 0.0058183 0.00217085 0.0574757 
0.866311 0.0237501 0.0279729 0.023786 0.00700519 0.0020988 0.0490763 
0.863189 0.0244709 0.028469 0.0211578 0.00620421 0.00232294 0.0541862 
0.848177 0.0166369 0.0307607 0.0281788 0.00622575 0.00312103 0.0668996 
0.831114 0.0187118 0.0319077 0.0256278 0.00867922 0.00246813 0.0814915 
0.831205 0.0162751 0.0358058 0.0261218 0.00654437 0.00212458 0.0819231 
0.827184 0.01716 0.0340621 0.0283325 0.00792596 0.00199512 0.0833408 
0.851045 0.0191633 0.0293607 0.0302198 0.00967734 0.00188711 0.0586467 
0.850185 0.0175663 0.0300175 0.0331802 0.00744473 0.00196038 0.0596458 
0.834258 0.0189245 0.0314174 0.0366445 0.00804622 0.00183579 0.0688739 
0.837788 0.0193495 0.0274622 0.0557025 0.00771505 0.0019183 0.0500649 
0.845478 0.0169009 0.0298043 0.0404468 0.00759953 0.0017573 0.0580129 
0.849146 0.019503 0.0268977 0.0449369 0.0107887 0.00153983 0.047188 
0.834053 0.0205797 0.028209 0.0494378 0.00818702 0.00169827 0.0578352 
0.839992 0.0204663 0.0263624 0.0552718 0.00935893 0.00153722 0.0470116 
0.829981 0.0162917 0.0295656 0.062699 0.00786094 0.00137835 0.0522229 
0.84292 0.0194416 0.0253635 0.0561168 0.00901187 0.00145503 0.0456907 
0.851702 0.0200081 0.0216148 0.0569226 0.011573 0.00142559 0.0367539 
0.869457 0.0244559 0.0210539 0.0371187 0.0103799 0.001829 0.0357053 
0.856274 0.0233403 0.0226414 0.0404221 0.00984944 0.00189148 0.0455811 
0.851553 0.0211995 0.0258568 0.0368926 0.00908993 0.00195636 0.053452 
0.853382 0.0201464 0.0255244 0.0460499 0.00912181 0.00190055 0.0438749 
0.858764 0.0212677 0.0244634 0.0385082 0.00986807 0.00215582 0.0449727 
0.8597 0.0185682 0.0272902 0.0416497 0.0072832 0.00199771 0.0435107 
0.866571 0.0202369 0.0271952 0.0327032 0.00749587 0.00197444 0.0438235 
0.683922 0.0533855 0.0179369 0.227584 0.00583433 0.00164006 0.00969785 
0.638173 0.0487759 0.0172617 0.28053 0.00626453 0.00151525 0.00747993 
0.56733 0.0442309 0.0152953 0.358301 0.00633236 0.00142922 0.00708068 
0.665417 0.0544408 0.0172546 0.246048 0.00557695 0.00209947 0.0091627 
0.656128 0.0538698 0.017124 0.25703 0.00582084 0.00177422 0.0082533 
0.671288 0.0555362 0.0177643 0.239766 0.00472016 0.00217083 0.00875511 
0.717715 0.0617966 0.0183676 0.185381 0.00543232 0.00235022 0.00895726 
0.68054 0.0524215 0.0158717 0.235033 0.00818078 0.00156835 0.00638412 
0.680827 0.0428412 0.019154 0.24286 0.00592171 0.00147126 0.00692552 
0.641775 0.0441696 0.0188798 0.281209 0.00541238 0.00143968 0.00711424 
0.604743 0.0408678 0.0190025 0.323191 0.00460494 0.00143894 0.00615135 
0.535602 0.0362776 0.0167193 0.397616 0.00507847 0.00142896 0.00727721 
0.551806 0.038872 0.0165189 0.378886 0.00522222 0.00153757 0.00715717 
0.585474 0.0394269 0.0184837 0.342835 0.00448144 0.00151832 0.0077804 
0.775451 0.052134 0.0270221 0.127896 0.00316115 0.00216942 0.0121654 
0.786366 0.0502394 0.025022 0.113547 0.00304521 0.00275918 0.0190215 
0.77664 0.0556197 0.028171 0.111507 0.00207001 0.0031477 0.0228443 
0.756858 0.0447069 0.0249604 0.152295 0.0027429 0.00211566 0.0163212 
0.769196 0.0396819 0.0269407 0.142973 0.00254518 0.00222472 0.0164387 
0.814248 0.04296 0.0248137 0.0974321 0.0026578 0.00277051 0.0151182 
0.768345 0.034578 0.0251872 0.15452 0.00283128 0.00187372 0.012664 
0.773611 0.035922 0.0270502 0.141618 0.00264031 0.002846 0.0163131 
0.764278 0.0365613 0.0249458 0.155967 0.00300243 0.00207863 0.0131668 
0.789255 0.0414212 0.0220565 0.12888 0.00352066 0.00219469 0.0126714 
0.82381 0.0540544 0.0211602 0.0781135 0.00396095 0.00287661 0.0160249 
0.830244 0.0577065 0.0235376 0.0677043 0.00312793 0.00362047 0.0140588 
0.814508 0.0461567 0.0238367 0.0969957 0.0027423 0.00274152 0.0130186 
0.821522 0.0553589 0.0258902 0.077157 0.00262003 0.00290687 0.0145451 
0.784541 0.0590324 0.0249602 0.113026 0.00285036 0.00272297 0.0128671 
0.813606 0.0672358 0.0239842 0.075806 0.0030506 0.00299486 0.013323 
0.773431 0.0560618 0.0261069 0.123248 0.00275646 0.00241063 0.0159858 
0.825654 0.0493086 0.0256157 0.0785803 0.00265158 0.00291041 0.0152795 
0.833729 0.0536167 0.0231671 0.064913 0.00303331 0.00339417 0.0181471 
0.826342 0.0531581 0.0247235 0.0741196 0.00248535 0.00308398 0.0160873 
0.844975 0.062223 0.0216781 0.0524159 0.00268764 0.0031067 0.0129133 
0.840457 0.0631457 0.0234838 0.051993 0.00246746 0.00322911 0.0152244 
0.84651 0.0584041 0.0224471 0.0508315 0.00296823 0.00303767 0.015801 
0.791587 0.0829014 0.0184773 0.0884244 0.00415155 0.00267583 0.0117826 
0.805419 0.0621574 0.0241228 0.0889975 0.00308247 0.0026535 0.0135674 
0.776294 0.0672317 0.0247643 0.115298 0.00319863 0.00239089 0.0108217 
0.809285 0.0685306 0.0272914 0.0771314 0.0024651 0.00323756 0.0120589 
0.767967 0.0701403 0.0272831 0.117755 0.00258689 0.00289201 0.0113755 
0.790888 0.0732795 0.0263169 0.0912611 0.00260286 0.0029833 0.0126687 
0.766171 0.0548173 0.0284242 0.135275 0.00234682 0.00270042 0.010265 
0.775113 0.0619441 0.0237391 0.12291 0.00334134 0.00251129 0.0104412 
0.803128 0.0811417 0.0228362 0.0735211 0.00335527 0.00333561 0.0126824 
0.812397 0.0693894 0.0216843 0.0781146 0.00378769 0.00281828 0.0118085 
0.777641 0.0694763 0.0200813 0.114719 0.00473615 0.00231776 0.0110292 
0.743318 0.0678169 0.0199354 0.15143 0.00428914 0.00244237 0.0107678 
0.712874 0.0486772 0.0236922 0.198534 0.00313652 0.00224118 0.0108451 
0.778957 0.0694539 0.0244424 0.110142 0.00275138 0.0030711 0.0111823 
0.663362 0.0522807 0.0197303 0.245454 0.00389631 0.00299655 0.0122801 
0.631379 0.0645989 0.0166804 0.267269 0.00505749 0.00297346 0.012041 
0.579745 0.0693693 0.0164199 0.316694 0.00407956 0.00327258 0.0104194 
0.568797 0.0563738 0.0170804 0.342312 0.00422883 0.00234862 0.00886009 
0.580145 0.0842074 0.0133614 0.302094 0.00781718 0.00306536 0.00931014 
0.618576 0.0908471 0.0117733 0.253295 0.0123374 0.0031529 0.0100179 
0.635236 0.0907394 0.0122446 0.233418 0.013627 0.00323864 0.0114955 
0.631542 0.0832072 0.012107 0.244205 0.0144083 0.00330076 0.0112289 
0.649947 0.083667 0.0123141 0.224918 0.0155516 0.00294996 0.0106529 
0.599854 0.0981903 0.0116485 0.260273 0.0176649 0.00225874 0.0101104 
0.649301 0.0985314 0.0134343 0.211256 0.0132346 0.00276967 0.0114733 
0.650282 0.089735 0.0113953 0.214259 0.0216796 0.00257527 0.0100735 
0.66497 0.0825518 0.0130837 0.211804 0.014194 0.00257744 0.0108185 
0.654895 0.093669 0.0130613 0.210032 0.0136113 0.00235129 0.0123797 
0.660567 0.117857 0.0124347 0.178879 0.0152464 0.00273165 0.0122834 
0.615816 0.079264 0.0138042 0.266932 0.0116611 0.00205474 0.010468 
0.6364 0.0751147 0.0156824 0.250856 0.00888061 0.00228236 0.0107848 
0.690056 0.0778526 0.0151298 0.190836 0.01168 0.00259827 0.0118472 
0.660296 0.0800899 0.015546 0.220386 0.0088759 0.00288095 0.0119244 
0.723545 0.0721797 0.017429 0.16558 0.00598015 0.00257477 0.0127119 
0.684182 0.0635846 0.0134236 0.205088 0.0144447 0.00246687 0.01681 
0.822194 0.0507353 0.0209849 0.0638223 0.00869458 0.00371062 0.0298582 
0.811911 0.0467437 0.0202824 0.0958229 0.00488451 0.00310479 0.0172506 
0.810158 0.0550316 0.0195931 0.0931921 0.00548913 0.00235274 0.0141835 
0.807393 0.0520002 0.0229899 0.08875 0.00535473 0.00233975 0.0211723 
0.718183 0.055443 0.0175458 0.182209 0.00906681 0.00204252 0.01551 
0.737783 0.055248 0.0172059 0.165189 0.00682289 0.00192201 0.0158295 
0.7524 0.123032 0.0119441 0.0760445 0.0165044 0.00346236 0.0166128 
0.701888 0.133094 0.0124687 0.107334 0.015553 0.0158352 0.0138276 
0.68308 0.173245 0.0207724 0.0716204 0.0116342 0.0257105 0.0139372 
0.739788 0.111623 0.0262479 0.0840473 0.00945732 0.0149258 0.0139112 
0.763193 0.0675876 0.0374245 0.100297 0.00314257 0.0138126 0.0145426 
0.70834 0.0895345 0.0260267 0.14854 0.00554758 0.0108082 0.0112032 
0.703707 0.124634 0.0223175 0.118349 0.00773482 0.0108869 0.0123717 
0.749981 0.0833704 0.0248937 0.11129 0.00524741 0.00960206 0.0156147 
0.723767 0.0767743 0.0170518 0.148185 0.00664483 0.00347198 0.0241057 
0.73527 0.0977985 0.0166125 0.114129 0.00792516 0.00473192 0.0235327 
0.761112 0.1032 0.0165242 0.090107 0.00639549 0.004155 0.018506 
0.690063 0.15451 0.0150894 0.0979888 0.0133571 0.00345473 0.0255368 
0.673498 0.169233 0.0127609 0.106593 0.0150446 0.0027478 0.0201224 
0.592454 0.196808 0.0109857 0.160276 0.0150312 0.00249561 0.0219487 
0.592981 0.196084 0.0100436 0.161652 0.0135564 0.00247125 0.0232125 
0.580418 0.189871 0.0159984 0.191486 0.00504209 0.00484 0.0123441 
0.598751 0.18716 0.0236354 0.166975 0.00444895 0.00985875 0.00917136 
0.700518 0.0971863 0.0321421 0.140944 0.00317986 0.0145334 0.011497 
0.57477 0.0713274 0.0389217 0.28628 0.00239843 0.0178079 0.00849525 
0.574427 0.055601 0.0691521 0.241667 0.00243253 0.0431752 0.0135454 
0.705247 0.0316168 0.0553925 0.0079836 0.00125081 0.167515 0.030994 
0.769053 0.0435068 0.0534809 0.0170387 0.00178673 0.0908342 0.0242999 
0.677695 0.0489879 0.042525 0.0187776 0.00183885 0.189803 0.0203724 
0.723073 0.058006 0.0401036 0.0252356 0.00211585 0.137102 0.0143639 
0.692282 0.0648237 0.0437907 0.0349347 0.0021661 0.144708 0.0172947 
0.764826 0.0776615 0.0418797 0.0655362 0.00203787 0.0332644 0.0147941 
0.742845 0.0934307 0.0353459 0.0822734 0.00290087 0.0281908 0.0150135 
0.717982 0.105192 0.03799 0.0836671 0.00306603 0.0373258 0.0147769 
0.700239 0.0923446 0.0418293 0.093883 0.00246832 0.0567427 0.0124936 
0.756471 0.108214 0.0322445 0.0604161 0.00347428 0.0273603 0.0118201 
0.792733 0.0736586 0.0185223 0.0899634 0.0052261 0.00636033 0.0135358 
0.756929 0.0638455 0.0140401 0.0819754 0.0150245 0.00268354 0.0655019 
0.756637 0.0746881 0.0142506 0.0975042 0.0140617 0.00250317 0.0403553 
0.789699 0.0772384 0.0159054 0.0593957 0.00925391 0.00298612 0.0455209 
0.785176 0.0846179 0.0158238 0.0699365 0.00944707 0.00275336 0.032245 
0.751659 0.115354 0.0153147 0.0720207 0.0104258 0.00314533 0.0320809 
0.77905 0.0902467 0.0161715 0.0777758 0.00925485 0.00288091 0.0246202 
0.663362 0.0522807 0.0197303 0.245454 0.00389631 0.00299655 0.0122801 
0.631379 0.0645989 0.0166804 0.267269 0.00505749 0.00297346 0.012041 
0.579745 0.0693693 0.0164199 0.316694 0.00407956 0.00327258 0.0104194 
0.568797 0.0563738 0.0170804 0.342312 0.00422883 0.00234862 0.00886009 
0.580145 0.0842074 0.0133614 0.302094 0.00781718 0.00306536 0.00931014 
0.618576 0.0908471 0.0117733 0.253295 0.0123374 0.0031529 0.0100179 
0.635236 0.0907394 0.0122446 0.233418 0.013627 0.00323864 0.0114955 
0.631542 0.0832072 0.012107 0.244205 0.0144083 0.00330076 0.0112289 
0.649947 0.083667 0.0123141 0.224918 0.0155516 0.00294996 0.0106529 
0.599854 0.0981903 0.0116485 0.260273 0.0176649 0.00225874 0.0101104 
0.649301 0.0985314 0.0134343 0.211256 0.0132346 0.00276967 0.0114733 
0.650282 0.089735 0.0113953 0.214259 0.0216796 0.00257527 0.0100735 
0.66497 0.0825518 0.0130837 0.211804 0.014194 0.00257744 0.0108185 
0.654895 0.093669 0.0130613 0.210032 0.0136113 0.00235129 0.0123797 
0.660567 0.117857 0.0124347 0.178879 0.0152464 0.00273165 0.0122834 
0.615816 0.079264 0.0138042 0.266932 0.0116611 0.00205474 0.010468 
0.6364 0.0751147 0.0156824 0.250856 0.00888061 0.00228236 0.0107848 
0.690056 0.0778526 0.0151298 0.190836 0.01168 0.00259827 0.0118472 
0.660296 0.0800899 0.015546 0.220386 0.0088759 0.00288095 0.0119244 
0.723545 0.0721797 0.017429 0.16558 0.00598015 0.00257477 0.0127119 
0.684182 0.0635846 0.0134236 0.205088 0.0144447 0.00246687 0.01681 
0.822194 0.0507353 0.0209849 0.0638223 0.00869458 0.00371062 0.0298582 
0.811911 0.0467437 0.0202824 0.0958229 0.00488451 0.00310479 0.0172506 
0.810158 0.0550316 0.0195931 0.0931921 0.00548913 0.00235274 0.0141835 
0.807393 0.0520002 0.0229899 0.08875 0.00535473 0.00233975 0.0211723 
0.718183 0.055443 0.0175458 0.182209 0.00906681 0.00204252 0.01551 
0.737783 0.055248 0.0172059 0.165189 0.00682289 0.00192201 0.0158295 
0.7524 0.123032 0.0119441 0.0760445 0.0165044 0.00346236 0.0166128 
0.701888 0.133094 0.0124687 0.107334 0.015553 0.0158352 0.0138276 
0.68308 0.173245 0.0207724 0.0716204 0.0116342 0.0257105 0.0139372 
0.739788 0.111623 0.0262479 0.0840473 0.00945732 0.0149258 0.0139112 
0.763193 0.0675876 0.0374245 0.100297 0.00314257 0.0138126 0.0145426 
0.70834 0.0895345 0.0260267 0.14854 0.00554758 0.0108082 0.0112032 
0.703707 0.124634 0.0223175 0.118349 0.00773482 0.0108869 0.0123717 
0.749981 0.0833704 0.0248937 0.11129 0.00524741 0.00960206 0.0156147 
0.723767 0.0767743 0.0170518 0.148185 0.00664483 0.00347198 0.0241057 
0.73527 0.0977985 0.0166125 0.114129 0.00792516 0.00473192 0.0235327 
0.761112 0.1032 0.0165242 0.090107 0.00639549 0.004155 0.018506 
0.690063 0.15451 0.0150894 0.0979888 0.0133571 0.00345473 0.0255368 
0.673498 0.169233 0.0127609 0.106593 0.0150446 0.0027478 0.0201224 
0.592454 0.196808 0.0109857 0.160276 0.0150312 0.00249561 0.0219487 
0.592981 0.196084 0.0100436 0.161652 0.0135564 0.00247125 0.0232125 
0.580418 0.189871 0.0159984 0.191486 0.00504209 0.00484 0.0123441 
0.598751 0.18716 0.0236354 0.166975 0.00444895 0.00985875 0.00917136 
0.700518 0.0971863 0.0321421 0.140944 0.00317986 0.0145334 0.011497 
0.57477 0.0713274 0.0389217 0.28628 0.00239843 0.0178079 0.00849525 
0.574427 0.055601 0.0691521 0.241667 0.00243253 0.0431752 0.0135454 
0.705247 0.0316168 0.0553925 0.0079836 0.00125081 0.167515 0.030994 
0.769053 0.0435068 0.0534809 0.0170387 0.00178673 0.0908342 0.0242999 
0.843278 0.017149 0.0351164 0.0736678 0.00327542 0.00170674 0.0258071 
0.83701 0.024183 0.0282934 0.0805923 0.0048802 0.00159038 0.0234507 
0.856477 0.0209951 0.0307136 0.0581776 0.00408919 0.00162022 0.0279268 
0.873879 0.0201394 0.0311212 0.031968 0.00440606 0.00180382 0.0366821 
0.879662 0.0206001 0.0267423 0.0359929 0.00486577 0.00167904 0.0304578 
0.855606 0.0190775 0.0293846 0.0440961 0.00672196 0.00160656 0.0435069 
0.87568 0.0207404 0.0267674 0.0239464 0.00590682 0.00229329 0.0446661 
0.872923 0.0210172 0.0256889 0.0287159 0.00702573 0.00197243 0.0426571 
0.860743 0.0225202 0.028139 0.0288081 0.00604076 0.00212268 0.0516259 
0.88009 0.0200984 0.0286822 0.0181252 0.00502678 0.00237983 0.0455981 
0.86755 0.0179972 0.0304976 0.0173793 0.0047433 0.00225898 0.0595738 
0.88612 0.0175776 0.0276216 0.02554 0.00549896 0.00187497 0.0357667 
0.888314 0.016249 0.0279576 0.0265517 0.00483208 0.00196911 0.0341266 
0.888399 0.0164485 0.0307962 0.0174288 0.00352963 0.00263345 0.0407643 
0.891292 0.0155576 0.0304812 0.0217223 0.00317592 0.00209684 0.0356742 
0.880573 0.0144578 0.032396 0.0251327 0.00326763 0.00210079 0.042072 
0.890274 0.0150378 0.0282788 0.0263891 0.00344921 0.00214984 0.0344217 
0.884308 0.0130858 0.0319506 0.0230059 0.00307799 0.00262767 0.0419445 
0.886749 0.0135856 0.0347358 0.0192605 0.0023014 0.0033003 0.040067 
0.889973 0.0159519 0.0318164 0.0181615 0.00209621 0.00304007 0.038961 
0.886343 0.0118059 0.0363321 0.0133152 0.00167114 0.00336503 0.0471678 
0.895397 0.0117756 0.0388953 0.0122944 0.0016428 0.00279675 0.0371984 
0.875409 0.013908 0.037854 0.0158947 0.00178427 0.002884 0.0522658 
0.876096 0.0139887 0.0387179 0.021216 0.0018087 0.00241186 0.0457613 
0.876119 0.010862 0.0416339 0.0191564 0.00191531 0.00235071 0.0479626 
0.872317 0.0121132 0.0410349 0.0203854 0.00208313 0.00218183 0.0498843 
0.883166 0.0117746 0.0392205 0.0217839 0.00264432 0.00195011 0.0394611 
0.878387 0.0133052 0.0389303 0.0163597 0.00179513 0.00247145 0.0487517 
0.881794 0.0128478 0.0368619 0.0298223 0.00243456 0.00198622 0.034253 
0.880658 0.0122542 0.0374532 0.0249076 0.0024621 0.00188278 0.0403826 
0.880719 0.0146927 0.0351456 0.0221754 0.00238008 0.00252354 0.0423634 
0.873726 0.0124901 0.0388314 0.0242127 0.00214913 0.00218052 0.0464102 
0.868045 0.0123568 0.0400626 0.0239459 0.00225298 0.0023635 0.0509733 
0.887103 0.0127457 0.0365465 0.0207727 0.00191608 0.00298661 0.0379293 
0.875459 0.0129311 0.0386414 0.0259435 0.00212962 0.00292911 0.0419661 
0.877354 0.0143531 0.0361083 0.0392332 0.0027625 0.00228056 0.0279085 
0.880607 0.0185149 0.0271623 0.0451096 0.00507227 0.00236615 0.021168 
0.87544 0.0190902 0.0249037 0.0560424 0.0047026 0.0022154 0.0176058 
0.884865 0.0225346 0.0236022 0.0410241 0.00502488 0.00321068 0.0197382 
0.877963 0.019867 0.0288714 0.039186 0.00369582 0.00303618 0.0273802 
0.874605 0.0180366 0.0258012 0.0500943 0.00533824 0.00332393 0.0228006 
0.876017 0.0193428 0.0247179 0.0534813 0.00577825 0.002655 0.0180073 
0.878176 0.0241626 0.0235858 0.0372399 0.00594742 0.00413302 0.026755 
0.865013 0.0209689 0.0237855 0.0599987 0.00823729 0.00296754 0.0190288 
0.865114 0.0234935 0.0238914 0.0601054 0.00863175 0.00271826 0.0160461 
0.865777 0.0201229 0.0293768 0.0520822 0.00595374 0.00292572 0.0237616 
0.837281 0.017959 0.0274175 0.0873075 0.00710532 0.00298359 0.0199457 
0.863592 0.0166572 0.0325194 0.0559253 0.00435828 0.00298474 0.0239631 
0.877465 0.0230188 0.0277303 0.0394809 0.00581233 0.00264629 0.0238466 
0.866402 0.0173803 0.0314574 0.0514488 0.00491997 0.00308831 0.0253034 
