0.822637 0.0181123 0.0305042 0.101474 0.00559971 0.00213839 0.0195341 
0.831995 0.0154494 0.0561785 0.0104724 0.00154698 0.00377558 0.0805823 
0.807261 0.0187841 0.0221167 0.125994 0.00817275 0.00235935 0.0153123 
0.880391 0.0201576 0.0294326 0.0395227 0.00481523 0.00269399 0.0229868 
0.876287 0.0191859 0.0335632 0.0417639 0.00458944 0.00197275 0.0226375 
0.801741 0.0224728 0.0211183 0.131208 0.00909369 0.00192885 0.012437 
0.888789 0.019863 0.0363622 0.0211244 0.00410305 0.00271907 0.0270396 
0.786708 0.0178404 0.0262046 0.147202 0.0070766 0.00200134 0.0129671 
0.824804 0.0173156 0.0286915 0.103282 0.00670064 0.00226158 0.016945 
0.865771 0.0165513 0.0315034 0.0596708 0.00512208 0.00236645 0.0190146 
0.827077 0.0221351 0.0222108 0.104753 0.00894981 0.00200915 0.0128647 
0.886982 0.0200612 0.0353461 0.0260337 0.00433998 0.00276556 0.0244714 
0.835046 0.0169768 0.0281702 0.0952226 0.00655838 0.00196309 0.0160632 
0.861197 0.0191644 0.0285126 0.0626479 0.00495741 0.00238713 0.0211336 
0.860353 0.0174569 0.0389804 0.0496668 0.00277947 0.0025937 0.0281695 
0.794624 0.0146249 0.0402513 0.12149 0.00335301 0.00245763 0.0231995 
0.877912 0.017599 0.0377036 0.0336574 0.00317509 0.00324719 0.0267059 
0.85766 0.0146586 0.042785 0.0481315 0.00305882 0.00255047 0.0311554 
0.87072 0.0154174 0.037918 0.0360559 0.00355696 0.00288081 0.0334511 
0.873329 0.0155612 0.0418548 0.0283566 0.00312602 0.00304973 0.0347228 
0.87607 0.0173315 0.0361976 0.0306704 0.00425914 0.00299971 0.0324721 
0.874531 0.01612 0.0434135 0.0306346 0.00290732 0.00284504 0.0295488 
0.875411 0.0152237 0.0421932 0.0333685 0.00294848 0.00274844 0.0281064 
0.863399 0.0140747 0.0401174 0.0433713 0.00453142 0.00219657 0.0323099 
0.860571 0.0130116 0.045371 0.0397285 0.00317322 0.00307645 0.0350683 
0.867269 0.0130288 0.0464414 0.0288068 0.00282635 0.00280928 0.0388186 
0.861663 0.017634 0.0464141 0.0348918 0.00253028 0.00232062 0.0345462 
0.873892 0.0172821 0.0434483 0.0339038 0.0023858 0.00226635 0.0268215 
0.86191 0.0174412 0.0399777 0.0521688 0.00290163 0.00213838 0.0234621 
0.869002 0.015142 0.0425353 0.0361681 0.00257826 0.00253823 0.0320362 
0.866212 0.0185819 0.036821 0.0511125 0.00403439 0.00207611 0.0211617 
0.874562 0.017329 0.0402911 0.025075 0.00400417 0.00271738 0.0360216 
0.863101 0.017851 0.0381957 0.0389208 0.00412377 0.00233485 0.0354728 
0.850746 0.0194375 0.0382499 0.0400263 0.00442382 0.00237594 0.0447409 
0.854006 0.0188295 0.0364413 0.0435628 0.00555991 0.00210727 0.0394936 
0.836106 0.0157227 0.0390211 0.0617729 0.00533544 0.00239054 0.0396514 
0.870196 0.0171292 0.0357699 0.0385456 0.0044818 0.00240386 0.0314736 
0.86835 0.0167217 0.0339869 0.0435257 0.00498646 0.0022839 0.0301455 
0.868317 0.0172251 0.0339688 0.0466569 0.00438538 0.00240078 0.0270461 
0.857939 0.0203534 0.0333556 0.0536865 0.00493194 0.00234005 0.0273936 
0.861264 0.0219949 0.0317789 0.0521315 0.00540358 0.00211073 0.0253168 
0.853924 0.0204759 0.0317263 0.0601866 0.00688066 0.00193761 0.0248686 
0.854059 0.016584 0.0364628 0.0599578 0.00496939 0.00204009 0.0259274 
0.841604 0.0164091 0.0373539 0.0618501 0.004696 0.00215207 0.0359349 
0.854208 0.0202332 0.0330499 0.0547009 0.00538981 0.00179727 0.0306212 
0.853882 0.0179108 0.0376521 0.0531373 0.00382969 0.0021511 0.0314372 
0.855176 0.0198093 0.0356719 0.0520655 0.00437741 0.00235891 0.0305407 
0.863237 0.0162944 0.0388301 0.0316456 0.0033032 0.0024601 0.0442294 
0.738582 0.0129408 0.0580174 0.00667309 0.00243518 0.00334778 0.178004 
0.775437 0.00866112 0.0541908 0.00243003 0.00245402 0.0233106 0.133516 
0.835498 0.0108826 0.0377666 0.0034492 0.00162161 0.085224 0.0255581 
0.80264 0.00786658 0.0632856 0.00354915 9.70983E-4 0.100924 0.0207644 
0.831539 0.0102843 0.0379178 0.0177082 0.0141625 0.0275247 0.0608633 
0.763164 0.0155048 0.0411639 0.00856019 0.0157133 0.0158604 0.140034 
0.794886 0.0131404 0.0459717 0.0153159 0.0106559 0.00752056 0.11251 
0.72838 0.0123136 0.0479564 0.019475 0.0149512 0.0111919 0.165732 
0.693186 0.0150096 0.0526326 0.0136014 0.0134212 0.0108071 0.201342 
0.791834 0.0137277 0.0412807 0.0214378 0.0153003 0.00669335 0.109727 
0.697756 0.0137448 0.0546443 0.00941265 0.0137547 0.0110665 0.199621 
0.63379 0.0149364 0.0601608 0.0059401 0.012052 0.0161723 0.256948 
0.743507 0.0159669 0.0458606 0.00662646 0.0103957 0.0121991 0.165444 
0.743942 0.0161941 0.0476732 0.00781508 0.0132622 0.0125598 0.158553 
0.741061 0.0137134 0.0528071 0.00794075 0.0126635 0.0128884 0.158926 
0.746326 0.0142328 0.0487337 0.00721356 0.0105202 0.011839 0.161135 
0.756858 0.0145982 0.0456372 0.00735443 0.0108461 0.0127783 0.151928 
0.774409 0.0117302 0.0516671 0.00672005 0.00609164 0.0109338 0.138449 
0.837174 0.0113089 0.0449376 0.00894928 0.00561655 0.00830508 0.0837088 
0.819993 0.0142314 0.0359524 0.0854736 0.00550089 0.00305567 0.035793 
0.837902 0.0144937 0.0357647 0.0714218 0.0055702 0.00273311 0.0321145 
0.833634 0.0153074 0.0362528 0.0778114 0.00568342 0.00246707 0.0288444 
0.835839 0.0171722 0.0341175 0.0803468 0.00546958 0.00221315 0.0248417 
0.839591 0.0184523 0.0324242 0.0755245 0.00534473 0.00257691 0.0260859 
0.83957 0.015307 0.0335672 0.0791292 0.00519313 0.00211443 0.0251192 
0.816314 0.0171793 0.0349101 0.0989376 0.00520382 0.00203934 0.0254161 
0.827207 0.0196703 0.0331207 0.0870266 0.00548334 0.00241949 0.0250724 
0.837 0.0189178 0.0325655 0.0722159 0.0050801 0.00256847 0.0316524 
0.841113 0.018925 0.033263 0.0640847 0.00552197 0.00261032 0.0344817 
0.835709 0.0180938 0.0342601 0.0620851 0.00550176 0.00308616 0.0412643 
0.844132 0.0175889 0.0334816 0.0558128 0.00560827 0.00311237 0.0402644 
0.841195 0.0185205 0.0327745 0.0579597 0.00573166 0.00285679 0.0409617 
0.823246 0.0190113 0.0343231 0.0692606 0.00504655 0.0029706 0.0461417 
0.811928 0.0177587 0.0348767 0.0836773 0.00520335 0.00275238 0.0438037 
0.830692 0.0194308 0.033502 0.0601807 0.00549121 0.00283902 0.0478647 
0.839666 0.0191995 0.0307838 0.0697963 0.00646249 0.00264854 0.0314439 
0.842736 0.021255 0.0311224 0.0663381 0.00625149 0.00230654 0.0299908 
0.83949 0.0223139 0.0312895 0.0678464 0.00551223 0.00225872 0.0312891 
0.845833 0.0201066 0.0297743 0.0684209 0.00691569 0.00223476 0.0267149 
0.831431 0.0211618 0.0303165 0.0789366 0.00733573 0.00221558 0.0286029 
0.82226 0.0183193 0.0312051 0.0920598 0.00597659 0.00244762 0.0277313 
0.827135 0.0158466 0.0383213 0.0794677 0.0045599 0.00233764 0.0323318 
0.844444 0.0156322 0.0370973 0.0594073 0.00393808 0.002948 0.0365334 
0.852798 0.0157382 0.0370953 0.0482461 0.0045069 0.00287695 0.0387383 
0.846258 0.015794 0.0363464 0.0639945 0.00487494 0.00261797 0.0301142 
0.835487 0.0141661 0.0437767 0.0583522 0.00445343 0.00319525 0.0405688 
0.813388 0.01343 0.0437655 0.0864955 0.00409055 0.00277536 0.0360549 
0.835457 0.013136 0.0434177 0.0585614 0.00402711 0.0031486 0.042252 
0.820438 0.0129505 0.0464946 0.056694 0.00375202 0.00353764 0.0561331 
0.832198 0.0125014 0.0441816 0.0600916 0.0034209 0.00311207 0.0444945 
0.809096 0.0121364 0.0447414 0.0727225 0.00380189 0.00350868 0.0539928 
0.814293 0.0121281 0.0424382 0.0649454 0.0044554 0.00308344 0.0586563 
0.806748 0.0115117 0.0433033 0.0613973 0.00399789 0.0038703 0.0691715 
0.780125 0.0133882 0.0427662 0.0989379 0.0049908 0.00318876 0.0566036 
0.792887 0.0127995 0.0446185 0.0899769 0.00385658 0.00323103 0.0526307 
0.763591 0.0131971 0.0457364 0.126777 0.0043668 0.00287625 0.0434559 
0.81576 0.0149455 0.0372612 0.0748175 0.00534183 0.00291369 0.0489601 
0.831998 0.0117684 0.0406029 0.0446232 0.00315018 0.00367808 0.0641789 
0.82676 0.0147774 0.0371285 0.0791294 0.00479128 0.00239137 0.0350215 
0.819031 0.0118297 0.0405464 0.0619263 0.00392078 0.00330827 0.0594373 
0.82695 0.0133984 0.0378631 0.0663703 0.0046242 0.00307328 0.0477209 
0.822613 0.0150796 0.0344666 0.0768229 0.00540903 0.00218846 0.0434203 
0.830566 0.0131105 0.0385352 0.0535631 0.00457012 0.00313834 0.0565165 
0.775101 0.015382 0.0306747 0.138705 0.00701387 0.00201222 0.0311116 
0.832332 0.0169146 0.0331966 0.0605403 0.00598349 0.00255894 0.048474 
0.836936 0.0170705 0.0337919 0.0586892 0.0054033 0.002367 0.0457419 
0.846186 0.0174452 0.0315843 0.0605939 0.00621563 0.00246854 0.0355063 
0.832424 0.0169655 0.033155 0.0541214 0.00693341 0.00253397 0.0538666 
0.832686 0.0162726 0.0299509 0.0729267 0.00715993 0.00257874 0.0384247 
0.838773 0.0157754 0.0307412 0.0618368 0.00811371 0.00254637 0.0422138 
0.819993 0.0142314 0.0359524 0.0854736 0.00550089 0.00305567 0.035793 
0.837902 0.0144937 0.0357647 0.0714218 0.0055702 0.00273311 0.0321145 
0.833634 0.0153074 0.0362528 0.0778114 0.00568342 0.00246707 0.0288444 
0.835839 0.0171722 0.0341175 0.0803468 0.00546958 0.00221315 0.0248417 
0.839591 0.0184523 0.0324242 0.0755245 0.00534473 0.00257691 0.0260859 
0.83957 0.015307 0.0335672 0.0791292 0.00519313 0.00211443 0.0251192 
0.816314 0.0171793 0.0349101 0.0989376 0.00520382 0.00203934 0.0254161 
0.827207 0.0196703 0.0331207 0.0870266 0.00548334 0.00241949 0.0250724 
0.837 0.0189178 0.0325655 0.0722159 0.0050801 0.00256847 0.0316524 
0.841113 0.018925 0.033263 0.0640847 0.00552197 0.00261032 0.0344817 
0.835709 0.0180938 0.0342601 0.0620851 0.00550176 0.00308616 0.0412643 
0.844132 0.0175889 0.0334816 0.0558128 0.00560827 0.00311237 0.0402644 
0.841195 0.0185205 0.0327745 0.0579597 0.00573166 0.00285679 0.0409617 
0.823246 0.0190113 0.0343231 0.0692606 0.00504655 0.0029706 0.0461417 
0.811928 0.0177587 0.0348767 0.0836773 0.00520335 0.00275238 0.0438037 
0.830692 0.0194308 0.033502 0.0601807 0.00549121 0.00283902 0.0478647 
0.839666 0.0191995 0.0307838 0.0697963 0.00646249 0.00264854 0.0314439 
0.842736 0.021255 0.0311224 0.0663381 0.00625149 0.00230654 0.0299908 
0.83949 0.0223139 0.0312895 0.0678464 0.00551223 0.00225872 0.0312891 
0.845833 0.0201066 0.0297743 0.0684209 0.00691569 0.00223476 0.0267149 
0.831431 0.0211618 0.0303165 0.0789366 0.00733573 0.00221558 0.0286029 
0.82226 0.0183193 0.0312051 0.0920598 0.00597659 0.00244762 0.0277313 
0.827135 0.0158466 0.0383213 0.0794677 0.0045599 0.00233764 0.0323318 
0.844444 0.0156322 0.0370973 0.0594073 0.00393808 0.002948 0.0365334 
0.852798 0.0157382 0.0370953 0.0482461 0.0045069 0.00287695 0.0387383 
0.846258 0.015794 0.0363464 0.0639945 0.00487494 0.00261797 0.0301142 
0.835487 0.0141661 0.0437767 0.0583522 0.00445343 0.00319525 0.0405688 
0.813388 0.01343 0.0437655 0.0864955 0.00409055 0.00277536 0.0360549 
0.835457 0.013136 0.0434177 0.0585614 0.00402711 0.0031486 0.042252 
0.820438 0.0129505 0.0464946 0.056694 0.00375202 0.00353764 0.0561331 
0.832198 0.0125014 0.0441816 0.0600916 0.0034209 0.00311207 0.0444945 
0.809096 0.0121364 0.0447414 0.0727225 0.00380189 0.00350868 0.0539928 
0.814293 0.0121281 0.0424382 0.0649454 0.0044554 0.00308344 0.0586563 
0.806748 0.0115117 0.0433033 0.0613973 0.00399789 0.0038703 0.0691715 
0.780125 0.0133882 0.0427662 0.0989379 0.0049908 0.00318876 0.0566036 
0.792887 0.0127995 0.0446185 0.0899769 0.00385658 0.00323103 0.0526307 
0.763591 0.0131971 0.0457364 0.126777 0.0043668 0.00287625 0.0434559 
0.81576 0.0149455 0.0372612 0.0748175 0.00534183 0.00291369 0.0489601 
0.831998 0.0117684 0.0406029 0.0446232 0.00315018 0.00367808 0.0641789 
0.82676 0.0147774 0.0371285 0.0791294 0.00479128 0.00239137 0.0350215 
0.819031 0.0118297 0.0405464 0.0619263 0.00392078 0.00330827 0.0594373 
0.82695 0.0133984 0.0378631 0.0663703 0.0046242 0.00307328 0.0477209 
0.822613 0.0150796 0.0344666 0.0768229 0.00540903 0.00218846 0.0434203 
0.830566 0.0131105 0.0385352 0.0535631 0.00457012 0.00313834 0.0565165 
0.775101 0.015382 0.0306747 0.138705 0.00701387 0.00201222 0.0311116 
0.832332 0.0169146 0.0331966 0.0605403 0.00598349 0.00255894 0.048474 
0.836936 0.0170705 0.0337919 0.0586892 0.0054033 0.002367 0.0457419 
0.846186 0.0174452 0.0315843 0.0605939 0.00621563 0.00246854 0.0355063 
0.832424 0.0169655 0.033155 0.0541214 0.00693341 0.00253397 0.0538666 
0.832686 0.0162726 0.0299509 0.0729267 0.00715993 0.00257874 0.0384247 
0.838773 0.0157754 0.0307412 0.0618368 0.00811371 0.00254637 0.0422138 
0.701224 0.156625 0.0122984 0.0950212 0.014117 0.00334309 0.017371 
0.684115 0.167935 0.0113963 0.0839294 0.0245814 0.00431702 0.0237265 
0.719382 0.141552 0.012693 0.0868371 0.0165538 0.00414542 0.0188363 
0.71171 0.137672 0.0133028 0.100415 0.0143779 0.00394702 0.0185752 
0.691019 0.158335 0.0119985 0.100665 0.0169846 0.00351262 0.0174851 
0.70488 0.13657 0.0131669 0.112458 0.0132811 0.00322207 0.0164223 
0.685627 0.149445 0.0117364 0.116614 0.0183132 0.0031989 0.0150655 
0.702567 0.13782 0.0139304 0.115282 0.0110192 0.00285819 0.0165226 
0.686876 0.160124 0.0123951 0.108227 0.0129627 0.00311714 0.0162974 
0.677552 0.17042 0.0121273 0.103831 0.014261 0.00346623 0.0183425 
0.710002 0.137 0.0136793 0.109129 0.010525 0.00320143 0.0164629 
0.694023 0.137882 0.0132784 0.124423 0.0115039 0.00279349 0.0160958 
0.699417 0.127469 0.0148751 0.131283 0.00829004 0.00279555 0.0158707 
0.729502 0.121234 0.0161994 0.103332 0.0082519 0.00320747 0.0182736 
0.695412 0.136215 0.0132043 0.124661 0.0124585 0.00276448 0.0152853 
0.681207 0.151093 0.0140276 0.121171 0.0119309 0.00325138 0.0173191 
0.693722 0.159456 0.0140089 0.0972716 0.0119494 0.00341456 0.0201771 
0.645461 0.146862 0.0130495 0.16653 0.0117605 0.0021968 0.01414 
0.693136 0.11364 0.0146388 0.15383 0.00856345 0.00271151 0.0134802 
0.695445 0.118596 0.0166634 0.142884 0.0078232 0.002617 0.0159728 
0.698358 0.126038 0.0156954 0.134924 0.00683631 0.00304242 0.0151052 
0.647824 0.121526 0.0132473 0.192398 0.0101182 0.00277176 0.0121146 
0.736652 0.101514 0.0160577 0.124133 0.00624031 0.00297369 0.0124301 
0.721856 0.1048 0.0151935 0.135775 0.00606519 0.00340301 0.0129072 
0.712594 0.0958534 0.0153395 0.153185 0.00717147 0.00244613 0.0134102 
0.746279 0.100288 0.0158966 0.115021 0.0062594 0.00308266 0.013174 
0.720714 0.0854488 0.016615 0.156524 0.00532139 0.00318983 0.0121864 
0.757142 0.0774711 0.0173406 0.125075 0.00567222 0.00274475 0.0145537 
0.752886 0.0862518 0.0176013 0.119446 0.00557735 0.003131 0.0151062 
0.751895 0.0673863 0.0180699 0.140751 0.00529596 0.00264226 0.0139597 
0.728397 0.0635904 0.0172868 0.167346 0.00572484 0.00276848 0.0148858 
0.772389 0.0690142 0.0165878 0.119014 0.00650041 0.00270254 0.0137918 
0.819993 0.0142314 0.0359524 0.0854736 0.00550089 0.00305567 0.035793 
0.837902 0.0144937 0.0357647 0.0714218 0.0055702 0.00273311 0.0321145 
0.833634 0.0153074 0.0362528 0.0778114 0.00568342 0.00246707 0.0288444 
0.835839 0.0171722 0.0341175 0.0803468 0.00546958 0.00221315 0.0248417 
0.839591 0.0184523 0.0324242 0.0755245 0.00534473 0.00257691 0.0260859 
0.83957 0.015307 0.0335672 0.0791292 0.00519313 0.00211443 0.0251192 
0.816314 0.0171793 0.0349101 0.0989376 0.00520382 0.00203934 0.0254161 
0.827207 0.0196703 0.0331207 0.0870266 0.00548334 0.00241949 0.0250724 
0.837 0.0189178 0.0325655 0.0722159 0.0050801 0.00256847 0.0316524 
0.841113 0.018925 0.033263 0.0640847 0.00552197 0.00261032 0.0344817 
0.835709 0.0180938 0.0342601 0.0620851 0.00550176 0.00308616 0.0412643 
0.844132 0.0175889 0.0334816 0.0558128 0.00560827 0.00311237 0.0402644 
0.841195 0.0185205 0.0327745 0.0579597 0.00573166 0.00285679 0.0409617 
0.823246 0.0190113 0.0343231 0.0692606 0.00504655 0.0029706 0.0461417 
0.811928 0.0177587 0.0348767 0.0836773 0.00520335 0.00275238 0.0438037 
0.830692 0.0194308 0.033502 0.0601807 0.00549121 0.00283902 0.0478647 
0.839666 0.0191995 0.0307838 0.0697963 0.00646249 0.00264854 0.0314439 
0.842736 0.021255 0.0311224 0.0663381 0.00625149 0.00230654 0.0299908 
0.83949 0.0223139 0.0312895 0.0678464 0.00551223 0.00225872 0.0312891 
0.845833 0.0201066 0.0297743 0.0684209 0.00691569 0.00223476 0.0267149 
0.831431 0.0211618 0.0303165 0.0789366 0.00733573 0.00221558 0.0286029 
0.82226 0.0183193 0.0312051 0.0920598 0.00597659 0.00244762 0.0277313 
0.827135 0.0158466 0.0383213 0.0794677 0.0045599 0.00233764 0.0323318 
0.844444 0.0156322 0.0370973 0.0594073 0.00393808 0.002948 0.0365334 
0.852798 0.0157382 0.0370953 0.0482461 0.0045069 0.00287695 0.0387383 
0.846258 0.015794 0.0363464 0.0639945 0.00487494 0.00261797 0.0301142 
0.835487 0.0141661 0.0437767 0.0583522 0.00445343 0.00319525 0.0405688 
0.813388 0.01343 0.0437655 0.0864955 0.00409055 0.00277536 0.0360549 
0.835457 0.013136 0.0434177 0.0585614 0.00402711 0.0031486 0.042252 
0.820438 0.0129505 0.0464946 0.056694 0.00375202 0.00353764 0.0561331 
0.832198 0.0125014 0.0441816 0.0600916 0.0034209 0.00311207 0.0444945 
0.809096 0.0121364 0.0447414 0.0727225 0.00380189 0.00350868 0.0539928 
0.814293 0.0121281 0.0424382 0.0649454 0.0044554 0.00308344 0.0586563 
0.806748 0.0115117 0.0433033 0.0613973 0.00399789 0.0038703 0.0691715 
0.780125 0.0133882 0.0427662 0.0989379 0.0049908 0.00318876 0.0566036 
0.792887 0.0127995 0.0446185 0.0899769 0.00385658 0.00323103 0.0526307 
0.763591 0.0131971 0.0457364 0.126777 0.0043668 0.00287625 0.0434559 
0.81576 0.0149455 0.0372612 0.0748175 0.00534183 0.00291369 0.0489601 
0.831998 0.0117684 0.0406029 0.0446232 0.00315018 0.00367808 0.0641789 
0.82676 0.0147774 0.0371285 0.0791294 0.00479128 0.00239137 0.0350215 
0.819031 0.0118297 0.0405464 0.0619263 0.00392078 0.00330827 0.0594373 
0.82695 0.0133984 0.0378631 0.0663703 0.0046242 0.00307328 0.0477209 
0.822613 0.0150796 0.0344666 0.0768229 0.00540903 0.00218846 0.0434203 
0.830566 0.0131105 0.0385352 0.0535631 0.00457012 0.00313834 0.0565165 
0.775101 0.015382 0.0306747 0.138705 0.00701387 0.00201222 0.0311116 
0.832332 0.0169146 0.0331966 0.0605403 0.00598349 0.00255894 0.048474 
0.836936 0.0170705 0.0337919 0.0586892 0.0054033 0.002367 0.0457419 
0.846186 0.0174452 0.0315843 0.0605939 0.00621563 0.00246854 0.0355063 
0.832424 0.0169655 0.033155 0.0541214 0.00693341 0.00253397 0.0538666 
0.832686 0.0162726 0.0299509 0.0729267 0.00715993 0.00257874 0.0384247 
0.838773 0.0157754 0.0307412 0.0618368 0.00811371 0.00254637 0.0422138 
0.16224 0.665411 0.00191075 0.143535 0.0190619 0.00235162 0.00549046 
0.153893 0.64604 0.00211047 0.169948 0.0197862 0.00225199 0.00597011 
0.211867 0.415736 0.003369 0.344458 0.0181306 0.00247825 0.0039614 
0.255567 0.279674 0.00491129 0.444945 0.0092292 0.00185196 0.00382165 
0.281205 0.293317 0.00500504 0.404626 0.00792601 0.00256104 0.00536038 
0.29847 0.306258 0.00439152 0.370083 0.0105745 0.00302093 0.00720282 
0.307807 0.315852 0.00493897 0.351675 0.00841014 0.00270797 0.00860894 
0.296465 0.402121 0.00451382 0.276793 0.0075598 0.00315133 0.00939664 
0.299572 0.41336 0.00454962 0.262538 0.00707198 0.00308475 0.00982446 
0.294719 0.411093 0.00402834 0.268595 0.00848147 0.00368817 0.00939556 
0.336379 0.377095 0.00527135 0.257312 0.00754221 0.00362727 0.0127731 
0.376747 0.335027 0.00543088 0.254015 0.00945794 0.0035537 0.0157682 
0.352334 0.384472 0.00544911 0.228727 0.00839696 0.00374828 0.0168724 
0.331459 0.393619 0.00492964 0.24196 0.00835836 0.00337538 0.0162987 
0.166835 0.538012 0.00286781 0.257419 0.0221969 0.00264006 0.0100293 
0.229254 0.524533 0.00347296 0.213379 0.0138482 0.00316487 0.0123478 
0.819993 0.0142314 0.0359524 0.0854736 0.00550089 0.00305567 0.035793 
0.837902 0.0144937 0.0357647 0.0714218 0.0055702 0.00273311 0.0321145 
0.833634 0.0153074 0.0362528 0.0778114 0.00568342 0.00246707 0.0288444 
0.835839 0.0171722 0.0341175 0.0803468 0.00546958 0.00221315 0.0248417 
0.839591 0.0184523 0.0324242 0.0755245 0.00534473 0.00257691 0.0260859 
0.83957 0.015307 0.0335672 0.0791292 0.00519313 0.00211443 0.0251192 
0.816314 0.0171793 0.0349101 0.0989376 0.00520382 0.00203934 0.0254161 
0.827207 0.0196703 0.0331207 0.0870266 0.00548334 0.00241949 0.0250724 
0.837 0.0189178 0.0325655 0.0722159 0.0050801 0.00256847 0.0316524 
0.841113 0.018925 0.033263 0.0640847 0.00552197 0.00261032 0.0344817 
0.835709 0.0180938 0.0342601 0.0620851 0.00550176 0.00308616 0.0412643 
0.844132 0.0175889 0.0334816 0.0558128 0.00560827 0.00311237 0.0402644 
0.841195 0.0185205 0.0327745 0.0579597 0.00573166 0.00285679 0.0409617 
0.823246 0.0190113 0.0343231 0.0692606 0.00504655 0.0029706 0.0461417 
0.811928 0.0177587 0.0348767 0.0836773 0.00520335 0.00275238 0.0438037 
0.830692 0.0194308 0.033502 0.0601807 0.00549121 0.00283902 0.0478647 
0.839666 0.0191995 0.0307838 0.0697963 0.00646249 0.00264854 0.0314439 
0.842736 0.021255 0.0311224 0.0663381 0.00625149 0.00230654 0.0299908 
0.83949 0.0223139 0.0312895 0.0678464 0.00551223 0.00225872 0.0312891 
0.845833 0.0201066 0.0297743 0.0684209 0.00691569 0.00223476 0.0267149 
0.831431 0.0211618 0.0303165 0.0789366 0.00733573 0.00221558 0.0286029 
0.82226 0.0183193 0.0312051 0.0920598 0.00597659 0.00244762 0.0277313 
0.827135 0.0158466 0.0383213 0.0794677 0.0045599 0.00233764 0.0323318 
0.844444 0.0156322 0.0370973 0.0594073 0.00393808 0.002948 0.0365334 
0.852798 0.0157382 0.0370953 0.0482461 0.0045069 0.00287695 0.0387383 
0.846258 0.015794 0.0363464 0.0639945 0.00487494 0.00261797 0.0301142 
0.835487 0.0141661 0.0437767 0.0583522 0.00445343 0.00319525 0.0405688 
0.813388 0.01343 0.0437655 0.0864955 0.00409055 0.00277536 0.0360549 
0.835457 0.013136 0.0434177 0.0585614 0.00402711 0.0031486 0.042252 
0.820438 0.0129505 0.0464946 0.056694 0.00375202 0.00353764 0.0561331 
0.832198 0.0125014 0.0441816 0.0600916 0.0034209 0.00311207 0.0444945 
0.809096 0.0121364 0.0447414 0.0727225 0.00380189 0.00350868 0.0539928 
0.814293 0.0121281 0.0424382 0.0649454 0.0044554 0.00308344 0.0586563 
0.806748 0.0115117 0.0433033 0.0613973 0.00399789 0.0038703 0.0691715 
0.780125 0.0133882 0.0427662 0.0989379 0.0049908 0.00318876 0.0566036 
0.792887 0.0127995 0.0446185 0.0899769 0.00385658 0.00323103 0.0526307 
0.763591 0.0131971 0.0457364 0.126777 0.0043668 0.00287625 0.0434559 
0.81576 0.0149455 0.0372612 0.0748175 0.00534183 0.00291369 0.0489601 
0.831998 0.0117684 0.0406029 0.0446232 0.00315018 0.00367808 0.0641789 
0.82676 0.0147774 0.0371285 0.0791294 0.00479128 0.00239137 0.0350215 
0.819031 0.0118297 0.0405464 0.0619263 0.00392078 0.00330827 0.0594373 
0.82695 0.0133984 0.0378631 0.0663703 0.0046242 0.00307328 0.0477209 
0.822613 0.0150796 0.0344666 0.0768229 0.00540903 0.00218846 0.0434203 
0.830566 0.0131105 0.0385352 0.0535631 0.00457012 0.00313834 0.0565165 
0.775101 0.015382 0.0306747 0.138705 0.00701387 0.00201222 0.0311116 
0.832332 0.0169146 0.0331966 0.0605403 0.00598349 0.00255894 0.048474 
0.836936 0.0170705 0.0337919 0.0586892 0.0054033 0.002367 0.0457419 
0.846186 0.0174452 0.0315843 0.0605939 0.00621563 0.00246854 0.0355063 
0.832424 0.0169655 0.033155 0.0541214 0.00693341 0.00253397 0.0538666 
0.832686 0.0162726 0.0299509 0.0729267 0.00715993 0.00257874 0.0384247 
0.838773 0.0157754 0.0307412 0.0618368 0.00811371 0.00254637 0.0422138 
0.777474 0.070635 0.0175489 0.105832 0.00497499 0.00298732 0.020548 
0.788231 0.0692109 0.017438 0.094599 0.00544232 0.0029982 0.0220808 
0.793361 0.0665387 0.0191612 0.089875 0.00487145 0.00272784 0.0234651 
0.819414 0.0619694 0.0208652 0.0620291 0.00359748 0.00345863 0.0286664 
0.818235 0.0658444 0.0235304 0.0577814 0.00344209 0.00338265 0.0277844 
0.805149 0.0747713 0.0239075 0.0625895 0.00308526 0.00388428 0.0266127 
0.803837 0.0757801 0.0194629 0.070925 0.00423476 0.00347781 0.022283 
0.796538 0.0739526 0.0209815 0.0812499 0.00452997 0.00269466 0.0200535 
0.828957 0.0663021 0.0212357 0.0470557 0.003864 0.00351941 0.0290659 
0.822565 0.0527214 0.0234768 0.072016 0.00322741 0.00304051 0.0229527 
0.817099 0.066181 0.0210976 0.0678861 0.00440831 0.00259511 0.0207333 
0.82078 0.0507148 0.0242115 0.075266 0.00332497 0.00281558 0.0228866 
0.813342 0.0490271 0.0233074 0.0891204 0.0037586 0.00208102 0.0193636 
0.844202 0.0426748 0.025022 0.0565018 0.00331744 0.00272037 0.0255621 
0.849446 0.0365776 0.0275661 0.0556628 0.00277692 0.00301869 0.0249518 
0.83203 0.0406189 0.0243008 0.0704212 0.00513051 0.00207066 0.0254275 
0.831634 0.0365896 0.0257174 0.0731828 0.00366136 0.00253182 0.0266829 
0.851934 0.0369937 0.0263193 0.0540077 0.00377343 0.00223301 0.0247394 
0.838022 0.0313482 0.0262461 0.0793652 0.00378766 0.00177608 0.0194551 
0.840179 0.0385466 0.0225076 0.075463 0.00525424 0.00168189 0.0163673 
0.867262 0.0411849 0.02095 0.0441381 0.00572789 0.00215682 0.0185802 
0.857071 0.0332707 0.0237787 0.054229 0.00479371 0.00199817 0.0248591 
0.872487 0.0395252 0.0217196 0.0346357 0.00438949 0.00219099 0.0250521 
0.866351 0.0346351 0.0238581 0.0278963 0.00470901 0.00240306 0.0401473 
0.862987 0.0347536 0.0221766 0.0381434 0.00739458 0.00204953 0.0324956 
0.852996 0.0336869 0.0250376 0.0305529 0.0068274 0.00215566 0.0487437 
0.863621 0.0296679 0.0279372 0.0290807 0.00524038 0.0018322 0.0426206 
0.857872 0.0256722 0.0315602 0.029568 0.00388515 0.00188747 0.0495545 
0.870954 0.0223704 0.0360203 0.0186827 0.00219636 0.00221387 0.0475627 
0.854408 0.0292192 0.0274353 0.0655806 0.00452759 0.00122155 0.0176076 
0.831368 0.0218641 0.0357686 0.0837466 0.00295685 0.00138 0.0229162 
0.852941 0.0239007 0.031353 0.0568661 0.00326728 0.00153075 0.0301412 
0.851227 0.0197671 0.0327417 0.0676203 0.00313463 0.00150722 0.024002 
0.826605 0.0187474 0.0359027 0.0832922 0.00328257 0.00156903 0.0306013 
0.83303 0.0218057 0.0334936 0.0871429 0.00349112 0.00141652 0.01962 
