0.860937 0.0177896 0.0290511 0.0615192 0.00541893 0.00230874 0.0229756 
0.816635 0.0157686 0.0324585 0.101937 0.0053335 0.00244375 0.025423 
0.830435 0.0183239 0.0291713 0.0897036 0.00675182 0.00252332 0.0230916 
0.852727 0.0171844 0.0309509 0.061515 0.00658311 0.00294587 0.0280938 
0.874688 0.01372 0.0392243 0.0391254 0.0028535 0.00269324 0.0276953 
0.857228 0.0158932 0.0380196 0.0533434 0.00314043 0.00289 0.0294857 
0.858364 0.0165349 0.0413321 0.0509742 0.00344466 0.00223656 0.0271139 
0.877859 0.0218735 0.0436285 0.0263008 0.00424859 0.00173106 0.0243587 
0.866699 0.0213903 0.0406074 0.0430075 0.00426746 0.00177302 0.0222553 
0.867137 0.0241324 0.0448769 0.0397117 0.00335625 0.00175732 0.0190282 
0.862022 0.0238154 0.053471 0.0426413 0.00221894 0.00313116 0.0127001 
0.842683 0.035654 0.05378 0.0422737 0.00224201 0.0122846 0.011083 
0.814186 0.0256209 0.0747111 0.0437719 0.00133482 0.0264991 0.0138763 
0.455668 0.0510372 0.142539 0.171375 0.0062339 0.149594 0.023552 
0.839416 0.0258991 0.0617102 0.0411065 0.00126576 0.0185411 0.0120615 
0.871077 0.0221624 0.0440075 0.03678 0.00182877 0.00943317 0.0147114 
0.81508 0.0205477 0.0428296 0.0818192 0.00225156 0.0016718 0.0357998 
0.800372 0.0397542 0.0280521 0.103303 0.00303527 0.00228912 0.0231937 
0.841294 0.0480141 0.0255432 0.0604633 0.00483434 0.00226204 0.0175887 
0.839158 0.0415492 0.0258308 0.0712144 0.00386088 0.00192637 0.0164605 
0.833705 0.0173904 0.0404187 0.0793884 0.00242967 0.00198938 0.0246782 
0.842554 0.0281387 0.0340594 0.0775745 0.00256612 0.00175921 0.0133476 
0.836381 0.030248 0.0427666 0.0632058 0.00238676 0.00193128 0.0230806 
0.845537 0.0284378 0.0398071 0.0656034 0.00218932 0.00204756 0.0163781 
0.841379 0.0210032 0.0442089 0.0626473 0.0022291 0.00192089 0.0266114 
0.832508 0.0248989 0.0370874 0.0771843 0.00253891 0.00201084 0.0237719 
0.8621 0.027045 0.0324552 0.0539455 0.00274788 0.00238898 0.0193173 
0.880129 0.0201641 0.0368445 0.0375244 0.00221564 0.00247888 0.0206435 
0.80991 0.0172442 0.0425869 0.112723 0.00242498 0.00194892 0.0131622 
0.879799 0.0212021 0.0427719 0.0309328 0.00204717 0.00250396 0.0207429 
0.888108 0.0201211 0.0356995 0.0261117 0.00313139 0.00241414 0.0244139 
0.77454 0.018608 0.0291207 0.154151 0.00629418 0.00188599 0.0153993 
0.84801 0.0175921 0.0298392 0.0577543 0.0070857 0.00257301 0.0371455 
0.852083 0.0198456 0.0268261 0.0584601 0.00810179 0.00272261 0.0319605 
0.839966 0.0179717 0.0323124 0.0623259 0.00603286 0.00268427 0.0387073 
0.855764 0.0193247 0.0273004 0.0456749 0.00789535 0.00310379 0.0409371 
0.838117 0.0167313 0.0330243 0.0460755 0.00585755 0.00290904 0.0572852 
0.856987 0.0175803 0.0282674 0.0404409 0.00733448 0.00268879 0.0467008 
0.854471 0.0175155 0.0245759 0.0521514 0.00952429 0.00299925 0.0387623 
0.854569 0.0164307 0.0288681 0.0339184 0.00887119 0.00284368 0.0544993 
0.855713 0.0173455 0.0263837 0.0447874 0.0083069 0.00283244 0.0446314 
0.861309 0.0180001 0.0257954 0.038338 0.00994909 0.0027806 0.0438275 
0.857101 0.0170532 0.0262139 0.0437007 0.00987248 0.00282526 0.0432336 
0.854072 0.016948 0.026466 0.0443689 0.011458 0.00288858 0.0437986 
0.858739 0.0171757 0.0266243 0.0366365 0.0109354 0.00261826 0.0472707 
0.858506 0.0183579 0.0235497 0.0441342 0.0118369 0.00223972 0.0413755 
0.858228 0.0189577 0.0246619 0.0416281 0.0120442 0.00243126 0.0420493 
0.850997 0.018863 0.0259687 0.0434414 0.0106321 0.00240861 0.0476891 
0.854337 0.017952 0.0286604 0.0405474 0.00894063 0.0020978 0.0474652 
0.84552 0.0167248 0.031697 0.0337907 0.0065949 0.00239208 0.0632804 
0.841924 0.01885 0.0292944 0.0356066 0.00755688 0.00243492 0.064333 
0.839173 0.0179828 0.0287975 0.0419156 0.0098932 0.00238663 0.0598517 
0.851212 0.0167747 0.0317481 0.033213 0.00856056 0.00209663 0.0563951 
0.847068 0.0159614 0.0310308 0.0531575 0.00743673 0.00241337 0.0429317 
0.845393 0.0148575 0.0331449 0.0451695 0.00715665 0.0024215 0.0518566 
0.864377 0.0183323 0.0272955 0.0381053 0.00887919 0.00259248 0.0404181 
0.846946 0.0174904 0.029584 0.0362591 0.00863951 0.00248288 0.0585976 
0.851123 0.0137683 0.0326779 0.0414914 0.00727167 0.00187587 0.0517923 
0.842305 0.0163806 0.0321854 0.0476355 0.00714374 0.0017522 0.0525977 
0.841313 0.0144547 0.0363556 0.0341577 0.00560514 0.00210137 0.0660121 
0.843304 0.0157088 0.0323863 0.0322632 0.00852853 0.00215153 0.0656575 
0.845032 0.0155179 0.0321341 0.0364385 0.00753152 0.00210691 0.0612391 
0.840796 0.0159914 0.0315969 0.0410866 0.00780081 0.00223662 0.0604912 
0.852467 0.0144522 0.0322133 0.0392441 0.00877975 0.0021977 0.0506459 
0.860406 0.013577 0.0317618 0.0397346 0.00631428 0.00257618 0.0456297 
0.859773 0.0145844 0.0347659 0.0337054 0.00588774 0.00217026 0.0491134 
0.84801 0.0175921 0.0298392 0.0577543 0.0070857 0.00257301 0.0371455 
0.852083 0.0198456 0.0268261 0.0584601 0.00810179 0.00272261 0.0319605 
0.839966 0.0179717 0.0323124 0.0623259 0.00603286 0.00268427 0.0387073 
0.855764 0.0193247 0.0273004 0.0456749 0.00789535 0.00310379 0.0409371 
0.838117 0.0167313 0.0330243 0.0460755 0.00585755 0.00290904 0.0572852 
0.856987 0.0175803 0.0282674 0.0404409 0.00733448 0.00268879 0.0467008 
0.854471 0.0175155 0.0245759 0.0521514 0.00952429 0.00299925 0.0387623 
0.854569 0.0164307 0.0288681 0.0339184 0.00887119 0.00284368 0.0544993 
0.855713 0.0173455 0.0263837 0.0447874 0.0083069 0.00283244 0.0446314 
0.861309 0.0180001 0.0257954 0.038338 0.00994909 0.0027806 0.0438275 
0.857101 0.0170532 0.0262139 0.0437007 0.00987248 0.00282526 0.0432336 
0.854072 0.016948 0.026466 0.0443689 0.011458 0.00288858 0.0437986 
0.858739 0.0171757 0.0266243 0.0366365 0.0109354 0.00261826 0.0472707 
0.858506 0.0183579 0.0235497 0.0441342 0.0118369 0.00223972 0.0413755 
0.858228 0.0189577 0.0246619 0.0416281 0.0120442 0.00243126 0.0420493 
0.850997 0.018863 0.0259687 0.0434414 0.0106321 0.00240861 0.0476891 
0.854337 0.017952 0.0286604 0.0405474 0.00894063 0.0020978 0.0474652 
0.84552 0.0167248 0.031697 0.0337907 0.0065949 0.00239208 0.0632804 
0.841924 0.01885 0.0292944 0.0356066 0.00755688 0.00243492 0.064333 
0.839173 0.0179828 0.0287975 0.0419156 0.0098932 0.00238663 0.0598517 
0.851212 0.0167747 0.0317481 0.033213 0.00856056 0.00209663 0.0563951 
0.847068 0.0159614 0.0310308 0.0531575 0.00743673 0.00241337 0.0429317 
0.845393 0.0148575 0.0331449 0.0451695 0.00715665 0.0024215 0.0518566 
0.864377 0.0183323 0.0272955 0.0381053 0.00887919 0.00259248 0.0404181 
0.846946 0.0174904 0.029584 0.0362591 0.00863951 0.00248288 0.0585976 
0.851123 0.0137683 0.0326779 0.0414914 0.00727167 0.00187587 0.0517923 
0.842305 0.0163806 0.0321854 0.0476355 0.00714374 0.0017522 0.0525977 
0.841313 0.0144547 0.0363556 0.0341577 0.00560514 0.00210137 0.0660121 
0.843304 0.0157088 0.0323863 0.0322632 0.00852853 0.00215153 0.0656575 
0.845032 0.0155179 0.0321341 0.0364385 0.00753152 0.00210691 0.0612391 
0.840796 0.0159914 0.0315969 0.0410866 0.00780081 0.00223662 0.0604912 
0.852467 0.0144522 0.0322133 0.0392441 0.00877975 0.0021977 0.0506459 
0.860406 0.013577 0.0317618 0.0397346 0.00631428 0.00257618 0.0456297 
0.859773 0.0145844 0.0347659 0.0337054 0.00588774 0.00217026 0.0491134 
0.757345 0.0679871 0.0159734 0.135005 0.00761762 0.00227299 0.0137987 
0.767279 0.0689026 0.015923 0.124271 0.00727137 0.00240202 0.0139502 
0.792226 0.0619304 0.0165377 0.105774 0.00716621 0.00240799 0.0139573 
0.787812 0.0647231 0.0160256 0.105795 0.00819707 0.00254709 0.0149001 
0.775041 0.0606801 0.0176356 0.124419 0.00558612 0.00244915 0.0141886 
0.78379 0.0695861 0.0166982 0.107409 0.00558799 0.00270672 0.0142221 
0.794629 0.0662381 0.0164686 0.101358 0.00612631 0.00220967 0.0129701 
0.792097 0.0577688 0.0169452 0.110629 0.00643543 0.00220191 0.0139224 
0.772099 0.0771681 0.0157665 0.11027 0.00740029 0.00233301 0.0149631 
0.792818 0.0665914 0.016883 0.0993532 0.00602654 0.00242767 0.0159001 
0.800919 0.0750623 0.0145733 0.0823798 0.00823569 0.0026708 0.0161593 
0.794169 0.0657207 0.0172113 0.0977016 0.00589797 0.00218722 0.0171123 
0.790757 0.0511484 0.0165516 0.118777 0.00619326 0.00197889 0.0145939 
0.76239 0.0622252 0.0167635 0.133388 0.00615599 0.00203686 0.0170397 
0.777438 0.056498 0.0176055 0.12308 0.00577146 0.00199062 0.0176169 
0.796059 0.0582241 0.0174542 0.103567 0.00591582 0.0020694 0.0167101 
0.813337 0.047555 0.0202478 0.093483 0.00429765 0.00229393 0.0187852 
0.773355 0.047949 0.0180673 0.139001 0.00424836 0.00212531 0.0152538 
0.789593 0.0396975 0.0209298 0.12259 0.0034507 0.00261664 0.0211229 
0.783473 0.0448031 0.0192759 0.129549 0.00370967 0.00256855 0.0166203 
0.815619 0.0355462 0.0207841 0.102606 0.00354831 0.00265388 0.0192428 
0.773513 0.0382111 0.0188837 0.146726 0.00352228 0.00233028 0.0168137 
0.807465 0.0420774 0.0176943 0.110642 0.00433291 0.00230755 0.0154814 
0.821349 0.0350296 0.0201736 0.101001 0.00318583 0.0027152 0.0165462 
0.833778 0.0321626 0.020519 0.0900294 0.00371854 0.00238147 0.0174111 
0.828542 0.0351973 0.0176301 0.0945266 0.00479437 0.00235271 0.0169569 
0.83955 0.0304266 0.0233799 0.0821899 0.00284829 0.00242114 0.0191844 
0.850213 0.0408304 0.0239978 0.0570292 0.00263727 0.00266213 0.0226297 
0.838206 0.029641 0.0272434 0.0764736 0.00269023 0.00208589 0.0236604 
0.830719 0.0285281 0.0285444 0.0889696 0.00230219 0.0020542 0.0188822 
0.844236 0.0264986 0.0298302 0.071938 0.00235055 0.00231548 0.0228307 
0.847354 0.0391607 0.0235629 0.0648733 0.0026077 0.00299503 0.0194466 
0.828711 0.0375242 0.0244512 0.0830066 0.00285254 0.00224922 0.0212048 
0.824167 0.0326047 0.022221 0.0872701 0.00363237 0.00211897 0.0279854 
0.795462 0.0315513 0.0267207 0.11813 0.00237591 0.0020075 0.0237523 
0.829312 0.0328417 0.0279703 0.0720681 0.00243602 0.00245632 0.0329151 
0.80962 0.0400572 0.0233205 0.100112 0.00330496 0.00175505 0.0218309 
0.814977 0.0368402 0.0247884 0.0888159 0.0034892 0.0019482 0.0291408 
0.816424 0.0409616 0.0212174 0.094727 0.00349554 0.00203472 0.0211395 
0.807218 0.0398517 0.022881 0.103214 0.0035121 0.00174872 0.021574 
0.80958 0.0402763 0.0236589 0.101397 0.00356616 0.00164207 0.0198804 
0.81941 0.0423633 0.0212924 0.0904986 0.00391928 0.00200216 0.0205146 
0.805206 0.0383049 0.0230088 0.106128 0.00381933 0.00164058 0.0218922 
0.787172 0.0437624 0.0193711 0.127615 0.00446913 0.00177226 0.015838 
0.788838 0.0344264 0.0235663 0.127669 0.00341551 0.00178171 0.0203022 
0.778674 0.027681 0.0278357 0.144222 0.00271173 0.00185838 0.0170176 
0.808519 0.0404939 0.0225428 0.105546 0.00368138 0.00215949 0.0170576 
0.796799 0.0382632 0.0243255 0.116534 0.00323964 0.00202105 0.0188174 
0.804532 0.0417029 0.0212504 0.109948 0.00348629 0.00234105 0.0167401 
0.786114 0.0344531 0.0234734 0.135408 0.0029373 0.00209755 0.0155162 
0.783005 0.0337657 0.0222076 0.139415 0.0034532 0.00187881 0.0162756 
0.84801 0.0175921 0.0298392 0.0577543 0.0070857 0.00257301 0.0371455 
0.852083 0.0198456 0.0268261 0.0584601 0.00810179 0.00272261 0.0319605 
0.839966 0.0179717 0.0323124 0.0623259 0.00603286 0.00268427 0.0387073 
0.855764 0.0193247 0.0273004 0.0456749 0.00789535 0.00310379 0.0409371 
0.838117 0.0167313 0.0330243 0.0460755 0.00585755 0.00290904 0.0572852 
0.856987 0.0175803 0.0282674 0.0404409 0.00733448 0.00268879 0.0467008 
0.854471 0.0175155 0.0245759 0.0521514 0.00952429 0.00299925 0.0387623 
0.854569 0.0164307 0.0288681 0.0339184 0.00887119 0.00284368 0.0544993 
0.855713 0.0173455 0.0263837 0.0447874 0.0083069 0.00283244 0.0446314 
0.861309 0.0180001 0.0257954 0.038338 0.00994909 0.0027806 0.0438275 
0.857101 0.0170532 0.0262139 0.0437007 0.00987248 0.00282526 0.0432336 
0.854072 0.016948 0.026466 0.0443689 0.011458 0.00288858 0.0437986 
0.858739 0.0171757 0.0266243 0.0366365 0.0109354 0.00261826 0.0472707 
0.858506 0.0183579 0.0235497 0.0441342 0.0118369 0.00223972 0.0413755 
0.858228 0.0189577 0.0246619 0.0416281 0.0120442 0.00243126 0.0420493 
0.850997 0.018863 0.0259687 0.0434414 0.0106321 0.00240861 0.0476891 
0.854337 0.017952 0.0286604 0.0405474 0.00894063 0.0020978 0.0474652 
0.84552 0.0167248 0.031697 0.0337907 0.0065949 0.00239208 0.0632804 
0.841924 0.01885 0.0292944 0.0356066 0.00755688 0.00243492 0.064333 
0.839173 0.0179828 0.0287975 0.0419156 0.0098932 0.00238663 0.0598517 
0.851212 0.0167747 0.0317481 0.033213 0.00856056 0.00209663 0.0563951 
0.847068 0.0159614 0.0310308 0.0531575 0.00743673 0.00241337 0.0429317 
0.845393 0.0148575 0.0331449 0.0451695 0.00715665 0.0024215 0.0518566 
0.864377 0.0183323 0.0272955 0.0381053 0.00887919 0.00259248 0.0404181 
0.846946 0.0174904 0.029584 0.0362591 0.00863951 0.00248288 0.0585976 
0.851123 0.0137683 0.0326779 0.0414914 0.00727167 0.00187587 0.0517923 
0.842305 0.0163806 0.0321854 0.0476355 0.00714374 0.0017522 0.0525977 
0.841313 0.0144547 0.0363556 0.0341577 0.00560514 0.00210137 0.0660121 
0.843304 0.0157088 0.0323863 0.0322632 0.00852853 0.00215153 0.0656575 
0.845032 0.0155179 0.0321341 0.0364385 0.00753152 0.00210691 0.0612391 
0.840796 0.0159914 0.0315969 0.0410866 0.00780081 0.00223662 0.0604912 
0.852467 0.0144522 0.0322133 0.0392441 0.00877975 0.0021977 0.0506459 
0.860406 0.013577 0.0317618 0.0397346 0.00631428 0.00257618 0.0456297 
0.859773 0.0145844 0.0347659 0.0337054 0.00588774 0.00217026 0.0491134 
0.435705 0.387641 0.00791086 0.149035 0.00624524 0.00313318 0.0103305 
0.40311 0.356748 0.00713226 0.212347 0.00806519 0.00213896 0.0104579 
0.433045 0.35142 0.00766553 0.188874 0.00643445 0.00266291 0.0098982 
0.434088 0.342667 0.00704429 0.194527 0.0077878 0.00330181 0.0105839 
0.492191 0.322397 0.00942817 0.152522 0.00598145 0.0040823 0.0133978 
0.488851 0.345194 0.00952131 0.135376 0.00541698 0.00358211 0.0120586 
0.482166 0.350966 0.00878275 0.135828 0.00637645 0.00418042 0.0117004 
0.514982 0.297337 0.0106507 0.157489 0.00508135 0.00342495 0.0110353 
0.467616 0.354182 0.00763955 0.145235 0.00874825 0.0033762 0.0132027 
0.519624 0.245438 0.0109406 0.198271 0.00702091 0.00346616 0.0152399 
0.523745 0.297941 0.00809537 0.140297 0.0107009 0.00367423 0.0155466 
0.584818 0.223602 0.0100657 0.149919 0.00945523 0.0036373 0.0185027 
0.606786 0.247033 0.0085831 0.103263 0.0133466 0.00341424 0.0175744 
0.559649 0.281423 0.00758873 0.116793 0.0144351 0.00323601 0.0168743 
0.626907 0.231308 0.00978629 0.100278 0.0107761 0.00411931 0.0168254 
0.633906 0.196901 0.00950995 0.131933 0.0107337 0.00313129 0.013885 
0.671499 0.179748 0.0115968 0.105871 0.00911839 0.00374176 0.0184253 
0.660592 0.196736 0.011275 0.0980063 0.00964013 0.00386548 0.0198853 
0.708837 0.17622 0.0135975 0.0715556 0.00658083 0.0034656 0.0197434 
0.724028 0.113901 0.0169666 0.113805 0.00564092 0.00336963 0.0222886 
0.721846 0.155216 0.0153532 0.0725015 0.00646027 0.00361477 0.025008 
0.677887 0.202775 0.0161978 0.0630329 0.00626174 0.00413101 0.0297141 
0.667988 0.203647 0.0118477 0.0775711 0.0105893 0.00335143 0.0250058 
0.681566 0.181934 0.0123293 0.0873962 0.0106117 0.00406146 0.0221012 
0.703595 0.145659 0.0150651 0.0923853 0.0087955 0.00346051 0.0310395 
0.718356 0.133907 0.0133803 0.0938313 0.0121981 0.00351516 0.0248116 
0.708335 0.152371 0.0148891 0.080108 0.00918619 0.0050238 0.0300869 
0.657175 0.191659 0.0107988 0.103479 0.0123636 0.00388134 0.0206433 
0.723462 0.110027 0.0126517 0.11588 0.0122625 0.00324757 0.0224686 
0.675952 0.169508 0.0105385 0.0995489 0.0175621 0.00348295 0.0234072 
0.649238 0.197741 0.00967916 0.101782 0.0182196 0.00346524 0.0198741 
0.65498 0.178355 0.0100704 0.113265 0.0180258 0.00335239 0.0219516 
0.701264 0.155396 0.0115065 0.0938588 0.0123577 0.00336218 0.0222545 
0.729161 0.14533 0.0115157 0.0780438 0.0121061 0.00327753 0.0205667 
0.84801 0.0175921 0.0298392 0.0577543 0.0070857 0.00257301 0.0371455 
0.852083 0.0198456 0.0268261 0.0584601 0.00810179 0.00272261 0.0319605 
0.839966 0.0179717 0.0323124 0.0623259 0.00603286 0.00268427 0.0387073 
0.855764 0.0193247 0.0273004 0.0456749 0.00789535 0.00310379 0.0409371 
0.838117 0.0167313 0.0330243 0.0460755 0.00585755 0.00290904 0.0572852 
0.856987 0.0175803 0.0282674 0.0404409 0.00733448 0.00268879 0.0467008 
0.854471 0.0175155 0.0245759 0.0521514 0.00952429 0.00299925 0.0387623 
0.854569 0.0164307 0.0288681 0.0339184 0.00887119 0.00284368 0.0544993 
0.855713 0.0173455 0.0263837 0.0447874 0.0083069 0.00283244 0.0446314 
0.861309 0.0180001 0.0257954 0.038338 0.00994909 0.0027806 0.0438275 
0.857101 0.0170532 0.0262139 0.0437007 0.00987248 0.00282526 0.0432336 
0.854072 0.016948 0.026466 0.0443689 0.011458 0.00288858 0.0437986 
0.858739 0.0171757 0.0266243 0.0366365 0.0109354 0.00261826 0.0472707 
0.858506 0.0183579 0.0235497 0.0441342 0.0118369 0.00223972 0.0413755 
0.858228 0.0189577 0.0246619 0.0416281 0.0120442 0.00243126 0.0420493 
0.850997 0.018863 0.0259687 0.0434414 0.0106321 0.00240861 0.0476891 
0.854337 0.017952 0.0286604 0.0405474 0.00894063 0.0020978 0.0474652 
0.84552 0.0167248 0.031697 0.0337907 0.0065949 0.00239208 0.0632804 
0.841924 0.01885 0.0292944 0.0356066 0.00755688 0.00243492 0.064333 
0.839173 0.0179828 0.0287975 0.0419156 0.0098932 0.00238663 0.0598517 
0.851212 0.0167747 0.0317481 0.033213 0.00856056 0.00209663 0.0563951 
0.847068 0.0159614 0.0310308 0.0531575 0.00743673 0.00241337 0.0429317 
0.845393 0.0148575 0.0331449 0.0451695 0.00715665 0.0024215 0.0518566 
0.864377 0.0183323 0.0272955 0.0381053 0.00887919 0.00259248 0.0404181 
0.846946 0.0174904 0.029584 0.0362591 0.00863951 0.00248288 0.0585976 
0.851123 0.0137683 0.0326779 0.0414914 0.00727167 0.00187587 0.0517923 
0.842305 0.0163806 0.0321854 0.0476355 0.00714374 0.0017522 0.0525977 
0.841313 0.0144547 0.0363556 0.0341577 0.00560514 0.00210137 0.0660121 
0.843304 0.0157088 0.0323863 0.0322632 0.00852853 0.00215153 0.0656575 
0.845032 0.0155179 0.0321341 0.0364385 0.00753152 0.00210691 0.0612391 
0.840796 0.0159914 0.0315969 0.0410866 0.00780081 0.00223662 0.0604912 
0.852467 0.0144522 0.0322133 0.0392441 0.00877975 0.0021977 0.0506459 
0.860406 0.013577 0.0317618 0.0397346 0.00631428 0.00257618 0.0456297 
0.859773 0.0145844 0.0347659 0.0337054 0.00588774 0.00217026 0.0491134 
0.877883 0.0198321 0.0281112 0.0421221 0.00603299 0.00300658 0.023012 
0.855576 0.0200558 0.0301844 0.0670479 0.00514649 0.00270204 0.0192876 
0.85967 0.0220035 0.0294486 0.0636135 0.00488807 0.00268423 0.017692 
0.854859 0.0233864 0.0314982 0.0627761 0.00466445 0.00224861 0.0205671 
0.851433 0.0267653 0.0260836 0.0717418 0.00596261 0.00228248 0.0157315 
0.855439 0.029899 0.023694 0.0664064 0.00665014 0.00240025 0.0155114 
0.857412 0.0312422 0.0250728 0.062683 0.00581733 0.002314 0.0154589 
0.873018 0.0310715 0.0269704 0.0452644 0.00509136 0.00237182 0.0162126 
0.878501 0.0289364 0.0260029 0.0424837 0.00602678 0.00209952 0.0159498 
0.849939 0.0400245 0.0211713 0.0603812 0.00787884 0.00234073 0.0182643 
0.861848 0.0307621 0.0235319 0.054769 0.0065164 0.00258185 0.019991 
0.858531 0.0256579 0.02681 0.0590568 0.00523553 0.00224941 0.0224592 
0.866507 0.028967 0.0264536 0.0479063 0.00584896 0.002409 0.0219085 
0.867906 0.0248865 0.0283187 0.0458669 0.00516707 0.00266077 0.0251942 
0.882792 0.0236101 0.0270195 0.0345406 0.00580325 0.00235544 0.0238794 
0.857268 0.0192371 0.0280426 0.0644627 0.00636377 0.00241391 0.022212 
0.852613 0.0215488 0.0287044 0.0722988 0.00617324 0.00200779 0.016654 
0.872051 0.020287 0.0310588 0.0483836 0.00582575 0.00199873 0.0203955 
0.875925 0.0208749 0.0322637 0.0390469 0.00413501 0.00247309 0.0252815 
0.878935 0.0195047 0.0299345 0.0390829 0.00511869 0.00274271 0.0246812 
0.875385 0.0168072 0.033435 0.0476357 0.00454932 0.00216443 0.0200231 
0.872429 0.0185842 0.0323102 0.0479302 0.00533327 0.00234751 0.0210652 
0.876632 0.0152086 0.033826 0.0444941 0.00540253 0.00211484 0.0223216 
0.867274 0.016799 0.0339144 0.0441029 0.00483759 0.00255127 0.0305209 
0.87765 0.0192226 0.0292943 0.0453897 0.00563856 0.00223082 0.0205737 
0.877341 0.0152215 0.0358644 0.0401166 0.00289601 0.00282788 0.0257322 
0.867002 0.0168624 0.030962 0.0536457 0.00574335 0.00244182 0.0233424 
0.879866 0.0150985 0.031397 0.0378189 0.00492674 0.00284878 0.0280441 
0.880853 0.0138249 0.0343257 0.0393743 0.00487666 0.00281846 0.0239273 
0.863925 0.0142861 0.0369391 0.042714 0.00407022 0.00258061 0.0354851 
0.868106 0.0147044 0.0358603 0.0369049 0.00433681 0.00335374 0.0367341 
0.862675 0.016 0.033329 0.054434 0.00431275 0.00229396 0.0269557 
0.884314 0.0123268 0.0381251 0.0300379 0.00340663 0.00280908 0.0289802 
0.890248 0.0153796 0.0330056 0.0266699 0.00323839 0.00277459 0.0286835 
0.88192 0.0161835 0.0325926 0.0352019 0.00426385 0.00266973 0.0271687 
0.87967 0.0141496 0.0355741 0.034683 0.00434566 0.00266692 0.0289106 
0.890141 0.0171447 0.0343078 0.0281884 0.00366927 0.00247868 0.0240701 
0.886086 0.0131636 0.0397593 0.0216573 0.00302454 0.00248936 0.0338197 
0.881477 0.0154117 0.0386055 0.0302698 0.00288369 0.00218305 0.0291691 
0.858861 0.013557 0.0442392 0.0513952 0.00311578 0.0015927 0.0272392 
0.865323 0.0135285 0.0464889 0.0471772 0.00256855 0.00171792 0.0231959 
0.858657 0.0126916 0.0465237 0.0516125 0.00336227 0.00173546 0.0254177 
0.859746 0.0124044 0.0482894 0.0486202 0.00287636 0.00185611 0.0262077 
0.864143 0.0125903 0.046396 0.0476817 0.00375051 0.00166625 0.0237717 
0.845438 0.0123328 0.0414716 0.0743854 0.00621979 0.00121131 0.0189416 
0.853086 0.0111589 0.0454557 0.0554516 0.00430918 0.00167726 0.0288615 
0.86037 0.0114357 0.0473671 0.0403881 0.00387824 0.0016503 0.0349109 
0.860454 0.0129174 0.0456329 0.035782 0.00449791 0.00155635 0.0391599 
0.857791 0.0102672 0.0539774 0.0239721 0.00248594 0.00183348 0.0496726 
0.859349 0.0108935 0.047449 0.0480697 0.00384295 0.00154562 0.0288498 
0.848696 0.0111706 0.0440477 0.0631286 0.00455734 0.001493 0.0269072 
