0.839304 0.0233914 0.0475862 0.0117191 0.00150841 0.0362697 0.0402214 
0.848556 0.0411384 0.0463386 0.0113655 0.00122131 0.0119817 0.039399 
0.84791 0.0223585 0.0575568 0.0144521 0.00154974 0.0115314 0.0446409 
0.794187 0.0188481 0.061917 0.00613163 0.00130658 0.01969 0.0979194 
0.832099 0.0250392 0.0473013 0.00787704 0.0021727 0.0184231 0.0670877 
0.82229 0.0332323 0.0476771 0.01055 0.00249311 0.0151895 0.0685679 
0.804071 0.0301668 0.0485903 0.0104711 0.00204783 0.0127751 0.0918774 
0.833764 0.0347448 0.0352932 0.010131 0.0025131 0.0238407 0.0597128 
0.840029 0.0282725 0.0404665 0.0105131 0.00249591 0.0189825 0.0592409 
0.845863 0.0343316 0.0372471 0.0145545 0.00313622 0.0100167 0.0548512 
0.828683 0.0343458 0.0485252 0.00826056 0.00197112 0.0109604 0.0672538 
0.833449 0.0221923 0.0547131 0.00908361 0.00187424 0.00815251 0.0705348 
0.856445 0.03571 0.0437751 0.0139177 0.00192277 0.0102582 0.0379714 
0.860874 0.0341636 0.0400759 0.0177957 0.00302395 0.00982299 0.0342436 
0.870503 0.0289608 0.0425669 0.0157032 0.00190434 0.00809022 0.0322718 
0.85454 0.0264253 0.0534892 0.0110864 0.00149245 0.00753905 0.0454275 
0.849644 0.0228861 0.0559723 0.0100768 0.00168059 0.00861874 0.0511215 
0.866566 0.0320656 0.0466371 0.016992 0.00179905 0.00686731 0.0290728 
0.73987 0.028585 0.0497098 0.00725867 0.00182708 0.0199911 0.152759 
0.820068 0.0463696 0.04402 0.0116073 0.00176257 0.0164679 0.0597048 
0.845486 0.0414371 0.0394037 0.00896667 0.00184966 0.0152159 0.0476405 
0.861346 0.0374059 0.0369293 0.00570724 0.00203801 0.0144432 0.0421302 
0.851388 0.0360789 0.0315885 0.00798541 0.00258728 0.0259752 0.0443968 
0.85265 0.0337817 0.0392151 0.00694322 0.0018679 0.0145774 0.050965 
0.854412 0.0356145 0.0266458 0.0116547 0.00555485 0.0250675 0.0410512 
0.832544 0.0242868 0.0387906 0.00530828 0.00271586 0.0158207 0.0805336 
0.825675 0.0209158 0.0482096 0.00779567 0.00121819 0.0104895 0.0856965 
0.789356 0.0396527 0.0399208 0.00788799 0.0026584 0.0086532 0.111871 
0.812604 0.026517 0.043099 0.00965897 0.00176883 0.0114238 0.0949285 
0.795601 0.0247529 0.0460533 0.00620288 0.00175754 0.015071 0.110562 
0.77939 0.0361757 0.0327898 0.00406811 0.00171293 0.0267115 0.119152 
0.791022 0.0359143 0.0391988 0.00814669 0.0022689 0.0158878 0.107562 
0.813513 0.0288579 0.0422095 0.00699127 0.00237098 0.0108369 0.0952209 
0.817639 0.0217424 0.0443281 0.00529318 0.00132782 0.0114465 0.0982231 
0.855412 0.0283779 0.0404159 0.0073291 0.0013784 0.0084635 0.0586229 
0.840148 0.0195741 0.0473544 0.00554922 0.00163321 0.00772204 0.0780187 
0.874083 0.0281359 0.0311489 0.0208394 0.00490871 0.00541494 0.0354696 
0.900492 0.0228364 0.033312 0.00868978 0.00239935 0.0102973 0.0219732 
0.846991 0.0213883 0.03536 0.00748529 0.00216344 0.0136852 0.0729271 
0.828641 0.0222775 0.0359664 0.00768552 0.00229894 0.0130649 0.0900656 
0.776485 0.0239496 0.0373687 0.00635535 0.00253825 0.0157642 0.137539 
0.814088 0.0214135 0.0399608 0.00630427 0.00195918 0.0163983 0.0998759 
0.845216 0.0233502 0.0397831 0.00778467 0.00240025 0.00811519 0.0733502 
0.822313 0.0215377 0.037536 0.00636836 0.00222954 0.0116268 0.0983884 
0.799997 0.0260607 0.0302837 0.00712049 0.00340461 0.0231856 0.109948 
0.825126 0.0179089 0.0408539 0.0100318 0.00193755 0.0131332 0.091009 
0.787437 0.0207588 0.0430298 0.00801772 0.00157703 0.0225377 0.116642 
0.807489 0.0254782 0.0359756 0.00901587 0.00301431 0.0191139 0.099913 
0.790735 0.0204911 0.0388771 0.00867296 0.0018213 0.0172868 0.122116 
0.760939 0.021961 0.0364318 0.00517275 0.00185138 0.0260199 0.147624 
0.821142 0.0259375 0.0373879 0.00584948 0.00168612 0.0151866 0.0928099 
0.801777 0.0263091 0.03577 0.00709445 0.00145152 0.0197977 0.1078 
0.747399 0.0206728 0.0468731 0.00481135 0.00113992 0.0136764 0.165427 
0.70816 0.0211329 0.0397175 0.00505571 0.00185624 0.0220057 0.202071 
0.772263 0.0225585 0.0398171 0.00530204 0.00126703 0.022524 0.136269 
0.693918 0.0249537 0.0472413 0.00375081 9.65711E-4 0.0316333 0.197537 
0.742179 0.0208928 0.0462817 0.004269 0.00115106 0.01742 0.167807 
0.734784 0.0175622 0.0466758 0.00407037 0.00123489 0.0247868 0.170886 
0.79918 0.0198585 0.0443438 0.00505649 0.00111524 0.0160098 0.114436 
0.848584 0.0208008 0.0403657 0.00607067 0.0014882 0.0154487 0.0672418 
0.820184 0.0248953 0.0357737 0.0098217 0.00205245 0.0167655 0.0905075 
0.7946 0.0249397 0.0411235 0.0085131 0.00143549 0.0108919 0.118496 
0.757237 0.0218772 0.042803 0.00603009 0.00167206 0.0128363 0.157544 
0.765778 0.0252409 0.0419119 0.00560125 0.00155939 0.0129222 0.146986 
0.811898 0.0263135 0.039375 0.00637883 0.00181363 0.0149604 0.0992602 
0.819957 0.0264735 0.0342425 0.0100077 0.00246879 0.0186504 0.0882004 
0.802151 0.0222566 0.0356377 0.00763658 0.00185246 0.0165457 0.11392 
0.800415 0.0266395 0.0393333 0.00478703 0.00149917 0.0153351 0.111991 
0.81984 0.0364249 0.0363461 0.00728258 0.00181231 0.0129318 0.0853625 
0.794002 0.0331897 0.0344641 0.00686635 0.00165581 0.017719 0.112103 
0.810537 0.0345675 0.0296499 0.00780453 0.00192271 0.0217692 0.0937492 
0.773481 0.0394584 0.030481 0.00764818 0.00214045 0.0355651 0.111226 
0.769491 0.0260849 0.0337515 0.00622007 0.00193298 0.0257417 0.136778 
0.73779 0.0285718 0.0367391 0.00524024 0.00181306 0.0169163 0.172929 
0.77666 0.0205052 0.0392745 0.00689906 0.00165907 0.0130231 0.14198 
0.8003 0.0267011 0.0365025 0.00540995 0.00126595 0.016117 0.113704 
0.809954 0.0223722 0.0393086 0.00392388 0.00226151 0.015641 0.106539 
0.827736 0.0203596 0.0397775 0.00432079 0.00183202 0.0228161 0.0831584 
0.858328 0.0243189 0.0407335 0.00767091 0.00205606 0.00841172 0.0584808 
0.810461 0.0170711 0.0497984 0.00497088 0.00129834 0.0149598 0.101441 
0.852616 0.0193024 0.048144 0.00836342 0.00146505 0.00692302 0.0631865 
0.828647 0.0207161 0.0511262 0.00755407 0.00146994 0.00770578 0.0827812 
0.86405 0.0211147 0.0363352 0.00605429 0.0016983 0.0177625 0.0529853 
0.839937 0.0253588 0.0473922 0.00516651 0.00155588 0.0153124 0.0652768 
0.872754 0.0222985 0.0445509 0.00548828 0.0010098 0.0143299 0.0395685 
0.840516 0.019416 0.0494891 0.00399618 0.00128826 0.013382 0.0719125 
0.814227 0.0245948 0.0487857 0.00400414 0.00167969 0.0167336 0.0899752 
0.844752 0.0183541 0.0452153 0.00350054 0.0012014 0.0219946 0.0649818 
0.834698 0.0220752 0.0421042 0.00704682 0.00165625 0.0171244 0.0752953 
0.837279 0.0257233 0.0445043 0.00722791 0.00164886 0.0147067 0.0689097 
0.848255 0.0285582 0.0335938 0.00929325 0.00335439 0.018425 0.0585199 
0.869553 0.0187238 0.0378118 0.00575151 0.00157658 0.0151701 0.0514129 
0.80411 0.0217289 0.0565197 0.00394953 7.89965E-4 0.0122847 0.100618 
0.797579 0.020932 0.0475537 0.00570026 0.00120103 0.0136793 0.113354 
0.787933 0.0239124 0.0590066 0.00501263 8.62827E-4 0.00839601 0.114877 
0.662344 0.0156643 0.0739721 0.00526877 8.9452E-4 0.00875071 0.233105 
0.754678 0.0145193 0.0620821 0.00421355 0.00121531 0.0105036 0.152788 
0.72247 0.0200675 0.0575941 0.00431421 0.00160848 0.0103439 0.183602 
0.734757 0.0274221 0.0485273 0.00410364 0.00128657 0.0133674 0.170535 
0.769156 0.0286198 0.0486621 0.00506727 0.00130618 0.0121479 0.135041 
0.698745 0.0308557 0.048271 0.00405998 0.00148516 0.016662 0.199922 
0.736021 0.023762 0.0594472 0.00669121 0.00134716 0.00756022 0.165171 
0.784874 0.0322304 0.0502765 0.00960854 0.00130382 0.00766254 0.114044 
0.805759 0.0404509 0.0429124 0.00744136 0.00189113 0.00916116 0.0923841 
0.825659 0.0348292 0.0380846 0.00683626 0.00232325 0.0101997 0.082068 
0.813664 0.0275838 0.0421528 0.00755732 0.00136182 0.0096822 0.0979978 
0.768375 0.0256974 0.0463612 0.00545557 0.00126861 0.0120731 0.140769 
0.836403 0.0334989 0.0383756 0.00716668 0.00204589 0.011352 0.0711575 
0.766257 0.0288851 0.0428793 0.00721036 0.00173431 0.0123985 0.140635 
0.828711 0.0311385 0.0417964 0.00822198 0.00224168 0.00960169 0.0782883 
0.787231 0.0168941 0.0564356 0.00726499 0.00144306 0.00828989 0.122441 
0.799745 0.0181727 0.0552788 0.00503587 0.00115574 0.0105454 0.110066 
0.840518 0.0240911 0.0403805 0.00784417 0.00254044 0.00732592 0.0772994 
0.832749 0.0252702 0.0447154 0.00748571 0.00170429 0.00908275 0.0789924 
0.763355 0.0270988 0.0506665 0.00547999 0.00149556 0.0101099 0.141794 
0.750863 0.0319533 0.0492521 0.00436558 0.00200594 0.0103071 0.151252 
0.676454 0.0276053 0.047809 0.00653239 0.00173697 0.00697167 0.23289 
0.819505 0.0202683 0.0487189 0.00669916 0.00135533 0.00544922 0.0980041 
0.842879 0.023938 0.04203 0.00769941 0.00122912 0.00915494 0.0730699 
0.792687 0.0200529 0.0504785 0.00660073 0.00103323 0.00844747 0.1207 
0.844412 0.0235334 0.0476744 0.00787395 9.52899E-4 0.0102004 0.0653534 
0.818579 0.0236076 0.0381782 0.00777341 0.00142454 0.0132208 0.0972161 
0.803363 0.0247165 0.0452839 0.0104146 0.00163542 0.0108663 0.10372 
0.707235 0.0199863 0.0649971 0.0075065 0.00104489 0.00734808 0.191882 
0.696502 0.0169269 0.0593285 0.00464164 0.00151538 0.0170727 0.204013 
0.705258 0.0150824 0.066154 0.00373592 0.00125978 0.0145408 0.193969 
0.750512 0.0180106 0.0526076 0.00353291 0.00110251 0.0213699 0.152865 
0.755975 0.0200877 0.0502131 0.00487804 0.00132093 0.0176216 0.149903 
0.754093 0.0191257 0.0484105 0.00561734 0.00167097 0.0114536 0.159629 
0.737253 0.0192938 0.0686533 0.00361421 7.24948E-4 0.0139878 0.156472 
0.743943 0.0202441 0.0566943 0.00386097 0.00116915 0.00828964 0.165798 
0.843216 0.0216546 0.0325831 0.00879998 0.00344079 0.0161885 0.0741168 
0.782255 0.0166028 0.0548353 0.00593004 0.00104496 0.0159333 0.123399 
0.747211 0.0149946 0.0629152 0.0046375 0.00104655 0.0145795 0.154616 
0.79418 0.0205052 0.0482624 0.0044984 0.00110771 0.0133065 0.11814 
0.713451 0.0166262 0.0647343 0.00442162 7.84273E-4 0.0138701 0.186113 
0.644413 0.0195184 0.0855426 0.0036264 9.35504E-4 0.00687691 0.239088 
0.752384 0.0213892 0.0575092 0.00512936 0.00122372 0.00829997 0.154065 
0.764462 0.0236952 0.0515425 0.00707592 0.00121034 0.00980033 0.142214 
0.829956 0.0182442 0.0489329 0.00789167 0.0011974 0.0101239 0.0836539 
0.698319 0.0181198 0.055467 0.00599263 0.0012711 0.0127172 0.208113 
0.704566 0.0204782 0.0468572 0.00644214 0.00164855 0.0160738 0.203934 
0.780918 0.0270627 0.0475138 0.00894467 0.00212425 0.00923357 0.124203 
0.81635 0.023927 0.0446388 0.011493 0.00178288 0.00703289 0.0947759 
0.790006 0.0319919 0.04841 0.012705 0.00164406 0.00506674 0.110177 
0.848576 0.0321019 0.0326908 0.0116091 0.00224816 0.00976111 0.063013 
0.83639 0.0273567 0.0327141 0.00870554 0.00228181 0.0162457 0.0763062 
0.820557 0.0240923 0.0347648 0.00977828 0.00319598 0.0136909 0.0939207 
0.822027 0.0292418 0.0388201 0.00956219 0.00234237 0.0131574 0.0848491 
0.814456 0.046177 0.0394463 0.015966 0.00262608 0.00696862 0.0743596 
0.827889 0.0311423 0.038841 0.00893017 0.00182272 0.00815744 0.0832176 
0.818213 0.0351211 0.0381517 0.010828 0.00187461 0.00848623 0.087325 
0.837429 0.0312596 0.0398778 0.0127003 0.00226761 0.00734363 0.0691223 
0.860165 0.027584 0.0411732 0.00961597 0.00159693 0.00554538 0.0543195 
0.84176 0.0286252 0.0421699 0.0104418 0.00167137 0.00697457 0.0683573 
0.830644 0.0297282 0.0393059 0.0105503 0.00287244 0.00832241 0.0785766 
0.806805 0.0248426 0.0500932 0.00700987 0.0014747 0.00825746 0.101517 
0.852097 0.0220749 0.0468167 0.0140069 0.00180864 0.00584851 0.0573478 
0.803536 0.0409092 0.0394112 0.0132823 0.00273311 0.0070896 0.0930391 
0.812627 0.0217988 0.0427728 0.00809834 0.00233476 0.00916469 0.103204 
0.826322 0.0424855 0.0331668 0.0128652 0.00330532 0.0092746 0.07258 
0.793156 0.0318528 0.0369415 0.00639946 0.00267154 0.0105835 0.118395 
0.800524 0.0309216 0.0342842 0.00887225 0.00330541 0.00845398 0.113639 
0.713447 0.028995 0.045914 0.00495055 0.00175343 0.0123013 0.192639 
0.710102 0.0399525 0.0454509 0.00662691 0.00147889 0.0132812 0.183108 
0.639346 0.0295902 0.0389069 0.00485918 0.00216294 0.0268964 0.258239 
0.702628 0.0190092 0.0492034 0.00498327 0.00148379 0.0128091 0.209883 
0.78489 0.018466 0.054394 0.00518338 0.0012714 0.00828998 0.127505 
0.852088 0.0276421 0.033195 0.0098569 0.00358383 0.00894713 0.0646868 
0.775978 0.019434 0.0447722 0.00696237 0.00190006 0.0104126 0.14054 
0.807758 0.0164202 0.0518297 0.00709717 0.00170627 0.00739749 0.107791 
0.73108 0.0176861 0.0590582 0.00440049 0.00136828 0.0132965 0.173111 
0.725231 0.0186012 0.0566709 0.00374 0.00113122 0.0136022 0.181024 
0.631496 0.0179684 0.0629858 0.0031437 0.00135891 0.0182162 0.264831 
0.730512 0.0279659 0.0638751 0.00383581 0.00104985 0.0134203 0.159341 
0.717736 0.019113 0.0644703 0.00349134 0.00120378 0.0151601 0.178825 
0.718928 0.0213747 0.0545247 0.00429149 0.00186428 0.0154503 0.183567 
0.763219 0.0157383 0.0492221 0.00556936 0.00235342 0.0175773 0.14632 
0.759546 0.0185399 0.0502235 0.00490076 0.00155117 0.01741 0.147829 
0.675202 0.0196639 0.0590186 0.00447572 0.00159306 0.0132839 0.226762 
0.730761 0.0209496 0.0451249 0.00425863 0.00183039 0.0182579 0.178818 
0.8024 0.0182523 0.0391832 0.00584741 0.00261778 0.0128835 0.118816 
0.790291 0.0293929 0.0381096 0.00768358 0.00192188 0.0119587 0.120642 
0.691164 0.0209536 0.0463594 0.00533785 0.00314596 0.0127791 0.22026 
0.763954 0.0295444 0.0396848 0.00590171 0.00303594 0.011935 0.145944 
0.703479 0.0206274 0.0470268 0.00555438 0.00183981 0.0122741 0.209198 
0.817267 0.0273813 0.0371882 0.00792882 0.00261127 0.0103196 0.0973037 
0.785371 0.0279235 0.0458758 0.00766888 0.00169621 0.00942306 0.122041 
0.804424 0.0225978 0.0433103 0.00811781 0.00217395 0.00886697 0.110509 
0.813121 0.0312377 0.0480854 0.00814858 0.00162598 0.00592005 0.091861 
0.812903 0.0296689 0.0424551 0.00881512 0.00183004 0.00907016 0.0952573 
0.858891 0.0319086 0.0369536 0.0151197 0.00330837 0.00606417 0.0477544 
0.822604 0.0353988 0.0424526 0.0145438 0.00223356 0.00846318 0.0743045 
0.802584 0.027909 0.0557576 0.0116047 0.00125667 0.00590954 0.0949782 
0.84992 0.0237256 0.0467711 0.00850052 0.00147379 0.008285 0.0613242 
0.787358 0.0280436 0.0525335 0.00971111 0.00132707 0.00534505 0.115682 
0.773877 0.0349702 0.0454639 0.00739858 0.00158464 0.0096131 0.127092 
0.801745 0.0315803 0.0346365 0.00759536 0.00201639 0.012689 0.109738 
0.804872 0.0340554 0.0346227 0.00903663 0.0028421 0.0106301 0.103941 
0.791764 0.0276589 0.0403912 0.00666824 0.00233113 0.00810454 0.123082 
0.795713 0.024497 0.039716 0.00981042 0.00176866 0.00724978 0.121245 
0.766595 0.0336496 0.0443593 0.00922992 0.00150756 0.00573964 0.138919 
0.774902 0.0274172 0.0375875 0.00875635 0.00199069 0.00953089 0.139816 
0.807979 0.0245959 0.0472005 0.00453857 0.0010329 0.0108561 0.103797 
0.801091 0.0230554 0.0471442 0.00574366 0.00135445 0.00831639 0.113295 
0.763604 0.0249348 0.0460258 0.00460862 9.86769E-4 0.0187433 0.141097 
0.847768 0.0298161 0.0497032 0.0099086 0.00115688 0.017782 0.0438655 
0.651897 0.023777 0.0761354 0.00208752 0.00115977 0.12816 0.116783 
0.736571 0.0335665 0.0465457 0.00193964 0.00296109 0.0686755 0.10974 
0.758317 0.0534889 0.072743 0.00186177 0.00230669 0.0144086 0.0968742 
0.777112 0.0465517 0.0567538 0.00159114 0.00252212 0.0303984 0.0850712 
0.723464 0.0460984 0.0828424 7.49534E-4 0.00169163 0.058478 0.0866764 
0.790093 0.0390287 0.0595258 0.00128072 0.00351224 0.0419229 0.0646367 
0.799021 0.0563105 0.0502199 0.00163622 0.00193756 0.0401307 0.0507436 
0.816103 0.0868004 0.0332974 0.0080797 0.00406107 0.0162118 0.0354467 
0.798905 0.0741477 0.0231149 0.0368085 0.00732895 0.0247881 0.0349073 
0.737551 0.130938 0.0174002 0.0740008 0.0113506 0.00891914 0.0198407 
0.710222 0.147952 0.0171166 0.0837473 0.0120688 0.00954578 0.0193477 
0.790788 0.0856653 0.0234175 0.0360583 0.00659348 0.0148159 0.0426612 
0.788348 0.0838294 0.0245507 0.0383969 0.00605435 0.0120284 0.0467926 
0.753042 0.123412 0.0152604 0.0540369 0.0149945 0.0132953 0.0259585 
0.809061 0.0721939 0.029611 0.0393582 0.00486688 0.0127703 0.0321392 
0.817854 0.071995 0.0269184 0.0447617 0.00536646 0.00739248 0.0257118 
0.786279 0.0824575 0.0254041 0.0693318 0.00631835 0.00740123 0.0228077 
0.80307 0.102632 0.0239666 0.0237505 0.00814684 0.0108482 0.0275858 
0.812183 0.0678477 0.0309395 0.0291307 0.00447021 0.0143381 0.0410904 
0.797785 0.065344 0.0281147 0.0577885 0.00671897 0.00681196 0.0374367 
0.79384 0.0375238 0.0410273 0.027876 0.00272124 0.00555014 0.0914618 
0.846463 0.0407467 0.0301809 0.0117545 0.00656952 0.014096 0.0501896 
0.856432 0.0385742 0.0308373 0.0162186 0.00501364 0.00925644 0.0436674 
0.855471 0.0259582 0.0373834 0.0115946 0.00331679 0.00619638 0.0600799 
0.847676 0.0217391 0.0367392 0.00783408 0.00415918 0.00817327 0.0736789 
0.863065 0.0280084 0.0390594 0.00700968 0.00317568 0.00651171 0.0531701 
0.875185 0.0230337 0.040737 0.00694789 0.00283449 0.00583449 0.0454277 
0.875543 0.0209608 0.0423055 0.0109297 0.00410527 0.00471781 0.0414377 
0.869382 0.0265078 0.041374 0.00943706 0.00248672 0.00505609 0.0457561 
0.87437 0.0229584 0.0386531 0.00895089 0.00231876 0.00808582 0.0446626 
0.863145 0.024671 0.0353922 0.00893701 0.00359009 0.00977515 0.0544898 
0.84926 0.0278729 0.0402018 0.00688279 0.00238396 0.00696913 0.066429 
0.842359 0.0313217 0.0391091 0.00836059 0.00239043 0.00682817 0.069631 
0.842392 0.0238731 0.0428266 0.00829069 0.00217662 0.00709537 0.0733455 
0.810651 0.0272607 0.0441979 0.00567883 0.00186953 0.0132385 0.097103 
0.832471 0.0285456 0.0420592 0.0095383 0.00280881 0.0096426 0.0749346 
0.822676 0.0199784 0.0468062 0.00677039 0.00190554 0.0114653 0.0903983 
0.841977 0.0217512 0.0426383 0.00782877 0.00233476 0.0103315 0.0731387 
0.746117 0.0231402 0.0488672 0.00478468 0.00275458 0.0124288 0.161908 
0.854205 0.0271595 0.0428275 0.00814439 0.00282323 0.00669452 0.0581463 
0.781465 0.0238705 0.0537688 0.0053085 0.00269215 0.00811004 0.124785 
0.852083 0.0229926 0.0496231 0.00423199 0.00157964 0.00836994 0.0611198 
0.883271 0.0275152 0.0339087 0.00504856 0.00308867 0.0079764 0.0391913 
0.861768 0.0228858 0.0387499 0.00462869 0.00229806 0.00792743 0.0617417 
0.864471 0.0507471 0.0289315 0.00721171 0.00442976 0.00959317 0.0346154 
0.855533 0.0600646 0.0209605 0.00755784 0.0075039 0.0170845 0.0312958 
0.872553 0.0507581 0.026183 0.0158685 0.00402269 0.00521707 0.0253974 
0.877004 0.0397616 0.0292652 0.00849319 0.00309979 0.00798641 0.0343897 
0.869 0.0359537 0.0338419 0.00608974 0.00296941 0.0137895 0.0383562 
0.837609 0.0396879 0.0382504 0.00635364 0.0026422 0.0109205 0.0645366 
0.835781 0.0301577 0.0403572 0.00535282 0.00259336 0.0154042 0.0703536 
0.780451 0.0256611 0.0473629 0.00458391 0.00224802 0.0129527 0.12674 
0.831396 0.0286117 0.0431658 0.0055591 0.00279804 0.0101553 0.0783145 
0.829155 0.0292643 0.0409582 0.00815437 0.00229142 0.00913619 0.0810404 
0.809908 0.0238323 0.047591 0.00681473 0.00308852 0.00558251 0.103183 
0.831238 0.0294669 0.0437949 0.00663692 0.00233306 0.0101333 0.0763973 
0.840639 0.030331 0.0374372 0.00510872 0.0023206 0.0103461 0.0738175 
0.856856 0.0287886 0.0432519 0.00675989 0.00193423 0.00707504 0.0553346 
0.84059 0.0331267 0.0367404 0.00472464 0.00241097 0.0152751 0.0671321 
0.815561 0.0428426 0.0342011 0.0068291 0.00263078 0.00981915 0.0881165 
0.857005 0.0375901 0.0347954 0.00876648 0.00332489 0.00684326 0.0516745 
0.842896 0.0360414 0.0356436 0.00907903 0.00240982 0.0113033 0.0626267 
0.862312 0.0340397 0.030931 0.0100912 0.00323615 0.0111644 0.0482258 
0.831978 0.0256937 0.0375342 0.00616472 0.00259688 0.0131676 0.0828644 
0.86254 0.0264805 0.0429291 0.00738559 0.00189091 0.00888433 0.0498899 
0.847704 0.0371811 0.0378897 0.00822875 0.0021652 0.0104159 0.0564156 
0.843203 0.0462549 0.0393885 0.00954992 0.00270197 0.00754502 0.0513562 
0.828567 0.0275645 0.0448532 0.00589314 0.00192075 0.00647646 0.0847248 
0.764431 0.0266646 0.0555267 0.00432548 0.00175213 0.00901385 0.138286 
0.779745 0.0262232 0.0473701 0.00495898 0.00180144 0.00890821 0.130993 
0.815957 0.0289712 0.0457222 0.00520282 0.00291251 0.00646377 0.0947701 
0.805342 0.0262585 0.0413523 0.00612811 0.00267467 0.0103779 0.107866 
0.678833 0.0241293 0.0532844 0.00446375 0.00165532 0.0125557 0.225079 
0.775559 0.0237703 0.051488 0.00379584 0.00158778 0.0157555 0.128044 
0.645382 0.0256288 0.0521305 0.0037369 0.00221772 0.0170732 0.253831 
0.679315 0.0326532 0.0435388 0.00411784 0.00364219 0.0146857 0.222047 
0.850754 0.0321197 0.0345501 0.00645362 0.00321476 0.0109711 0.0619371 
0.822681 0.045563 0.0290845 0.00685425 0.00467069 0.0128301 0.0783169 
0.816037 0.0455296 0.0344828 0.0100594 0.00513795 0.0084187 0.0803346 
0.822448 0.0273539 0.0355811 0.00683793 0.00298018 0.012374 0.0924249 
0.81374 0.0209056 0.0478629 0.00519237 0.00181599 0.0084356 0.102047 
0.839161 0.0219941 0.0461994 0.00599752 0.00261088 0.00470451 0.0793327 
0.760157 0.0204543 0.0546083 0.00395653 0.00144584 0.0156932 0.143685 
0.738433 0.0238459 0.0562256 0.00372342 0.00129812 0.00951191 0.166962 
0.80652 0.0175344 0.0522402 0.00378832 0.00163373 0.00832475 0.109958 
0.825273 0.0224571 0.0430174 0.00403988 0.00234617 0.0103702 0.0924966 
0.706058 0.0276709 0.0524606 0.00445998 0.00210186 0.00715269 0.200096 
0.721556 0.0223314 0.0585622 0.00447507 0.00208216 0.00963652 0.181357 
0.759611 0.0226628 0.0534619 0.00596366 0.00162872 0.00635721 0.150315 
0.830016 0.0251315 0.0393579 0.0102761 0.00342391 0.00638782 0.0854068 
0.811022 0.0265301 0.0387687 0.00993787 0.00364831 0.0074135 0.102679 
0.761965 0.0277731 0.0457028 0.00719497 0.00240215 0.0116779 0.143284 
0.801313 0.029107 0.05124 0.0110975 0.0027256 0.00452551 0.0999916 
0.845554 0.0290534 0.0414031 0.00905236 0.00276821 0.00741367 0.0647556 
0.826863 0.0251177 0.0414072 0.00651485 0.00265842 0.00906001 0.0883785 
0.81116 0.0219514 0.0430062 0.00774621 0.00296909 0.0104456 0.102721 
0.801769 0.0263183 0.0421033 0.00745074 0.00298591 0.0101637 0.109209 
0.804818 0.0245016 0.0502389 0.00721817 0.00304734 0.00574451 0.104432 
0.797588 0.0240396 0.0471977 0.00432559 0.0032285 0.0099412 0.11368 
0.769626 0.0267251 0.0499491 0.00553965 0.00235863 0.00692155 0.13888 
0.756206 0.030074 0.0492549 0.0056107 0.00199523 0.00934471 0.147514 
0.771631 0.030785 0.044411 0.00696744 0.00284286 0.00674401 0.136619 
0.805693 0.0224025 0.0482501 0.00607355 0.00235171 0.00649234 0.108737 
0.835785 0.0275435 0.0432554 0.00591701 0.00208399 0.00768021 0.0777348 
0.815518 0.0259815 0.0476809 0.00528482 0.00215699 0.00776049 0.0956176 
0.784046 0.0218247 0.0522185 0.00407703 0.00203961 0.0107617 0.125032 
0.806785 0.0213156 0.0482714 0.00538965 0.00212531 0.00910514 0.107008 
0.763035 0.0190481 0.0623895 0.00483575 0.00142592 0.00697646 0.142289 
0.745905 0.0227877 0.0551473 0.0048752 0.00118359 0.00849334 0.161608 
0.741684 0.0231148 0.0528239 0.00408144 0.00142228 0.0140002 0.162874 
0.787073 0.0188747 0.0474621 0.0057436 0.00199077 0.0121331 0.126722 
0.752355 0.0247344 0.0526981 0.00458421 0.00172621 0.0101563 0.153745 
0.789742 0.0215508 0.0566255 0.0045877 0.00122332 0.00997567 0.116296 
0.745613 0.0205339 0.0575278 0.00579727 0.00153014 0.00874365 0.160254 
0.755115 0.0239231 0.0590552 0.00441045 0.00127212 0.0101719 0.146052 
0.758243 0.0261606 0.0497208 0.00576591 0.00285276 0.00977973 0.147477 
0.837773 0.0223627 0.0386626 0.00711446 0.00346463 0.0138419 0.0767809 
0.788056 0.0213884 0.0468914 0.00768153 0.0031501 0.00918837 0.123645 
0.749947 0.0216518 0.0515589 0.00498555 0.00183874 0.0112078 0.15881 
0.72858 0.0216686 0.0471333 0.0070089 0.00174728 0.0121335 0.181728 
0.745848 0.0223333 0.0449251 0.0077899 0.00216902 0.00910952 0.167825 
0.80352 0.0249533 0.0482849 0.00643241 0.00167963 0.00720738 0.107923 
0.633299 0.0174166 0.0854915 0.00376273 8.22426E-4 0.00762139 0.251586 
0.709969 0.0174587 0.077491 0.00365119 9.11803E-4 0.00656915 0.183949 
0.762448 0.027436 0.0571217 0.00423504 0.00121087 0.0108465 0.136702 
0.715536 0.019889 0.0635992 0.00402878 0.00124107 0.0138075 0.181898 
0.749823 0.0221697 0.0610271 0.00412507 0.00183351 0.00898915 0.152032 
0.750202 0.0208775 0.0579643 0.00334765 0.00259376 0.0113885 0.153626 
0.789469 0.0202703 0.0568499 0.00423147 0.00217897 0.00878594 0.118215 
0.774117 0.017812 0.0646952 0.0041778 0.00115963 0.00922931 0.128809 
0.766778 0.0158403 0.0693297 0.00356448 9.72653E-4 0.01128 0.132235 
0.770924 0.0201509 0.0532611 0.00355408 0.00114555 0.0112218 0.139742 
0.78998 0.0218497 0.0559396 0.00442398 0.00153694 0.00931371 0.116957 
0.806718 0.0242106 0.0574335 0.00459215 0.0015503 0.00554817 0.0999472 
0.816567 0.0289404 0.0504047 0.00714554 0.00165663 0.00624789 0.0890377 
0.806806 0.0194737 0.056596 0.00600123 0.00147769 0.0066925 0.102953 
0.771609 0.0232652 0.0537833 0.00523105 0.00201338 0.00721221 0.136886 
0.816351 0.0266437 0.0420049 0.0062284 0.00302423 0.00687558 0.0988717 
0.830037 0.0310561 0.0474571 0.00390804 0.00149258 0.00744286 0.0786059 
0.780466 0.0218816 0.0582448 0.00403406 0.00144859 0.00813855 0.125787 
0.775418 0.0199033 0.0608889 0.00359973 0.00143006 0.00917657 0.129584 
0.800762 0.0237352 0.0475983 0.00365747 0.00229452 0.0169378 0.105015 
0.749167 0.0215718 0.0497087 0.00423799 0.00274232 0.014004 0.158568 
0.810652 0.0190645 0.0531818 0.00392522 0.00246621 0.00874497 0.101966 
0.778846 0.0215986 0.0540786 0.00391113 0.002007 0.0101395 0.129419 
0.799619 0.0224103 0.0563743 0.00478478 0.00134096 0.00673949 0.108731 
0.809883 0.0195292 0.0442581 0.00466319 0.00197852 0.0153524 0.104336 
0.809541 0.0244905 0.0466653 0.00420879 0.00156916 0.0135449 0.0999803 
0.781105 0.020529 0.0518038 0.00406675 0.0013526 0.0121204 0.129023 
0.815064 0.0189322 0.0444389 0.00748316 0.00223894 0.0072783 0.104565 
0.839747 0.0152636 0.0486378 0.00525057 0.00212524 0.00792231 0.081053 
0.883713 0.0204185 0.0465649 0.00458013 0.00204621 0.022827 0.0198499 
0.392641 0.032656 0.0556357 0.00143543 0.00146963 0.495553 0.0206097 
0.441447 0.0449285 0.0620053 0.00127757 0.00188298 0.430523 0.0179349 
0.773507 0.016541 0.0610997 0.00594188 0.00363471 0.0696898 0.0695862 
0.704225 0.0232566 0.0592891 0.00514922 0.00334075 0.129848 0.0748909 
0.716093 0.0251022 0.0507542 0.00427182 0.00336639 0.139136 0.0612769 
0.774839 0.0224227 0.0521897 0.00399351 0.00213266 0.0999915 0.0444308 
0.803691 0.0310943 0.0436317 0.00288355 0.00245336 0.0750768 0.0411693 
0.79429 0.034702 0.0466631 0.00330214 0.00247454 0.0737064 0.0448619 
0.711629 0.0203365 0.0645793 0.00200059 0.00250791 0.0413013 0.157645 
0.729272 0.0180038 0.0600767 0.00352269 0.00201623 0.0292847 0.157824 
0.781823 0.0207204 0.0547358 0.00252199 0.00168246 0.037782 0.100735 
0.788984 0.0223492 0.0508254 0.00390015 0.00223298 0.0310691 0.100639 
0.766199 0.0190737 0.0549698 0.00290086 0.00168937 0.0310039 0.124163 
0.669621 0.0204791 0.0557076 0.00347243 0.00159771 0.0433752 0.205747 
0.781546 0.0244146 0.0423611 0.00374436 0.00203361 0.0345987 0.111302 
0.728995 0.0155592 0.0660354 0.00293634 0.00177029 0.0170524 0.167652 
0.78014 0.0164037 0.0618657 0.00426131 0.00186614 0.0110243 0.124439 
0.848249 0.016694 0.052255 0.00411931 0.00271084 0.014689 0.061283 
0.760466 0.0207466 0.061819 0.00316807 0.00174367 0.0118095 0.140247 
0.745014 0.0236091 0.0550223 0.00312904 0.0024491 0.0178095 0.152967 
0.815012 0.026307 0.0482174 0.00356428 0.00239466 0.0123523 0.0921526 
0.838323 0.0310111 0.0430569 0.00460083 0.00285228 0.0107699 0.0693856 
0.836498 0.0250151 0.0354907 0.00488428 0.0033027 0.0179938 0.0768151 
0.790884 0.025031 0.0404198 0.00498021 0.00185554 0.0184561 0.118373 
0.867452 0.02896 0.0351327 0.00585484 0.00267225 0.0103999 0.0495284 
0.846463 0.0407467 0.0301809 0.0117545 0.00656952 0.014096 0.0501896 
0.856432 0.0385742 0.0308373 0.0162186 0.00501364 0.00925644 0.0436674 
0.855471 0.0259582 0.0373834 0.0115946 0.00331679 0.00619638 0.0600799 
0.847676 0.0217391 0.0367392 0.00783408 0.00415918 0.00817327 0.0736789 
0.863065 0.0280084 0.0390594 0.00700968 0.00317568 0.00651171 0.0531701 
0.875185 0.0230337 0.040737 0.00694789 0.00283449 0.00583449 0.0454277 
0.875543 0.0209608 0.0423055 0.0109297 0.00410527 0.00471781 0.0414377 
0.869382 0.0265078 0.041374 0.00943706 0.00248672 0.00505609 0.0457561 
0.87437 0.0229584 0.0386531 0.00895089 0.00231876 0.00808582 0.0446626 
0.863145 0.024671 0.0353922 0.00893701 0.00359009 0.00977515 0.0544898 
0.84926 0.0278729 0.0402018 0.00688279 0.00238396 0.00696913 0.066429 
0.842359 0.0313217 0.0391091 0.00836059 0.00239043 0.00682817 0.069631 
0.842392 0.0238731 0.0428266 0.00829069 0.00217662 0.00709537 0.0733455 
0.810651 0.0272607 0.0441979 0.00567883 0.00186953 0.0132385 0.097103 
0.832471 0.0285456 0.0420592 0.0095383 0.00280881 0.0096426 0.0749346 
0.822676 0.0199784 0.0468062 0.00677039 0.00190554 0.0114653 0.0903983 
0.841977 0.0217512 0.0426383 0.00782877 0.00233476 0.0103315 0.0731387 
0.746117 0.0231402 0.0488672 0.00478468 0.00275458 0.0124288 0.161908 
0.854205 0.0271595 0.0428275 0.00814439 0.00282323 0.00669452 0.0581463 
0.781465 0.0238705 0.0537688 0.0053085 0.00269215 0.00811004 0.124785 
0.852083 0.0229926 0.0496231 0.00423199 0.00157964 0.00836994 0.0611198 
0.883271 0.0275152 0.0339087 0.00504856 0.00308867 0.0079764 0.0391913 
0.861768 0.0228858 0.0387499 0.00462869 0.00229806 0.00792743 0.0617417 
0.864471 0.0507471 0.0289315 0.00721171 0.00442976 0.00959317 0.0346154 
0.855533 0.0600646 0.0209605 0.00755784 0.0075039 0.0170845 0.0312958 
0.872553 0.0507581 0.026183 0.0158685 0.00402269 0.00521707 0.0253974 
0.877004 0.0397616 0.0292652 0.00849319 0.00309979 0.00798641 0.0343897 
0.869 0.0359537 0.0338419 0.00608974 0.00296941 0.0137895 0.0383562 
0.837609 0.0396879 0.0382504 0.00635364 0.0026422 0.0109205 0.0645366 
0.835781 0.0301577 0.0403572 0.00535282 0.00259336 0.0154042 0.0703536 
0.780451 0.0256611 0.0473629 0.00458391 0.00224802 0.0129527 0.12674 
0.831396 0.0286117 0.0431658 0.0055591 0.00279804 0.0101553 0.0783145 
0.829155 0.0292643 0.0409582 0.00815437 0.00229142 0.00913619 0.0810404 
0.809908 0.0238323 0.047591 0.00681473 0.00308852 0.00558251 0.103183 
0.831238 0.0294669 0.0437949 0.00663692 0.00233306 0.0101333 0.0763973 
0.840639 0.030331 0.0374372 0.00510872 0.0023206 0.0103461 0.0738175 
0.856856 0.0287886 0.0432519 0.00675989 0.00193423 0.00707504 0.0553346 
0.84059 0.0331267 0.0367404 0.00472464 0.00241097 0.0152751 0.0671321 
0.815561 0.0428426 0.0342011 0.0068291 0.00263078 0.00981915 0.0881165 
0.857005 0.0375901 0.0347954 0.00876648 0.00332489 0.00684326 0.0516745 
0.842896 0.0360414 0.0356436 0.00907903 0.00240982 0.0113033 0.0626267 
0.862312 0.0340397 0.030931 0.0100912 0.00323615 0.0111644 0.0482258 
0.831978 0.0256937 0.0375342 0.00616472 0.00259688 0.0131676 0.0828644 
0.86254 0.0264805 0.0429291 0.00738559 0.00189091 0.00888433 0.0498899 
0.847704 0.0371811 0.0378897 0.00822875 0.0021652 0.0104159 0.0564156 
0.843203 0.0462549 0.0393885 0.00954992 0.00270197 0.00754502 0.0513562 
0.828567 0.0275645 0.0448532 0.00589314 0.00192075 0.00647646 0.0847248 
0.764431 0.0266646 0.0555267 0.00432548 0.00175213 0.00901385 0.138286 
0.779745 0.0262232 0.0473701 0.00495898 0.00180144 0.00890821 0.130993 
0.815957 0.0289712 0.0457222 0.00520282 0.00291251 0.00646377 0.0947701 
0.805342 0.0262585 0.0413523 0.00612811 0.00267467 0.0103779 0.107866 
0.678833 0.0241293 0.0532844 0.00446375 0.00165532 0.0125557 0.225079 
0.775559 0.0237703 0.051488 0.00379584 0.00158778 0.0157555 0.128044 
0.645382 0.0256288 0.0521305 0.0037369 0.00221772 0.0170732 0.253831 
0.679315 0.0326532 0.0435388 0.00411784 0.00364219 0.0146857 0.222047 
0.850754 0.0321197 0.0345501 0.00645362 0.00321476 0.0109711 0.0619371 
0.822681 0.045563 0.0290845 0.00685425 0.00467069 0.0128301 0.0783169 
0.816037 0.0455296 0.0344828 0.0100594 0.00513795 0.0084187 0.0803346 
0.822448 0.0273539 0.0355811 0.00683793 0.00298018 0.012374 0.0924249 
0.81374 0.0209056 0.0478629 0.00519237 0.00181599 0.0084356 0.102047 
0.839161 0.0219941 0.0461994 0.00599752 0.00261088 0.00470451 0.0793327 
0.760157 0.0204543 0.0546083 0.00395653 0.00144584 0.0156932 0.143685 
0.738433 0.0238459 0.0562256 0.00372342 0.00129812 0.00951191 0.166962 
0.80652 0.0175344 0.0522402 0.00378832 0.00163373 0.00832475 0.109958 
0.825273 0.0224571 0.0430174 0.00403988 0.00234617 0.0103702 0.0924966 
0.706058 0.0276709 0.0524606 0.00445998 0.00210186 0.00715269 0.200096 
0.721556 0.0223314 0.0585622 0.00447507 0.00208216 0.00963652 0.181357 
0.759611 0.0226628 0.0534619 0.00596366 0.00162872 0.00635721 0.150315 
0.830016 0.0251315 0.0393579 0.0102761 0.00342391 0.00638782 0.0854068 
0.811022 0.0265301 0.0387687 0.00993787 0.00364831 0.0074135 0.102679 
0.761965 0.0277731 0.0457028 0.00719497 0.00240215 0.0116779 0.143284 
0.801313 0.029107 0.05124 0.0110975 0.0027256 0.00452551 0.0999916 
0.845554 0.0290534 0.0414031 0.00905236 0.00276821 0.00741367 0.0647556 
0.826863 0.0251177 0.0414072 0.00651485 0.00265842 0.00906001 0.0883785 
0.81116 0.0219514 0.0430062 0.00774621 0.00296909 0.0104456 0.102721 
0.801769 0.0263183 0.0421033 0.00745074 0.00298591 0.0101637 0.109209 
0.804818 0.0245016 0.0502389 0.00721817 0.00304734 0.00574451 0.104432 
0.797588 0.0240396 0.0471977 0.00432559 0.0032285 0.0099412 0.11368 
0.769626 0.0267251 0.0499491 0.00553965 0.00235863 0.00692155 0.13888 
0.756206 0.030074 0.0492549 0.0056107 0.00199523 0.00934471 0.147514 
0.771631 0.030785 0.044411 0.00696744 0.00284286 0.00674401 0.136619 
0.805693 0.0224025 0.0482501 0.00607355 0.00235171 0.00649234 0.108737 
0.835785 0.0275435 0.0432554 0.00591701 0.00208399 0.00768021 0.0777348 
0.815518 0.0259815 0.0476809 0.00528482 0.00215699 0.00776049 0.0956176 
0.784046 0.0218247 0.0522185 0.00407703 0.00203961 0.0107617 0.125032 
0.816567 0.0289404 0.0504047 0.00714554 0.00165663 0.00624789 0.0890377 
0.806806 0.0194737 0.056596 0.00600123 0.00147769 0.0066925 0.102953 
0.771609 0.0232652 0.0537833 0.00523105 0.00201338 0.00721221 0.136886 
0.816351 0.0266437 0.0420049 0.0062284 0.00302423 0.00687558 0.0988717 
0.830037 0.0310561 0.0474571 0.00390804 0.00149258 0.00744286 0.0786059 
0.780466 0.0218816 0.0582448 0.00403406 0.00144859 0.00813855 0.125787 
0.775418 0.0199033 0.0608889 0.00359973 0.00143006 0.00917657 0.129584 
0.800762 0.0237352 0.0475983 0.00365747 0.00229452 0.0169378 0.105015 
0.749167 0.0215718 0.0497087 0.00423799 0.00274232 0.014004 0.158568 
0.810652 0.0190645 0.0531818 0.00392522 0.00246621 0.00874497 0.101966 
0.778846 0.0215986 0.0540786 0.00391113 0.002007 0.0101395 0.129419 
0.799619 0.0224103 0.0563743 0.00478478 0.00134096 0.00673949 0.108731 
0.809883 0.0195292 0.0442581 0.00466319 0.00197852 0.0153524 0.104336 
0.809541 0.0244905 0.0466653 0.00420879 0.00156916 0.0135449 0.0999803 
0.781105 0.020529 0.0518038 0.00406675 0.0013526 0.0121204 0.129023 
0.815064 0.0189322 0.0444389 0.00748316 0.00223894 0.0072783 0.104565 
0.839747 0.0152636 0.0486378 0.00525057 0.00212524 0.00792231 0.081053 
0.883713 0.0204185 0.0465649 0.00458013 0.00204621 0.022827 0.0198499 
0.392641 0.032656 0.0556357 0.00143543 0.00146963 0.495553 0.0206097 
0.441447 0.0449285 0.0620053 0.00127757 0.00188298 0.430523 0.0179349 
0.773507 0.016541 0.0610997 0.00594188 0.00363471 0.0696898 0.0695862 
0.704225 0.0232566 0.0592891 0.00514922 0.00334075 0.129848 0.0748909 
0.716093 0.0251022 0.0507542 0.00427182 0.00336639 0.139136 0.0612769 
0.774839 0.0224227 0.0521897 0.00399351 0.00213266 0.0999915 0.0444308 
0.803691 0.0310943 0.0436317 0.00288355 0.00245336 0.0750768 0.0411693 
0.79429 0.034702 0.0466631 0.00330214 0.00247454 0.0737064 0.0448619 
0.711629 0.0203365 0.0645793 0.00200059 0.00250791 0.0413013 0.157645 
0.729272 0.0180038 0.0600767 0.00352269 0.00201623 0.0292847 0.157824 
0.781823 0.0207204 0.0547358 0.00252199 0.00168246 0.037782 0.100735 
0.788984 0.0223492 0.0508254 0.00390015 0.00223298 0.0310691 0.100639 
0.766199 0.0190737 0.0549698 0.00290086 0.00168937 0.0310039 0.124163 
0.669621 0.0204791 0.0557076 0.00347243 0.00159771 0.0433752 0.205747 
0.781546 0.0244146 0.0423611 0.00374436 0.00203361 0.0345987 0.111302 
0.728995 0.0155592 0.0660354 0.00293634 0.00177029 0.0170524 0.167652 
0.78014 0.0164037 0.0618657 0.00426131 0.00186614 0.0110243 0.124439 
0.848249 0.016694 0.052255 0.00411931 0.00271084 0.014689 0.061283 
0.760466 0.0207466 0.061819 0.00316807 0.00174367 0.0118095 0.140247 
0.745014 0.0236091 0.0550223 0.00312904 0.0024491 0.0178095 0.152967 
0.815012 0.026307 0.0482174 0.00356428 0.00239466 0.0123523 0.0921526 
0.838323 0.0310111 0.0430569 0.00460083 0.00285228 0.0107699 0.0693856 
0.836498 0.0250151 0.0354907 0.00488428 0.0033027 0.0179938 0.0768151 
0.790884 0.025031 0.0404198 0.00498021 0.00185554 0.0184561 0.118373 
0.867452 0.02896 0.0351327 0.00585484 0.00267225 0.0103999 0.0495284 
0.76674 0.016639 0.0552003 0.0032324 0.00144862 0.0102406 0.146499 
0.763977 0.0257884 0.0582509 0.00236421 0.00113828 0.0101536 0.138327 
0.847721 0.0208005 0.0423457 0.005029 0.00210914 0.00901818 0.0729769 
0.843247 0.0215845 0.0387482 0.00463626 0.00189721 0.0109008 0.0789863 
0.858463 0.0232426 0.0401378 0.00342944 0.00165216 0.0113683 0.0617065 
0.883388 0.0269794 0.0365432 0.00618634 0.00276655 0.00871596 0.0354206 
0.808517 0.0224269 0.0448613 0.00429038 0.00243576 0.0115321 0.105936 
0.824747 0.0194729 0.0424679 0.00412008 0.0019075 0.0172393 0.0900451 
0.796836 0.0179516 0.0579723 0.00399583 0.00111571 0.0104526 0.111676 
0.814156 0.0168205 0.0504812 0.00350714 0.0014661 0.015364 0.0982048 
0.798039 0.0159607 0.0577831 0.00300511 0.00117831 0.0183076 0.105727 
0.828958 0.0138568 0.0611032 0.00342095 0.00116931 0.01248 0.0790117 
0.868723 0.0155762 0.0442275 0.00362395 0.00178754 0.0178139 0.0482476 
0.85626 0.0144373 0.0525023 0.00436584 0.00139013 0.00939688 0.0616471 
0.84299 0.0207965 0.038916 0.00328007 0.00182216 0.0244096 0.0677856 
0.831333 0.0158357 0.0498642 0.00362634 0.00267041 0.014135 0.0825354 
0.808913 0.0211261 0.0385647 0.0030046 0.00233189 0.0282583 0.0978015 
0.799672 0.0224668 0.0483672 0.00304469 0.00143757 0.016767 0.108244 
0.817821 0.0270611 0.0424433 0.00358583 0.00191957 0.0151896 0.0919797 
0.849644 0.0239309 0.041081 0.00406495 0.00186667 0.0119752 0.067437 
0.767254 0.023322 0.0475014 0.00375855 0.00209224 0.0116535 0.144418 
0.74895 0.0190161 0.0574846 0.00400022 0.00114179 0.00834802 0.161059 
0.792366 0.0254532 0.0469923 0.0034851 0.00153703 0.0110931 0.119073 
0.740141 0.0209523 0.0499936 0.00293775 0.00130171 0.0137459 0.170927 
0.760478 0.0244746 0.0482648 0.0030637 0.00199297 0.0113004 0.150425 
0.746634 0.0225162 0.0519209 0.00331099 0.00186144 0.011235 0.162521 
0.630965 0.0338317 0.047463 0.00439352 0.00223842 0.0127068 0.268402 
0.687175 0.0311573 0.049519 0.00390635 0.00119174 0.0126116 0.214439 
0.726533 0.0297753 0.0473043 0.00332028 0.00142637 0.0110236 0.180618 
0.803266 0.0266004 0.0456804 0.00426838 0.00163411 0.00779166 0.110759 
0.814986 0.0313569 0.0408779 0.00486578 0.00207069 0.0106512 0.0951919 
0.805509 0.0213524 0.0473001 0.00348154 0.00198628 0.0120188 0.108352 
0.771932 0.0270565 0.0604582 0.0031294 0.00141474 0.0083647 0.127645 
0.814063 0.0254369 0.0498184 0.00418893 0.00158097 0.00816866 0.0967431 
0.800059 0.0370206 0.0423135 0.00586466 0.00190349 0.0115223 0.101316 
0.787279 0.0418874 0.0406378 0.00324584 0.00185444 0.0172247 0.10787 
0.775975 0.0329 0.0428017 0.00369128 0.00210759 0.0186037 0.123921 
0.752772 0.0408879 0.042113 0.00418635 0.001421 0.0159117 0.142708 
0.706961 0.0360047 0.0436367 0.00361017 0.00291614 0.0129157 0.193956 
0.813227 0.0365269 0.0418473 0.0045617 0.00157931 0.0122533 0.0900045 
0.785712 0.0451829 0.0355665 0.00339821 0.00278064 0.0160447 0.111315 
0.827797 0.0418517 0.0332691 0.00564648 0.00302307 0.0113848 0.0770276 
0.831608 0.0319787 0.0402087 0.00427473 0.00165101 0.0132023 0.077077 
0.81956 0.0320961 0.0389373 0.003616 0.00156799 0.0130868 0.0911359 
0.833765 0.0244597 0.0380256 0.00344226 0.00187102 0.0170516 0.0813846 
0.817879 0.0321409 0.0369491 0.00437774 0.00196347 0.0168517 0.0898383 
0.796155 0.0234307 0.0441401 0.00376327 0.00153979 0.0149808 0.11599 
0.812319 0.0210739 0.0439381 0.00516711 0.00172954 0.0106677 0.105105 
0.813936 0.0222884 0.0424782 0.00446419 0.00197372 0.00988218 0.104977 
0.827736 0.0280937 0.0363786 0.00460243 0.00241899 0.0131704 0.0876 
0.847116 0.0250947 0.0375312 0.00402826 0.00154364 0.0147461 0.0699399 
0.876016 0.0192587 0.0407337 0.00380073 0.00112795 0.0165536 0.0425093 
0.851313 0.0185086 0.0440886 0.00332475 0.00114782 0.0194171 0.0621999 
0.868352 0.0194536 0.0428661 0.00459597 0.00120438 0.0161987 0.047329 
0.873202 0.0195546 0.0431682 0.00374694 0.00116019 0.0158022 0.043366 
0.868184 0.0209922 0.0406995 0.00367872 0.00157521 0.0114445 0.0534259 
0.827231 0.0170939 0.0505014 0.00303374 0.00117148 0.0150745 0.0858936 
0.841972 0.0158333 0.0586565 0.00320509 9.45043E-4 0.0117278 0.0676603 
0.815844 0.0220742 0.0441049 0.00245077 0.00115269 0.0290795 0.085294 
0.878775 0.0235813 0.0417997 0.00376922 0.00133707 0.012795 0.0379424 
0.854589 0.0178449 0.0466564 0.00346063 0.00136511 0.0132827 0.0628016 
0.840941 0.0317058 0.038542 0.00625873 0.00216975 0.0139995 0.0663828 
0.857157 0.0184691 0.0386263 0.00493456 0.00280191 0.0134489 0.0645619 
0.859767 0.0207194 0.0414176 0.00486224 0.00208406 0.0139532 0.0571966 
0.868103 0.0175418 0.0428422 0.00430936 0.0017742 0.0125523 0.0528768 
0.855142 0.022376 0.0436066 0.00424267 0.00182669 0.0103615 0.0624444 
0.852863 0.026847 0.0349701 0.00410241 0.0019105 0.0153694 0.0639372 
0.870396 0.0213249 0.0433327 0.00420724 0.00133076 0.0117308 0.0476773 
0.836455 0.0234257 0.0408143 0.00387035 0.00170686 0.0180875 0.0756407 
0.805883 0.0246471 0.0430391 0.00441598 0.00157697 0.0210116 0.0994265 
0.72538 0.0216242 0.0426828 0.00452197 0.00264625 0.0217182 0.181427 
0.664968 0.0152934 0.0603921 0.00405397 0.00139995 0.0169926 0.2369 
0.731979 0.0219667 0.0468021 0.00396194 0.0020572 0.0139409 0.179292 
0.757805 0.0208157 0.0471417 0.00365917 0.00275506 0.0188988 0.148925 
0.839867 0.0180419 0.0380598 0.00435706 0.00240112 0.0150351 0.0822376 
0.833546 0.0247905 0.0375166 0.00581151 0.00322781 0.0120192 0.0830886 
0.779176 0.0172859 0.0521301 0.00359743 0.00204118 0.0156739 0.130095 
0.758746 0.0202781 0.0471693 0.0044613 0.00181991 0.0128947 0.15463 
0.850401 0.0254706 0.0388785 0.00705591 0.00247338 0.00961239 0.0661081 
0.843731 0.019888 0.0394796 0.00503025 0.0021546 0.00940442 0.0803117 
0.835324 0.020314 0.0343519 0.00554508 0.00222418 0.0130039 0.0892368 
0.812832 0.0192739 0.0434212 0.00549999 0.00227309 0.0123738 0.104326 
0.819626 0.0235866 0.0388442 0.00467378 0.00277657 0.0141102 0.0963825 
0.768431 0.0193455 0.0452954 0.00559527 0.00273227 0.00827029 0.15033 
0.790955 0.0231519 0.0460053 0.00456925 0.00194586 0.00819613 0.125177 
0.794865 0.025262 0.0404819 0.00516964 0.00162444 0.0114031 0.121194 
0.779539 0.0238774 0.0456344 0.00463286 0.0021074 0.0135279 0.130682 
0.769728 0.0343422 0.0380835 0.00321703 0.00234617 0.0239488 0.128334 
0.795797 0.0293914 0.0374518 0.0038419 0.00175898 0.0176798 0.114079 
0.832732 0.0343616 0.0369188 0.00818552 0.00187068 0.0114307 0.0745002 
0.803406 0.0249338 0.0440117 0.00281852 0.00136328 0.0152859 0.108181 
0.844125 0.0228856 0.0376058 0.00506357 0.00213726 0.0115158 0.0766667 
0.81275 0.0227863 0.0439237 0.00360721 0.00167105 0.0140691 0.101193 
0.847004 0.0223205 0.0340097 0.00536145 0.00338632 0.0116866 0.0762315 
0.837764 0.0236595 0.0359897 0.00643313 0.00403409 0.0104779 0.0816416 
0.820771 0.0278061 0.0359018 0.00638403 0.00259673 0.0112306 0.0953096 
0.82346 0.0213889 0.0429034 0.00569725 0.00181264 0.0148065 0.0899309 
0.81723 0.0282602 0.0368362 0.00500864 0.00232122 0.0143802 0.0959631 
0.813589 0.0267726 0.0449159 0.00427839 0.00194799 0.0162064 0.0922899 
0.811978 0.023229 0.0433611 0.00457556 0.00265176 0.0146439 0.0995602 
0.851486 0.0176649 0.048272 0.00425213 0.00130751 0.0143102 0.0627078 
0.853788 0.0225586 0.0440941 0.00303716 0.00112338 0.0182995 0.0570992 
0.868572 0.0168815 0.0508103 0.00624554 0.0012287 0.00845065 0.0478112 
0.885018 0.0166966 0.0445919 0.00670833 0.00217282 0.00791117 0.0369011 
0.845008 0.015471 0.0517475 0.00527989 0.00209094 0.00841575 0.0719866 
0.843408 0.0196183 0.0461382 0.00391701 0.00148389 0.0143231 0.0711118 
0.825448 0.0197 0.0458457 0.00337629 0.00168551 0.0209505 0.0829941 
0.866333 0.0227316 0.0384924 0.00618085 0.00199991 0.0101454 0.0541167 
0.837603 0.0178501 0.0494328 0.00646586 0.00144444 0.010912 0.0762923 
0.764229 0.0160824 0.0524862 0.00442835 0.0019062 0.0130579 0.14781 
0.822626 0.0170373 0.0523481 0.00638605 0.00216062 0.0101231 0.0893194 
0.822034 0.0166765 0.0519347 0.00474835 0.00119515 0.00830609 0.0951054 
0.816779 0.0186709 0.0543076 0.00373166 0.00120924 0.0101417 0.0951603 
0.80579 0.0201678 0.0518056 0.00415334 0.00132603 0.0100031 0.106754 
0.832841 0.0259803 0.0455079 0.00570339 0.00142922 0.00689265 0.0816456 
0.840779 0.0167499 0.0481855 0.00542102 0.00182867 0.00647636 0.0805595 
0.838028 0.0197788 0.0450374 0.00517348 0.00210336 0.00679776 0.0830815 
0.819178 0.0243753 0.042588 0.00631863 0.00240407 0.0092057 0.0959308 
0.830024 0.0195459 0.0450921 0.00615821 0.00243195 0.00645556 0.0902924 
0.858543 0.0214946 0.0412377 0.00814682 0.0023587 0.00502982 0.0631891 
0.818418 0.0321621 0.0473635 0.00742802 0.00187274 0.00483921 0.0879165 
0.810651 0.0363911 0.0424792 0.00564358 0.00192571 0.00807004 0.0948393 
0.837094 0.0228084 0.0463898 0.00665457 0.0019449 0.00537927 0.0797287 
0.8558 0.0224169 0.0483894 0.00504041 0.00123506 0.00761612 0.0595018 
0.844903 0.025835 0.0484751 0.00538239 0.00147238 0.00640933 0.0675231 
0.787839 0.035466 0.0524124 0.00548302 0.0013547 0.00614097 0.111304 
0.826255 0.0295121 0.0641104 0.00542328 0.00116967 0.00390323 0.0696263 
0.825767 0.0358956 0.0472691 0.00838998 0.00171193 0.00538789 0.0755787 
0.825123 0.0316501 0.0450699 0.00602478 0.00192333 0.00936612 0.0808425 
0.792641 0.0251321 0.0580001 0.00526665 0.00100953 0.0083665 0.109584 
0.785446 0.0303136 0.0528649 0.00525102 0.00129511 0.00858011 0.116249 
0.833611 0.0316969 0.0452281 0.00661601 0.00142502 0.00828019 0.0731431 
0.838474 0.0294423 0.0394401 0.00542104 0.00228913 0.00960693 0.0753266 
0.72975 0.0219997 0.0499583 0.00352526 0.00140802 0.0150617 0.178297 
0.842806 0.0310078 0.0381888 0.00455989 0.00176048 0.0110241 0.0706526 
0.779064 0.0370702 0.0394315 0.00359032 0.00265389 0.0132417 0.124949 
0.745702 0.0246229 0.0519926 0.00371643 0.00132884 0.0139713 0.158666 
0.772329 0.021202 0.0540208 0.00384509 0.00149636 0.00969852 0.137408 
0.784461 0.0215252 0.0587297 0.00420577 0.0011675 0.00655126 0.123359 
0.838269 0.0119913 0.0611833 0.00287444 0.00104228 0.0102542 0.0743853 
0.761214 0.013178 0.0620022 0.00362295 0.0012532 0.0134735 0.145256 
0.808606 0.012872 0.052404 0.00406121 0.00178888 0.0127254 0.107543 
0.846463 0.0407467 0.0301809 0.0117545 0.00656952 0.014096 0.0501896 
0.856432 0.0385742 0.0308373 0.0162186 0.00501364 0.00925644 0.0436674 
0.855471 0.0259582 0.0373834 0.0115946 0.00331679 0.00619638 0.0600799 
0.847676 0.0217391 0.0367392 0.00783408 0.00415918 0.00817327 0.0736789 
0.863065 0.0280084 0.0390594 0.00700968 0.00317568 0.00651171 0.0531701 
0.875185 0.0230337 0.040737 0.00694789 0.00283449 0.00583449 0.0454277 
0.875543 0.0209608 0.0423055 0.0109297 0.00410527 0.00471781 0.0414377 
0.869382 0.0265078 0.041374 0.00943706 0.00248672 0.00505609 0.0457561 
0.87437 0.0229584 0.0386531 0.00895089 0.00231876 0.00808582 0.0446626 
0.863145 0.024671 0.0353922 0.00893701 0.00359009 0.00977515 0.0544898 
0.84926 0.0278729 0.0402018 0.00688279 0.00238396 0.00696913 0.066429 
0.842359 0.0313217 0.0391091 0.00836059 0.00239043 0.00682817 0.069631 
0.842392 0.0238731 0.0428266 0.00829069 0.00217662 0.00709537 0.0733455 
0.810651 0.0272607 0.0441979 0.00567883 0.00186953 0.0132385 0.097103 
0.832471 0.0285456 0.0420592 0.0095383 0.00280881 0.0096426 0.0749346 
0.822676 0.0199784 0.0468062 0.00677039 0.00190554 0.0114653 0.0903983 
0.841977 0.0217512 0.0426383 0.00782877 0.00233476 0.0103315 0.0731387 
0.746117 0.0231402 0.0488672 0.00478468 0.00275458 0.0124288 0.161908 
0.854205 0.0271595 0.0428275 0.00814439 0.00282323 0.00669452 0.0581463 
0.781465 0.0238705 0.0537688 0.0053085 0.00269215 0.00811004 0.124785 
0.852083 0.0229926 0.0496231 0.00423199 0.00157964 0.00836994 0.0611198 
0.883271 0.0275152 0.0339087 0.00504856 0.00308867 0.0079764 0.0391913 
0.861768 0.0228858 0.0387499 0.00462869 0.00229806 0.00792743 0.0617417 
0.864471 0.0507471 0.0289315 0.00721171 0.00442976 0.00959317 0.0346154 
0.855533 0.0600646 0.0209605 0.00755784 0.0075039 0.0170845 0.0312958 
0.872553 0.0507581 0.026183 0.0158685 0.00402269 0.00521707 0.0253974 
0.877004 0.0397616 0.0292652 0.00849319 0.00309979 0.00798641 0.0343897 
0.869 0.0359537 0.0338419 0.00608974 0.00296941 0.0137895 0.0383562 
0.837609 0.0396879 0.0382504 0.00635364 0.0026422 0.0109205 0.0645366 
0.835781 0.0301577 0.0403572 0.00535282 0.00259336 0.0154042 0.0703536 
0.780451 0.0256611 0.0473629 0.00458391 0.00224802 0.0129527 0.12674 
0.831396 0.0286117 0.0431658 0.0055591 0.00279804 0.0101553 0.0783145 
0.829155 0.0292643 0.0409582 0.00815437 0.00229142 0.00913619 0.0810404 
0.809908 0.0238323 0.047591 0.00681473 0.00308852 0.00558251 0.103183 
0.831238 0.0294669 0.0437949 0.00663692 0.00233306 0.0101333 0.0763973 
0.840639 0.030331 0.0374372 0.00510872 0.0023206 0.0103461 0.0738175 
0.856856 0.0287886 0.0432519 0.00675989 0.00193423 0.00707504 0.0553346 
0.84059 0.0331267 0.0367404 0.00472464 0.00241097 0.0152751 0.0671321 
0.815561 0.0428426 0.0342011 0.0068291 0.00263078 0.00981915 0.0881165 
0.857005 0.0375901 0.0347954 0.00876648 0.00332489 0.00684326 0.0516745 
0.842896 0.0360414 0.0356436 0.00907903 0.00240982 0.0113033 0.0626267 
0.862312 0.0340397 0.030931 0.0100912 0.00323615 0.0111644 0.0482258 
0.831978 0.0256937 0.0375342 0.00616472 0.00259688 0.0131676 0.0828644 
0.86254 0.0264805 0.0429291 0.00738559 0.00189091 0.00888433 0.0498899 
0.847704 0.0371811 0.0378897 0.00822875 0.0021652 0.0104159 0.0564156 
0.843203 0.0462549 0.0393885 0.00954992 0.00270197 0.00754502 0.0513562 
0.828567 0.0275645 0.0448532 0.00589314 0.00192075 0.00647646 0.0847248 
0.764431 0.0266646 0.0555267 0.00432548 0.00175213 0.00901385 0.138286 
0.779745 0.0262232 0.0473701 0.00495898 0.00180144 0.00890821 0.130993 
0.815957 0.0289712 0.0457222 0.00520282 0.00291251 0.00646377 0.0947701 
0.805342 0.0262585 0.0413523 0.00612811 0.00267467 0.0103779 0.107866 
0.678833 0.0241293 0.0532844 0.00446375 0.00165532 0.0125557 0.225079 
0.775559 0.0237703 0.051488 0.00379584 0.00158778 0.0157555 0.128044 
0.645382 0.0256288 0.0521305 0.0037369 0.00221772 0.0170732 0.253831 
0.679315 0.0326532 0.0435388 0.00411784 0.00364219 0.0146857 0.222047 
0.850754 0.0321197 0.0345501 0.00645362 0.00321476 0.0109711 0.0619371 
0.822681 0.045563 0.0290845 0.00685425 0.00467069 0.0128301 0.0783169 
0.816037 0.0455296 0.0344828 0.0100594 0.00513795 0.0084187 0.0803346 
0.822448 0.0273539 0.0355811 0.00683793 0.00298018 0.012374 0.0924249 
0.81374 0.0209056 0.0478629 0.00519237 0.00181599 0.0084356 0.102047 
0.839161 0.0219941 0.0461994 0.00599752 0.00261088 0.00470451 0.0793327 
0.760157 0.0204543 0.0546083 0.00395653 0.00144584 0.0156932 0.143685 
0.738433 0.0238459 0.0562256 0.00372342 0.00129812 0.00951191 0.166962 
0.80652 0.0175344 0.0522402 0.00378832 0.00163373 0.00832475 0.109958 
0.825273 0.0224571 0.0430174 0.00403988 0.00234617 0.0103702 0.0924966 
0.706058 0.0276709 0.0524606 0.00445998 0.00210186 0.00715269 0.200096 
0.721556 0.0223314 0.0585622 0.00447507 0.00208216 0.00963652 0.181357 
0.759611 0.0226628 0.0534619 0.00596366 0.00162872 0.00635721 0.150315 
0.830016 0.0251315 0.0393579 0.0102761 0.00342391 0.00638782 0.0854068 
0.811022 0.0265301 0.0387687 0.00993787 0.00364831 0.0074135 0.102679 
0.761965 0.0277731 0.0457028 0.00719497 0.00240215 0.0116779 0.143284 
0.801313 0.029107 0.05124 0.0110975 0.0027256 0.00452551 0.0999916 
0.845554 0.0290534 0.0414031 0.00905236 0.00276821 0.00741367 0.0647556 
0.826863 0.0251177 0.0414072 0.00651485 0.00265842 0.00906001 0.0883785 
0.81116 0.0219514 0.0430062 0.00774621 0.00296909 0.0104456 0.102721 
0.801769 0.0263183 0.0421033 0.00745074 0.00298591 0.0101637 0.109209 
0.804818 0.0245016 0.0502389 0.00721817 0.00304734 0.00574451 0.104432 
0.797588 0.0240396 0.0471977 0.00432559 0.0032285 0.0099412 0.11368 
0.769626 0.0267251 0.0499491 0.00553965 0.00235863 0.00692155 0.13888 
0.756206 0.030074 0.0492549 0.0056107 0.00199523 0.00934471 0.147514 
0.771631 0.030785 0.044411 0.00696744 0.00284286 0.00674401 0.136619 
0.805693 0.0224025 0.0482501 0.00607355 0.00235171 0.00649234 0.108737 
0.835785 0.0275435 0.0432554 0.00591701 0.00208399 0.00768021 0.0777348 
0.815518 0.0259815 0.0476809 0.00528482 0.00215699 0.00776049 0.0956176 
0.784046 0.0218247 0.0522185 0.00407703 0.00203961 0.0107617 0.125032 
0.816567 0.0289404 0.0504047 0.00714554 0.00165663 0.00624789 0.0890377 
0.806806 0.0194737 0.056596 0.00600123 0.00147769 0.0066925 0.102953 
0.771609 0.0232652 0.0537833 0.00523105 0.00201338 0.00721221 0.136886 
0.816351 0.0266437 0.0420049 0.0062284 0.00302423 0.00687558 0.0988717 
0.830037 0.0310561 0.0474571 0.00390804 0.00149258 0.00744286 0.0786059 
0.780466 0.0218816 0.0582448 0.00403406 0.00144859 0.00813855 0.125787 
0.775418 0.0199033 0.0608889 0.00359973 0.00143006 0.00917657 0.129584 
0.800762 0.0237352 0.0475983 0.00365747 0.00229452 0.0169378 0.105015 
0.749167 0.0215718 0.0497087 0.00423799 0.00274232 0.014004 0.158568 
0.810652 0.0190645 0.0531818 0.00392522 0.00246621 0.00874497 0.101966 
0.778846 0.0215986 0.0540786 0.00391113 0.002007 0.0101395 0.129419 
0.799619 0.0224103 0.0563743 0.00478478 0.00134096 0.00673949 0.108731 
0.809883 0.0195292 0.0442581 0.00466319 0.00197852 0.0153524 0.104336 
0.809541 0.0244905 0.0466653 0.00420879 0.00156916 0.0135449 0.0999803 
0.781105 0.020529 0.0518038 0.00406675 0.0013526 0.0121204 0.129023 
0.815064 0.0189322 0.0444389 0.00748316 0.00223894 0.0072783 0.104565 
0.839747 0.0152636 0.0486378 0.00525057 0.00212524 0.00792231 0.081053 
0.883713 0.0204185 0.0465649 0.00458013 0.00204621 0.022827 0.0198499 
0.392641 0.032656 0.0556357 0.00143543 0.00146963 0.495553 0.0206097 
0.441447 0.0449285 0.0620053 0.00127757 0.00188298 0.430523 0.0179349 
0.773507 0.016541 0.0610997 0.00594188 0.00363471 0.0696898 0.0695862 
0.704225 0.0232566 0.0592891 0.00514922 0.00334075 0.129848 0.0748909 
0.716093 0.0251022 0.0507542 0.00427182 0.00336639 0.139136 0.0612769 
0.774839 0.0224227 0.0521897 0.00399351 0.00213266 0.0999915 0.0444308 
0.803691 0.0310943 0.0436317 0.00288355 0.00245336 0.0750768 0.0411693 
0.79429 0.034702 0.0466631 0.00330214 0.00247454 0.0737064 0.0448619 
0.711629 0.0203365 0.0645793 0.00200059 0.00250791 0.0413013 0.157645 
0.729272 0.0180038 0.0600767 0.00352269 0.00201623 0.0292847 0.157824 
0.781823 0.0207204 0.0547358 0.00252199 0.00168246 0.037782 0.100735 
0.788984 0.0223492 0.0508254 0.00390015 0.00223298 0.0310691 0.100639 
0.766199 0.0190737 0.0549698 0.00290086 0.00168937 0.0310039 0.124163 
0.669621 0.0204791 0.0557076 0.00347243 0.00159771 0.0433752 0.205747 
0.781546 0.0244146 0.0423611 0.00374436 0.00203361 0.0345987 0.111302 
0.728995 0.0155592 0.0660354 0.00293634 0.00177029 0.0170524 0.167652 
0.78014 0.0164037 0.0618657 0.00426131 0.00186614 0.0110243 0.124439 
0.848249 0.016694 0.052255 0.00411931 0.00271084 0.014689 0.061283 
0.760466 0.0207466 0.061819 0.00316807 0.00174367 0.0118095 0.140247 
0.745014 0.0236091 0.0550223 0.00312904 0.0024491 0.0178095 0.152967 
0.815012 0.026307 0.0482174 0.00356428 0.00239466 0.0123523 0.0921526 
0.838323 0.0310111 0.0430569 0.00460083 0.00285228 0.0107699 0.0693856 
0.836498 0.0250151 0.0354907 0.00488428 0.0033027 0.0179938 0.0768151 
0.790884 0.025031 0.0404198 0.00498021 0.00185554 0.0184561 0.118373 
0.867452 0.02896 0.0351327 0.00585484 0.00267225 0.0103999 0.0495284 
0.76674 0.016639 0.0552003 0.0032324 0.00144862 0.0102406 0.146499 
0.763977 0.0257884 0.0582509 0.00236421 0.00113828 0.0101536 0.138327 
0.847721 0.0208005 0.0423457 0.005029 0.00210914 0.00901818 0.0729769 
0.843247 0.0215845 0.0387482 0.00463626 0.00189721 0.0109008 0.0789863 
0.858463 0.0232426 0.0401378 0.00342944 0.00165216 0.0113683 0.0617065 
0.883388 0.0269794 0.0365432 0.00618634 0.00276655 0.00871596 0.0354206 
0.808517 0.0224269 0.0448613 0.00429038 0.00243576 0.0115321 0.105936 
0.824747 0.0194729 0.0424679 0.00412008 0.0019075 0.0172393 0.0900451 
0.796836 0.0179516 0.0579723 0.00399583 0.00111571 0.0104526 0.111676 
0.814156 0.0168205 0.0504812 0.00350714 0.0014661 0.015364 0.0982048 
0.798039 0.0159607 0.0577831 0.00300511 0.00117831 0.0183076 0.105727 
0.828958 0.0138568 0.0611032 0.00342095 0.00116931 0.01248 0.0790117 
0.868723 0.0155762 0.0442275 0.00362395 0.00178754 0.0178139 0.0482476 
0.85626 0.0144373 0.0525023 0.00436584 0.00139013 0.00939688 0.0616471 
0.84299 0.0207965 0.038916 0.00328007 0.00182216 0.0244096 0.0677856 
0.831333 0.0158357 0.0498642 0.00362634 0.00267041 0.014135 0.0825354 
0.808913 0.0211261 0.0385647 0.0030046 0.00233189 0.0282583 0.0978015 
0.799672 0.0224668 0.0483672 0.00304469 0.00143757 0.016767 0.108244 
0.817821 0.0270611 0.0424433 0.00358583 0.00191957 0.0151896 0.0919797 
0.849644 0.0239309 0.041081 0.00406495 0.00186667 0.0119752 0.067437 
0.767254 0.023322 0.0475014 0.00375855 0.00209224 0.0116535 0.144418 
0.74895 0.0190161 0.0574846 0.00400022 0.00114179 0.00834802 0.161059 
0.792366 0.0254532 0.0469923 0.0034851 0.00153703 0.0110931 0.119073 
0.740141 0.0209523 0.0499936 0.00293775 0.00130171 0.0137459 0.170927 
0.760478 0.0244746 0.0482648 0.0030637 0.00199297 0.0113004 0.150425 
0.746634 0.0225162 0.0519209 0.00331099 0.00186144 0.011235 0.162521 
0.630965 0.0338317 0.047463 0.00439352 0.00223842 0.0127068 0.268402 
0.687175 0.0311573 0.049519 0.00390635 0.00119174 0.0126116 0.214439 
0.824579 0.0181536 0.0410353 0.00495073 0.00272537 0.0119516 0.0966043 
0.84647 0.0188757 0.0372244 0.00543525 0.00206785 0.0131178 0.0768094 
0.785468 0.0149433 0.04978 0.00485013 0.00138071 0.0154811 0.128097 
0.739682 0.0176467 0.0588491 0.00326803 0.00100409 0.0145864 0.164964 
0.830482 0.0144745 0.0515164 0.00598813 0.0015906 0.0125881 0.0833605 
0.798741 0.0171768 0.0512926 0.00558876 0.00116381 0.0148683 0.111169 
0.816226 0.0209234 0.0444515 0.00595801 0.0015418 0.00943624 0.101463 
0.80802 0.0194026 0.052487 0.0043812 0.00134488 0.00835231 0.106012 
0.848476 0.0212831 0.0411661 0.0035019 0.00194836 0.0129071 0.0707175 
0.831487 0.0194883 0.046835 0.0042214 0.00152048 0.01001 0.0864378 
0.717314 0.0153846 0.0680621 0.00379648 0.00136409 0.0072874 0.186791 
0.845015 0.0137241 0.050919 0.00430711 0.00163538 0.00766451 0.0767349 
0.797092 0.0166079 0.057182 0.00415335 0.0011316 0.0125003 0.111333 
0.790879 0.0227279 0.0574519 0.00427277 0.00126505 0.00850724 0.114896 
0.858126 0.026762 0.0366465 0.00717898 0.00326402 0.0103216 0.0577009 
0.854225 0.0201703 0.0418436 0.0060419 0.00153934 0.0111211 0.0650589 
0.832372 0.0276895 0.0428541 0.00732889 0.00203382 0.010917 0.076805 
0.871408 0.0283028 0.0345593 0.010456 0.00349679 0.00661609 0.0451615 
0.849507 0.0294119 0.0375361 0.0058957 0.0024894 0.0104907 0.064669 
0.83846 0.0254758 0.0404486 0.00651675 0.0021987 0.00712425 0.0797759 
0.85388 0.0190158 0.0496105 0.00475874 0.00141333 0.00623208 0.06509 
0.832097 0.0255011 0.0508802 0.00436252 0.0018593 0.00931766 0.0759825 
0.827432 0.0273941 0.0443387 0.00690526 0.00158432 0.00973738 0.082608 
0.828275 0.0276978 0.0395401 0.0103993 0.00219414 0.00892035 0.0829732 
0.82547 0.0312426 0.0422009 0.00457391 0.00143051 0.0141602 0.0809215 
0.815536 0.0293781 0.0508218 0.00670166 0.00116248 0.00884604 0.087554 
0.828653 0.0250985 0.052524 0.00885262 0.00100212 0.00756555 0.0763044 
0.830337 0.0227737 0.049337 0.00523798 0.00108039 0.00942123 0.0818124 
0.81586 0.0250125 0.0479967 0.00440817 0.00130579 0.00971847 0.0956979 
0.773474 0.0264199 0.0548062 0.00382093 0.00141664 0.00869719 0.131365 
0.807587 0.0274348 0.0509463 0.00467513 0.00109419 0.00857837 0.0996839 
0.830722 0.0269086 0.0492623 0.00507154 0.00102895 0.0103816 0.0766253 
0.772705 0.0209625 0.0603998 0.00635976 0.00120825 0.00571234 0.132652 
0.7796 0.0227317 0.054004 0.00436001 0.00140042 0.00801286 0.129891 
0.793924 0.0223381 0.0557301 0.00536735 0.00132679 0.00861422 0.112699 
0.708047 0.0241101 0.055649 0.00246156 0.00199629 0.0199846 0.187752 
0.761207 0.0284336 0.0453931 0.00267246 0.00188862 0.0152135 0.145192 
0.838947 0.0287546 0.051106 0.00514256 9.29788E-4 0.00603435 0.0690859 
0.849692 0.0302763 0.0454623 0.0100438 0.00209619 0.00568219 0.056747 
0.833294 0.0312616 0.0414891 0.0075335 0.0022413 0.00659868 0.0775821 
0.792308 0.0199502 0.0539723 0.00543882 0.0015469 0.00723466 0.119549 
0.673687 0.0192311 0.061136 0.00371878 0.00134129 0.00798746 0.232898 
0.776904 0.0247038 0.0549523 0.00690447 0.0015908 0.00454344 0.130401 
0.765755 0.026196 0.0557966 0.00553205 0.00115328 0.00662498 0.138942 
0.771395 0.0215917 0.0544865 0.00454155 0.00106984 0.0075225 0.139393 
0.836387 0.0186336 0.0471068 0.005376 0.00166858 0.00983435 0.0809935 
0.801117 0.0211218 0.0488706 0.00737099 0.00218819 0.00535551 0.113976 
0.83808 0.0227759 0.0433751 0.00642331 0.00184442 0.00817168 0.0793292 
0.880586 0.0213462 0.0443904 0.00913802 0.00234478 0.00483122 0.0373636 
0.878078 0.0268943 0.0409282 0.0107152 0.00342893 0.00435828 0.0355969 
0.88481 0.019219 0.0418565 0.00757307 0.00259953 0.00607286 0.0378687 
0.827354 0.0191848 0.0424895 0.00579377 0.00193146 0.0131583 0.0900881 
0.848073 0.0206995 0.041989 0.00492698 0.00198612 0.0155055 0.0668203 
0.815668 0.0181491 0.0546632 0.00363809 0.00139273 0.0119528 0.0945357 
0.840298 0.0188698 0.0471707 0.00394093 0.00154257 0.0116314 0.076547 
0.825738 0.0175656 0.0458103 0.00371493 0.0019007 0.0170211 0.0882494 
0.853305 0.0152448 0.0544251 0.00472426 0.00178247 0.00828503 0.0622335 
0.837054 0.0127419 0.0575111 0.00349892 0.00207988 0.00754087 0.0795728 
0.825989 0.0237766 0.0476707 0.0055299 0.00253055 0.00787668 0.0866265 
0.788406 0.0185792 0.0545978 0.0052371 0.00167814 0.00834754 0.123154 
0.837183 0.0172859 0.0518432 0.00716211 0.0024814 0.00660518 0.0774393 
0.781803 0.014604 0.0584325 0.00450574 0.00188655 0.00663039 0.132138 
0.843239 0.0141738 0.048785 0.00538874 0.00162747 0.00779466 0.0789918 
0.839789 0.0136334 0.0567584 0.00391923 0.00144198 0.00718418 0.0772735 
0.703021 0.0166941 0.0721754 0.00343914 0.00105288 0.00744312 0.196174 
0.704278 0.0150816 0.0703159 0.00447986 9.26721E-4 0.00668739 0.198231 
0.743756 0.020205 0.0629093 0.0049675 9.46335E-4 0.00730391 0.159912 
0.750294 0.0175202 0.0605042 0.00482179 9.66177E-4 0.00719334 0.1587 
0.801526 0.0173888 0.059777 0.00564272 0.00115996 0.00607267 0.108433 
0.746722 0.0182636 0.074233 0.00524142 7.18799E-4 0.00510084 0.14972 
0.644845 0.0130749 0.0922771 0.00311459 8.37059E-4 0.0066846 0.239167 
0.769397 0.0174715 0.0630108 0.00586278 0.00113174 0.00873156 0.134395 
0.799526 0.0195458 0.0609051 0.00518252 0.00112324 0.00549817 0.108219 
0.854645 0.01823 0.0490445 0.00514267 0.00165997 0.00864574 0.0626318 
0.839487 0.020194 0.0553223 0.00403033 0.00111899 0.00603411 0.0738132 
0.822769 0.0187037 0.0591814 0.00398161 0.0010643 0.00723559 0.0870644 
0.827029 0.0235944 0.0545139 0.00699601 0.00173463 0.00413935 0.0819929 
0.746154 0.0251775 0.062284 0.00630029 9.4709E-4 0.00669224 0.152445 
0.809236 0.0232394 0.0519764 0.0066171 0.00179318 0.00477558 0.102362 
0.805008 0.02505 0.0527628 0.00950703 0.00178484 0.004155 0.101732 
0.811242 0.0248707 0.051428 0.00819849 0.00119949 0.00483205 0.0982294 
0.759873 0.0222588 0.0655916 0.00689009 0.00108324 0.00436579 0.139937 
0.80057 0.0208476 0.0497544 0.00833114 0.00168885 0.00405756 0.11475 
0.840625 0.0257719 0.040074 0.00602148 0.00214687 0.00658913 0.078772 
0.778586 0.0205801 0.0546814 0.00787009 0.00143879 0.00453833 0.132306 
0.768056 0.0172657 0.0641827 0.00644024 0.00101712 0.00431486 0.138723 
0.779484 0.0251332 0.0629287 0.00639769 0.00105538 0.0053937 0.119607 
0.752549 0.0175082 0.0699848 0.00463585 9.47011E-4 0.00952091 0.144854 
0.762553 0.0217091 0.0591863 0.00326215 0.00115991 0.0111862 0.140943 
0.76432 0.0164878 0.0665987 0.00321678 7.44986E-4 0.0100391 0.138593 
0.840041 0.0180524 0.0530649 0.00522558 9.80565E-4 0.0074171 0.0752183 
0.808811 0.0164167 0.0557188 0.00600851 0.00144734 0.00623904 0.105359 
0.79388 0.0172532 0.0511262 0.0050538 0.00240475 0.00881707 0.121465 
0.842297 0.0161382 0.0553632 0.00592297 0.00131714 0.00682577 0.0721355 
0.830424 0.0173812 0.0517814 0.00422715 0.00126806 0.0120301 0.0828878 
0.877986 0.0196943 0.0448004 0.00522857 0.00128456 0.0102564 0.0407501 
0.8399 0.0232628 0.044099 0.0062507 0.00150482 0.0106166 0.0743659 
0.829652 0.0154501 0.0599195 0.00356945 0.00102592 0.0101176 0.0802656 
0.84819 0.0157107 0.0514422 0.00384424 0.0012514 0.00926078 0.0703007 
0.867228 0.0219035 0.041301 0.00602637 0.00163421 0.0117272 0.0501798 
0.86477 0.0262557 0.0418107 0.00613166 0.00175029 0.0102227 0.0490585 
0.83132 0.0271105 0.03962 0.00388032 0.00207228 0.0243625 0.071634 
0.853722 0.0199218 0.0432735 0.00492674 0.00191577 0.0141881 0.062052 
0.815434 0.0220457 0.0464683 0.00541988 0.00177456 0.0111686 0.0976884 
0.786513 0.0204574 0.0567278 0.00339415 7.24095E-4 0.0141739 0.11801 
0.76076 0.026013 0.0566606 0.003571 8.82683E-4 0.0116622 0.14045 
0.81591 0.0209335 0.0548332 0.00510276 0.00135084 0.00510674 0.0967632 
0.816844 0.0222623 0.0539464 0.00606126 0.00101212 0.00568667 0.0941873 
0.730739 0.0203469 0.0527112 0.00485898 0.0018121 0.00910429 0.180427 
0.70436 0.0196162 0.05682 0.00527788 0.00135159 0.00791329 0.204661 
0.749848 0.0250975 0.0465241 0.00479492 0.00198425 0.00862182 0.163129 
0.716607 0.0291805 0.0489214 0.00439772 0.00161408 0.00894302 0.190337 
0.783578 0.0364416 0.0528596 0.00682704 0.00126826 0.0079117 0.111114 
0.765939 0.0254048 0.0594142 0.00609882 9.12949E-4 0.00699089 0.13524 
0.817672 0.0260134 0.0495221 0.00595077 0.00110046 0.010561 0.0891805 
0.814179 0.0286935 0.0503907 0.00515108 0.00108685 0.00631833 0.0941806 
0.829955 0.031163 0.0427888 0.00820426 0.00160078 0.0057397 0.0805489 
0.82574 0.0420917 0.0393088 0.00672468 0.00168862 0.00638042 0.0780661 
0.774889 0.0380119 0.051721 0.00422611 9.02354E-4 0.00994923 0.120301 
0.749387 0.0225753 0.060341 0.00436276 0.0010186 0.00681268 0.155503 
0.768284 0.0255134 0.0555641 0.00414667 9.51618E-4 0.0101782 0.135362 
0.740407 0.0298164 0.0516754 0.00388417 0.00104523 0.0119246 0.161247 
0.82469 0.0274723 0.0420285 0.00820527 0.00174752 0.00518891 0.0906676 
0.729424 0.0311069 0.0599729 0.00557259 9.72837E-4 0.00637157 0.166579 
0.769297 0.0321736 0.0433574 0.00430204 0.00174898 0.00985163 0.13927 
0.823197 0.0228375 0.0506393 0.00701711 0.00141547 0.00586622 0.0890277 
0.791789 0.0208962 0.0488833 0.00635877 0.00172472 0.00794298 0.122405 
0.810707 0.0184661 0.0584276 0.00615265 0.00100419 0.00598955 0.099253 
0.810255 0.0163425 0.0511348 0.00474734 0.00136627 0.00862528 0.107529 
0.845383 0.0138372 0.0550566 0.00348757 0.00118885 0.00916341 0.0718837 
0.805733 0.0168233 0.0558935 0.00364732 0.00159811 0.00743338 0.108871 
0.829412 0.0222606 0.0489187 0.00395128 0.00182922 0.0105962 0.0830323 
0.785492 0.0229618 0.0463763 0.00374479 0.00161298 0.0139828 0.12583 
0.821551 0.025548 0.0452705 0.00315667 0.00122871 0.0125493 0.0906962 
0.817564 0.0212085 0.0534653 0.00301299 0.00116311 0.0163791 0.0872066 
0.738359 0.026539 0.0584466 0.00379032 0.00207402 0.0083601 0.162431 
0.786112 0.0193046 0.0551922 0.00297509 0.00129604 0.0151136 0.120007 
0.805357 0.0238622 0.0528343 0.00360681 0.00132474 0.0125455 0.100469 
0.837653 0.0240562 0.0546853 0.00469833 0.00128736 0.0115041 0.0661161 
0.790037 0.0170137 0.0529939 0.0043706 0.00176125 0.0101089 0.123714 
0.861355 0.0195601 0.0367568 0.00458133 0.00250138 0.0145274 0.0607182 
0.872136 0.0211589 0.0424435 0.00686326 0.0019516 0.00626813 0.0491785 
0.768808 0.0211093 0.0659479 0.00523598 0.00119943 0.004395 0.133304 
0.797588 0.0171488 0.060553 0.00567553 0.00110529 0.00603032 0.111899 
0.759965 0.0217218 0.0581312 0.00330195 0.00113063 0.00897247 0.146777 
0.808491 0.0173584 0.0532277 0.0037755 0.00103007 0.0153334 0.100784 
0.766884 0.0278258 0.048251 0.00453516 0.00130771 0.0121198 0.139077 
0.778367 0.0277141 0.0479374 0.00350756 0.0012098 0.0116864 0.129578 
0.774952 0.0231811 0.0565456 0.00381391 8.57709E-4 0.00929129 0.131358 
0.806668 0.0232557 0.0430902 0.00431695 0.00134183 0.0112762 0.110051 
0.755364 0.0211884 0.0497283 0.00347146 0.00105514 0.0129583 0.156235 
0.75639 0.0247226 0.0530501 0.00386404 0.00170264 0.00703455 0.153236 
0.80519 0.0191604 0.0574024 0.00476355 0.00114486 0.00892648 0.103413 
0.737961 0.0227052 0.0624666 0.00389059 9.2829E-4 0.00939288 0.162655 
0.753695 0.0278813 0.0555276 0.00341093 9.98667E-4 0.00890095 0.149586 
0.714001 0.0365526 0.0669693 0.00488753 7.97571E-4 0.00570191 0.171091 
0.633901 0.0299733 0.0652645 0.00458015 0.00149924 0.00536016 0.259421 
0.730419 0.040455 0.0467787 0.00464543 0.00179946 0.00835915 0.167543 
0.801176 0.0383838 0.0575721 0.00626524 9.87168E-4 0.00668889 0.0889273 
0.812066 0.0300441 0.0486895 0.00786733 0.00194682 0.00532837 0.0940576 
0.755966 0.0278824 0.0638931 0.00422044 9.36489E-4 0.00836519 0.138736 
0.752564 0.0267989 0.0557256 0.00657837 0.00132902 0.00489567 0.152109 
0.813691 0.0277719 0.0449748 0.00601134 0.00225603 0.00709864 0.0981965 
0.798794 0.0259269 0.0485479 0.00660872 0.00178158 0.00796562 0.110375 
0.796461 0.0275846 0.0525077 0.00818696 0.00156775 0.00687323 0.106819 
0.863265 0.0275411 0.0389376 0.00862757 0.00305041 0.00808637 0.0504924 
0.835837 0.0252521 0.0503924 0.00758629 0.00156537 0.0073259 0.0720414 
0.863362 0.0203141 0.0479453 0.00963118 0.00154692 0.00562448 0.0515756 
0.82844 0.0246946 0.0475321 0.00895036 0.00202267 0.00605027 0.0823103 
0.779507 0.0261748 0.0563238 0.00597113 0.00150325 0.0051752 0.125345 
0.801148 0.0220402 0.0555096 0.00555484 0.00160554 0.00582538 0.108316 
0.792161 0.0232233 0.0524109 0.00524859 0.00139254 0.00795589 0.117608 
0.799283 0.0346083 0.0441171 0.00457155 0.00153386 0.00916921 0.106717 
0.798612 0.0247724 0.0437506 0.00457662 0.00163622 0.00863625 0.118016 
0.642807 0.0270799 0.0592189 0.00363232 0.00110445 0.00690349 0.259254 
0.69011 0.0219856 0.0581905 0.00428951 0.00145263 0.00750294 0.216469 
0.810686 0.0282473 0.0526338 0.00768231 0.00174067 0.00513094 0.0938791 
0.759765 0.0236597 0.0603905 0.00423015 0.00118732 0.00685992 0.143907 
0.748086 0.0248971 0.0642266 0.00475919 0.00176838 0.0051557 0.151107 
0.656337 0.0273916 0.0514852 0.00396816 0.00197922 0.0107889 0.24805 
0.705077 0.0226217 0.0613044 0.00409181 0.00123161 0.00769273 0.197981 
0.756447 0.0244701 0.0515234 0.00624802 0.00123035 0.00818549 0.151896 
0.725541 0.0185614 0.0641917 0.00409225 7.92373E-4 0.0104468 0.176374 
0.752255 0.0189812 0.0542693 0.00350277 9.98081E-4 0.0152339 0.15476 
0.715204 0.0170729 0.0517508 0.00442708 0.00150884 0.0118205 0.198216 
0.773058 0.0294012 0.0488154 0.00316935 0.00140413 0.0139439 0.130208 
0.771607 0.0246271 0.0509794 0.00419362 0.0014691 0.0100253 0.137099 
0.58438 0.0202032 0.0755781 0.00359832 8.32576E-4 0.00653826 0.30887 
0.749215 0.02168 0.0642852 0.00336829 0.00110789 0.00781421 0.152529 
0.768451 0.0251224 0.0439253 0.00621632 0.00234488 0.0103376 0.143603 
0.734583 0.0244325 0.0515107 0.00509401 0.00181152 0.0104146 0.172154 
0.800562 0.0309034 0.0531728 0.00838328 0.00133296 0.00646931 0.0991764 
0.807014 0.023387 0.0493188 0.00519078 0.00123967 0.00793906 0.105911 
0.789696 0.0247305 0.0485149 0.00570212 0.00143676 0.00902668 0.120893 
0.846417 0.0173752 0.0457543 0.00706427 0.00161824 0.00551642 0.0762548 
0.824064 0.0228854 0.0604519 0.00632847 0.00127771 0.00410628 0.0808861 
0.855692 0.0278777 0.0533561 0.00776774 0.00139973 0.00575209 0.0481545 
0.844195 0.0367648 0.0467131 0.0117721 0.00162928 0.00624922 0.0526765 
0.762419 0.0218119 0.0775804 0.00538842 8.07098E-4 0.00474205 0.127251 
0.79843 0.0204439 0.0668436 0.00515033 0.001085 0.00536527 0.102681 
0.846463 0.0407467 0.0301809 0.0117545 0.00656952 0.014096 0.0501896 
0.856432 0.0385742 0.0308373 0.0162186 0.00501364 0.00925644 0.0436674 
0.855471 0.0259582 0.0373834 0.0115946 0.00331679 0.00619638 0.0600799 
0.847676 0.0217391 0.0367392 0.00783408 0.00415918 0.00817327 0.0736789 
0.863065 0.0280084 0.0390594 0.00700968 0.00317568 0.00651171 0.0531701 
0.875185 0.0230337 0.040737 0.00694789 0.00283449 0.00583449 0.0454277 
0.875543 0.0209608 0.0423055 0.0109297 0.00410527 0.00471781 0.0414377 
0.869382 0.0265078 0.041374 0.00943706 0.00248672 0.00505609 0.0457561 
0.87437 0.0229584 0.0386531 0.00895089 0.00231876 0.00808582 0.0446626 
0.863145 0.024671 0.0353922 0.00893701 0.00359009 0.00977515 0.0544898 
0.84926 0.0278729 0.0402018 0.00688279 0.00238396 0.00696913 0.066429 
0.842359 0.0313217 0.0391091 0.00836059 0.00239043 0.00682817 0.069631 
0.842392 0.0238731 0.0428266 0.00829069 0.00217662 0.00709537 0.0733455 
0.810651 0.0272607 0.0441979 0.00567883 0.00186953 0.0132385 0.097103 
0.832471 0.0285456 0.0420592 0.0095383 0.00280881 0.0096426 0.0749346 
0.822676 0.0199784 0.0468062 0.00677039 0.00190554 0.0114653 0.0903983 
0.841977 0.0217512 0.0426383 0.00782877 0.00233476 0.0103315 0.0731387 
0.746117 0.0231402 0.0488672 0.00478468 0.00275458 0.0124288 0.161908 
0.854205 0.0271595 0.0428275 0.00814439 0.00282323 0.00669452 0.0581463 
0.781465 0.0238705 0.0537688 0.0053085 0.00269215 0.00811004 0.124785 
0.852083 0.0229926 0.0496231 0.00423199 0.00157964 0.00836994 0.0611198 
0.883271 0.0275152 0.0339087 0.00504856 0.00308867 0.0079764 0.0391913 
0.861768 0.0228858 0.0387499 0.00462869 0.00229806 0.00792743 0.0617417 
0.864471 0.0507471 0.0289315 0.00721171 0.00442976 0.00959317 0.0346154 
0.855533 0.0600646 0.0209605 0.00755784 0.0075039 0.0170845 0.0312958 
0.872553 0.0507581 0.026183 0.0158685 0.00402269 0.00521707 0.0253974 
0.877004 0.0397616 0.0292652 0.00849319 0.00309979 0.00798641 0.0343897 
0.869 0.0359537 0.0338419 0.00608974 0.00296941 0.0137895 0.0383562 
0.837609 0.0396879 0.0382504 0.00635364 0.0026422 0.0109205 0.0645366 
0.835781 0.0301577 0.0403572 0.00535282 0.00259336 0.0154042 0.0703536 
0.780451 0.0256611 0.0473629 0.00458391 0.00224802 0.0129527 0.12674 
0.831396 0.0286117 0.0431658 0.0055591 0.00279804 0.0101553 0.0783145 
0.829155 0.0292643 0.0409582 0.00815437 0.00229142 0.00913619 0.0810404 
0.809908 0.0238323 0.047591 0.00681473 0.00308852 0.00558251 0.103183 
0.831238 0.0294669 0.0437949 0.00663692 0.00233306 0.0101333 0.0763973 
0.840639 0.030331 0.0374372 0.00510872 0.0023206 0.0103461 0.0738175 
0.856856 0.0287886 0.0432519 0.00675989 0.00193423 0.00707504 0.0553346 
0.84059 0.0331267 0.0367404 0.00472464 0.00241097 0.0152751 0.0671321 
0.815561 0.0428426 0.0342011 0.0068291 0.00263078 0.00981915 0.0881165 
0.857005 0.0375901 0.0347954 0.00876648 0.00332489 0.00684326 0.0516745 
0.842896 0.0360414 0.0356436 0.00907903 0.00240982 0.0113033 0.0626267 
0.862312 0.0340397 0.030931 0.0100912 0.00323615 0.0111644 0.0482258 
0.831978 0.0256937 0.0375342 0.00616472 0.00259688 0.0131676 0.0828644 
0.86254 0.0264805 0.0429291 0.00738559 0.00189091 0.00888433 0.0498899 
0.847704 0.0371811 0.0378897 0.00822875 0.0021652 0.0104159 0.0564156 
0.843203 0.0462549 0.0393885 0.00954992 0.00270197 0.00754502 0.0513562 
0.828567 0.0275645 0.0448532 0.00589314 0.00192075 0.00647646 0.0847248 
0.764431 0.0266646 0.0555267 0.00432548 0.00175213 0.00901385 0.138286 
0.779745 0.0262232 0.0473701 0.00495898 0.00180144 0.00890821 0.130993 
0.815957 0.0289712 0.0457222 0.00520282 0.00291251 0.00646377 0.0947701 
0.805342 0.0262585 0.0413523 0.00612811 0.00267467 0.0103779 0.107866 
0.678833 0.0241293 0.0532844 0.00446375 0.00165532 0.0125557 0.225079 
0.775559 0.0237703 0.051488 0.00379584 0.00158778 0.0157555 0.128044 
0.645382 0.0256288 0.0521305 0.0037369 0.00221772 0.0170732 0.253831 
0.679315 0.0326532 0.0435388 0.00411784 0.00364219 0.0146857 0.222047 
0.850754 0.0321197 0.0345501 0.00645362 0.00321476 0.0109711 0.0619371 
0.822681 0.045563 0.0290845 0.00685425 0.00467069 0.0128301 0.0783169 
0.816037 0.0455296 0.0344828 0.0100594 0.00513795 0.0084187 0.0803346 
0.822448 0.0273539 0.0355811 0.00683793 0.00298018 0.012374 0.0924249 
0.81374 0.0209056 0.0478629 0.00519237 0.00181599 0.0084356 0.102047 
0.839161 0.0219941 0.0461994 0.00599752 0.00261088 0.00470451 0.0793327 
0.760157 0.0204543 0.0546083 0.00395653 0.00144584 0.0156932 0.143685 
0.738433 0.0238459 0.0562256 0.00372342 0.00129812 0.00951191 0.166962 
0.80652 0.0175344 0.0522402 0.00378832 0.00163373 0.00832475 0.109958 
0.825273 0.0224571 0.0430174 0.00403988 0.00234617 0.0103702 0.0924966 
0.706058 0.0276709 0.0524606 0.00445998 0.00210186 0.00715269 0.200096 
0.721556 0.0223314 0.0585622 0.00447507 0.00208216 0.00963652 0.181357 
0.759611 0.0226628 0.0534619 0.00596366 0.00162872 0.00635721 0.150315 
0.830016 0.0251315 0.0393579 0.0102761 0.00342391 0.00638782 0.0854068 
0.811022 0.0265301 0.0387687 0.00993787 0.00364831 0.0074135 0.102679 
0.761965 0.0277731 0.0457028 0.00719497 0.00240215 0.0116779 0.143284 
0.801313 0.029107 0.05124 0.0110975 0.0027256 0.00452551 0.0999916 
0.845554 0.0290534 0.0414031 0.00905236 0.00276821 0.00741367 0.0647556 
0.826863 0.0251177 0.0414072 0.00651485 0.00265842 0.00906001 0.0883785 
0.81116 0.0219514 0.0430062 0.00774621 0.00296909 0.0104456 0.102721 
0.801769 0.0263183 0.0421033 0.00745074 0.00298591 0.0101637 0.109209 
0.804818 0.0245016 0.0502389 0.00721817 0.00304734 0.00574451 0.104432 
0.797588 0.0240396 0.0471977 0.00432559 0.0032285 0.0099412 0.11368 
0.769626 0.0267251 0.0499491 0.00553965 0.00235863 0.00692155 0.13888 
0.756206 0.030074 0.0492549 0.0056107 0.00199523 0.00934471 0.147514 
0.771631 0.030785 0.044411 0.00696744 0.00284286 0.00674401 0.136619 
0.805693 0.0224025 0.0482501 0.00607355 0.00235171 0.00649234 0.108737 
0.835785 0.0275435 0.0432554 0.00591701 0.00208399 0.00768021 0.0777348 
0.815518 0.0259815 0.0476809 0.00528482 0.00215699 0.00776049 0.0956176 
0.784046 0.0218247 0.0522185 0.00407703 0.00203961 0.0107617 0.125032 
0.816567 0.0289404 0.0504047 0.00714554 0.00165663 0.00624789 0.0890377 
0.806806 0.0194737 0.056596 0.00600123 0.00147769 0.0066925 0.102953 
0.771609 0.0232652 0.0537833 0.00523105 0.00201338 0.00721221 0.136886 
0.816351 0.0266437 0.0420049 0.0062284 0.00302423 0.00687558 0.0988717 
0.830037 0.0310561 0.0474571 0.00390804 0.00149258 0.00744286 0.0786059 
0.780466 0.0218816 0.0582448 0.00403406 0.00144859 0.00813855 0.125787 
0.775418 0.0199033 0.0608889 0.00359973 0.00143006 0.00917657 0.129584 
0.800762 0.0237352 0.0475983 0.00365747 0.00229452 0.0169378 0.105015 
0.749167 0.0215718 0.0497087 0.00423799 0.00274232 0.014004 0.158568 
0.810652 0.0190645 0.0531818 0.00392522 0.00246621 0.00874497 0.101966 
0.778846 0.0215986 0.0540786 0.00391113 0.002007 0.0101395 0.129419 
0.799619 0.0224103 0.0563743 0.00478478 0.00134096 0.00673949 0.108731 
0.809883 0.0195292 0.0442581 0.00466319 0.00197852 0.0153524 0.104336 
0.809541 0.0244905 0.0466653 0.00420879 0.00156916 0.0135449 0.0999803 
0.781105 0.020529 0.0518038 0.00406675 0.0013526 0.0121204 0.129023 
0.815064 0.0189322 0.0444389 0.00748316 0.00223894 0.0072783 0.104565 
0.839747 0.0152636 0.0486378 0.00525057 0.00212524 0.00792231 0.081053 
0.883713 0.0204185 0.0465649 0.00458013 0.00204621 0.022827 0.0198499 
0.392641 0.032656 0.0556357 0.00143543 0.00146963 0.495553 0.0206097 
0.441447 0.0449285 0.0620053 0.00127757 0.00188298 0.430523 0.0179349 
0.773507 0.016541 0.0610997 0.00594188 0.00363471 0.0696898 0.0695862 
0.704225 0.0232566 0.0592891 0.00514922 0.00334075 0.129848 0.0748909 
0.716093 0.0251022 0.0507542 0.00427182 0.00336639 0.139136 0.0612769 
0.774839 0.0224227 0.0521897 0.00399351 0.00213266 0.0999915 0.0444308 
0.803691 0.0310943 0.0436317 0.00288355 0.00245336 0.0750768 0.0411693 
0.79429 0.034702 0.0466631 0.00330214 0.00247454 0.0737064 0.0448619 
0.711629 0.0203365 0.0645793 0.00200059 0.00250791 0.0413013 0.157645 
0.729272 0.0180038 0.0600767 0.00352269 0.00201623 0.0292847 0.157824 
0.781823 0.0207204 0.0547358 0.00252199 0.00168246 0.037782 0.100735 
0.788984 0.0223492 0.0508254 0.00390015 0.00223298 0.0310691 0.100639 
0.766199 0.0190737 0.0549698 0.00290086 0.00168937 0.0310039 0.124163 
0.669621 0.0204791 0.0557076 0.00347243 0.00159771 0.0433752 0.205747 
0.781546 0.0244146 0.0423611 0.00374436 0.00203361 0.0345987 0.111302 
0.728995 0.0155592 0.0660354 0.00293634 0.00177029 0.0170524 0.167652 
0.78014 0.0164037 0.0618657 0.00426131 0.00186614 0.0110243 0.124439 
0.848249 0.016694 0.052255 0.00411931 0.00271084 0.014689 0.061283 
0.760466 0.0207466 0.061819 0.00316807 0.00174367 0.0118095 0.140247 
0.745014 0.0236091 0.0550223 0.00312904 0.0024491 0.0178095 0.152967 
0.815012 0.026307 0.0482174 0.00356428 0.00239466 0.0123523 0.0921526 
0.838323 0.0310111 0.0430569 0.00460083 0.00285228 0.0107699 0.0693856 
0.836498 0.0250151 0.0354907 0.00488428 0.0033027 0.0179938 0.0768151 
0.790884 0.025031 0.0404198 0.00498021 0.00185554 0.0184561 0.118373 
0.867452 0.02896 0.0351327 0.00585484 0.00267225 0.0103999 0.0495284 
0.76674 0.016639 0.0552003 0.0032324 0.00144862 0.0102406 0.146499 
0.763977 0.0257884 0.0582509 0.00236421 0.00113828 0.0101536 0.138327 
0.847721 0.0208005 0.0423457 0.005029 0.00210914 0.00901818 0.0729769 
0.843247 0.0215845 0.0387482 0.00463626 0.00189721 0.0109008 0.0789863 
0.858463 0.0232426 0.0401378 0.00342944 0.00165216 0.0113683 0.0617065 
0.883388 0.0269794 0.0365432 0.00618634 0.00276655 0.00871596 0.0354206 
0.808517 0.0224269 0.0448613 0.00429038 0.00243576 0.0115321 0.105936 
0.824747 0.0194729 0.0424679 0.00412008 0.0019075 0.0172393 0.0900451 
0.796836 0.0179516 0.0579723 0.00399583 0.00111571 0.0104526 0.111676 
0.814156 0.0168205 0.0504812 0.00350714 0.0014661 0.015364 0.0982048 
0.798039 0.0159607 0.0577831 0.00300511 0.00117831 0.0183076 0.105727 
0.828958 0.0138568 0.0611032 0.00342095 0.00116931 0.01248 0.0790117 
0.868723 0.0155762 0.0442275 0.00362395 0.00178754 0.0178139 0.0482476 
0.85626 0.0144373 0.0525023 0.00436584 0.00139013 0.00939688 0.0616471 
0.84299 0.0207965 0.038916 0.00328007 0.00182216 0.0244096 0.0677856 
0.831333 0.0158357 0.0498642 0.00362634 0.00267041 0.014135 0.0825354 
0.808913 0.0211261 0.0385647 0.0030046 0.00233189 0.0282583 0.0978015 
0.799672 0.0224668 0.0483672 0.00304469 0.00143757 0.016767 0.108244 
0.817821 0.0270611 0.0424433 0.00358583 0.00191957 0.0151896 0.0919797 
0.849644 0.0239309 0.041081 0.00406495 0.00186667 0.0119752 0.067437 
0.767254 0.023322 0.0475014 0.00375855 0.00209224 0.0116535 0.144418 
0.74895 0.0190161 0.0574846 0.00400022 0.00114179 0.00834802 0.161059 
0.792366 0.0254532 0.0469923 0.0034851 0.00153703 0.0110931 0.119073 
0.740141 0.0209523 0.0499936 0.00293775 0.00130171 0.0137459 0.170927 
0.760478 0.0244746 0.0482648 0.0030637 0.00199297 0.0113004 0.150425 
0.746634 0.0225162 0.0519209 0.00331099 0.00186144 0.011235 0.162521 
0.630965 0.0338317 0.047463 0.00439352 0.00223842 0.0127068 0.268402 
0.687175 0.0311573 0.049519 0.00390635 0.00119174 0.0126116 0.214439 
0.788145 0.0150508 0.0578051 0.00530801 0.00133067 0.00845645 0.123904 
0.816429 0.021666 0.0471166 0.0051585 0.00152617 0.0100458 0.0980583 
0.801808 0.0158473 0.0548489 0.00561068 0.00151385 0.00638386 0.113987 
0.632798 0.0276 0.0555296 0.00111023 0.00171114 0.0412136 0.240037 
0.695356 0.0269322 0.047526 0.0015528 0.00159882 0.0301755 0.196859 
0.766937 0.0136987 0.051778 0.00379816 0.00142381 0.0116082 0.150756 
0.811571 0.0194988 0.0378806 0.00463313 0.00267369 0.0119869 0.111756 
0.789052 0.0152445 0.0554858 0.00380659 0.00117007 0.00793723 0.127304 
0.858829 0.023003 0.0413999 0.00485712 0.00143761 0.00849489 0.0619789 
0.827902 0.0188952 0.0447627 0.00580542 0.00211096 0.00688634 0.0936368 
0.772574 0.0164255 0.0604166 0.00414771 8.69755E-4 0.00699036 0.138576 
0.76559 0.0197933 0.0540296 0.00322138 0.00129261 0.00869454 0.147378 
0.787786 0.0200222 0.0510246 0.00404513 0.00139112 0.00811281 0.127618 
0.740247 0.0160339 0.0529025 0.00461414 0.00203691 0.00750681 0.176659 
0.715219 0.0234996 0.0541975 0.0046512 0.00123243 0.0090294 0.192171 
0.740314 0.0190873 0.0645351 0.00441083 8.65963E-4 0.00551996 0.165267 
0.776022 0.019732 0.058586 0.00458561 0.00117788 0.00495409 0.134942 
0.885039 0.0182526 0.0415218 0.00645514 0.00223986 0.0060937 0.0403981 
0.874297 0.0157982 0.0448084 0.00609293 0.00140973 0.00956544 0.0480287 
0.879578 0.0184939 0.0353942 0.00841762 0.00248188 0.0121428 0.0434921 
0.860633 0.0226081 0.039527 0.0115099 0.00190786 0.0067471 0.0570667 
0.77813 0.018923 0.0509672 0.00486799 0.00166201 0.00986865 0.135581 
0.710291 0.0193537 0.0618778 0.00354749 0.0015625 0.00952813 0.193839 
0.779671 0.0213611 0.0569385 0.0046224 0.00155643 0.00703862 0.128812 
0.721569 0.0224436 0.0542438 0.00276066 0.00172948 0.0134638 0.18379 
0.626134 0.0372074 0.0516853 0.00129151 0.00155414 0.0282224 0.253905 
0.762173 0.0335545 0.0433368 0.00399588 0.00290694 0.00959205 0.144441 
0.755809 0.0221117 0.0795475 0.00372049 0.00148831 0.00450246 0.13282 
0.764216 0.0174501 0.0938766 0.00325639 0.00100694 0.00412437 0.11607 
0.846134 0.027412 0.0470719 0.0100919 0.00370881 0.00414217 0.0614389 
0.852304 0.0347647 0.0563143 0.00840509 0.00261326 0.00535336 0.0402448 
0.840794 0.0414548 0.0533762 0.0115791 0.00214213 0.00625426 0.0443997 
0.849064 0.0430296 0.0458956 0.0118426 0.00322035 0.00551456 0.0414333 
0.859176 0.0327836 0.0522436 0.0206785 0.00241708 0.00636595 0.0263353 
0.871114 0.0349664 0.0446783 0.00986671 0.00250109 0.0106338 0.0262397 
0.865787 0.0386793 0.0411205 0.0219528 0.00271386 0.00789291 0.0218541 
0.85434 0.0664397 0.0289997 0.0208442 0.00647046 0.00647239 0.0164336 
0.858175 0.0746326 0.0233561 0.0198581 0.010681 0.00384301 0.0094542 
0.841852 0.0827636 0.0240695 0.0326233 0.00820664 0.00313954 0.00734549 
0.872826 0.0478314 0.0342129 0.0306528 0.00454647 0.00296239 0.00696808 
0.881312 0.0266275 0.0303267 0.0145622 0.00301175 0.0097057 0.0344538 
0.819455 0.0143547 0.0701217 0.00883733 0.00227436 0.00389589 0.0810611 
0.815884 0.0143743 0.0618119 0.00704887 0.00294895 0.0044207 0.0935111 
0.840697 0.0191581 0.052488 0.00950197 0.00196444 0.00494885 0.071242 
0.827094 0.0139659 0.0644942 0.0133591 0.00210995 0.00352574 0.0754514 
0.834786 0.018925 0.04866 0.0107064 0.00167718 0.00790675 0.0773386 
0.847661 0.0229321 0.0436219 0.00990635 0.00150251 0.00654688 0.0678294 
0.852834 0.0218418 0.0403203 0.00676466 0.00198874 0.00535101 0.0708999 
0.828021 0.0241775 0.0463332 0.00856359 0.00260244 0.00329405 0.0870081 
0.762367 0.0178701 0.0626656 0.0106263 0.00107858 0.00433861 0.141053 
0.76602 0.0194669 0.0536706 0.00789588 0.00162965 0.00466805 0.146649 
0.699889 0.0211448 0.0646942 0.00550822 0.00123849 0.0052174 0.202307 
0.604364 0.0194818 0.0756741 0.00497398 0.00117696 0.00500104 0.289328 
0.64791 0.0141676 0.0724112 0.0111496 0.0017386 0.00359417 0.249029 
0.802013 0.0198429 0.04795 0.0121864 0.00220714 0.00365793 0.112143 
0.758517 0.0197445 0.0512454 0.00649873 0.00143028 0.00559912 0.156965 
0.596824 0.0190025 0.0741472 0.00454622 0.00112214 0.00515777 0.299201 
0.773107 0.0118019 0.0661813 0.00620285 0.00147566 0.005577 0.135654 
0.754865 0.013849 0.0670794 0.00448216 9.98639E-4 0.00907 0.149656 
0.663337 0.0180291 0.0612053 0.00369216 0.00122582 0.0124877 0.240023 
0.741056 0.0147786 0.0606315 0.00570744 0.00118296 0.0107995 0.165844 
0.80111 0.0156989 0.0505312 0.00751403 0.00245287 0.00709683 0.115597 
0.783382 0.0178369 0.0487724 0.00872319 0.00236721 0.00716199 0.131757 
0.742858 0.0155933 0.0644808 0.00431784 0.00111641 0.00852238 0.163112 
0.786456 0.0239974 0.0554498 0.0070707 0.00167874 0.00482699 0.120521 
0.70563 0.0251881 0.0598735 0.00601439 0.00181073 0.00521715 0.196266 
0.744608 0.0246495 0.049302 0.00595573 0.00256226 0.00632498 0.166597 
0.725682 0.0181299 0.0520686 0.00664273 0.00273282 0.00599952 0.188744 
0.704483 0.0158425 0.0624353 0.00473989 0.00145467 0.00622641 0.204818 
0.772719 0.0161161 0.0550888 0.00630479 0.00178467 0.00736307 0.140624 
0.840982 0.0150926 0.0451466 0.00592875 0.00261383 0.0107964 0.0794402 
0.830185 0.0201169 0.0525665 0.00696099 0.00165131 0.00621844 0.0823007 
0.844669 0.020569 0.0412877 0.00588912 0.00242532 0.0105992 0.074561 
0.77709 0.0274705 0.0445734 0.00546935 0.00236291 0.0104068 0.132627 
0.755957 0.0199223 0.0459825 0.00444964 0.00315422 0.0109001 0.159635 
0.651601 0.0204389 0.0628098 0.0054267 0.00152493 0.00788217 0.250316 
0.759208 0.0185667 0.0493341 0.00478209 0.0023369 0.0110394 0.154733 
0.854353 0.0201958 0.0414317 0.00771612 0.00195754 0.00626073 0.0680847 
0.803049 0.0187414 0.0596697 0.00838564 0.001371 0.00524649 0.103536 
0.790827 0.0286526 0.0439809 0.0072144 0.0018593 0.00763689 0.119829 
0.72666 0.0177349 0.060134 0.00636027 0.00161645 0.0068618 0.180632 
0.796625 0.0213336 0.0450271 0.00782862 0.00226587 0.00615852 0.120762 
0.760744 0.0202094 0.0532398 0.0100384 0.00237742 0.00535622 0.148035 
0.75519 0.0229265 0.048539 0.00500383 0.00206001 0.00947829 0.156802 
0.751788 0.0220305 0.050036 0.0069611 0.00210831 0.00897543 0.158101 
0.646935 0.0217576 0.0507381 0.00541093 0.0018332 0.00999771 0.263327 
0.775177 0.0241946 0.0500746 0.00553351 0.00163549 0.00607234 0.137312 
0.764418 0.0276782 0.0543758 0.00385384 9.00189E-4 0.0106365 0.138138 
0.781498 0.0205255 0.0520352 0.00523416 0.00122493 0.00894596 0.130536 
0.845384 0.0223179 0.0416786 0.00620683 0.00223701 0.00806552 0.0741098 
0.810941 0.028208 0.0473665 0.00849598 0.00211675 0.0076042 0.0952679 
0.757227 0.0258201 0.0495067 0.00573467 0.00144447 0.00775953 0.152507 
0.680075 0.0204495 0.0614102 0.00411234 0.00118945 0.00904025 0.223724 
0.711226 0.0307358 0.0497614 0.00661663 0.00135803 0.00863818 0.191664 
0.746959 0.0202659 0.050168 0.00522066 0.00196388 0.0124624 0.16296 
0.800289 0.0196772 0.0509475 0.0078632 0.00147229 0.00886629 0.110884 
0.781555 0.0180041 0.0603652 0.00497799 0.00153769 0.0106718 0.122888 
0.786825 0.0211172 0.0483894 0.00904105 0.0014686 0.0106642 0.122494 
0.778445 0.0223369 0.0486657 0.00640216 0.00210146 0.0112322 0.130816 
0.759781 0.0347072 0.0430891 0.00690925 0.0032482 0.0117668 0.140499 
0.754612 0.0288638 0.0437242 0.00592907 0.00201903 0.00995633 0.154896 
0.713869 0.0346297 0.0470351 0.00503047 0.00142765 0.0113628 0.186645 
0.805085 0.0254212 0.047492 0.0045216 0.00128168 0.00983942 0.106359 
0.742576 0.0244825 0.049144 0.00404188 0.00115151 0.0161153 0.162489 
0.741151 0.0291419 0.049112 0.00467415 0.00154891 0.0113138 0.163058 
0.806925 0.0353731 0.0348861 0.0056571 0.0037274 0.0185934 0.094838 
0.831249 0.0280355 0.0327242 0.0114209 0.00620292 0.0119074 0.0784602 
0.782459 0.0166944 0.0524257 0.00364131 0.00142574 0.0100765 0.133277 
0.791172 0.0233422 0.0417128 0.00525798 0.00198956 0.0105743 0.125951 
0.844931 0.0235042 0.043154 0.00516977 0.00165968 0.00984635 0.0717354 
0.8524 0.0232579 0.0355611 0.0061601 0.00282544 0.00970725 0.0700878 
0.839722 0.0330545 0.0339853 0.00839176 0.0034508 0.00998037 0.071415 
0.804968 0.0351728 0.0346907 0.00496732 0.0038884 0.00941804 0.106894 
0.77521 0.0270606 0.0392629 0.0056173 0.00365256 0.0101964 0.139 
0.757383 0.0272581 0.0422365 0.00508156 0.00278401 0.0106854 0.154572 
0.861499 0.0255568 0.0344491 0.00738758 0.00292994 0.00688448 0.0612928 
0.821527 0.0218661 0.0329816 0.00919493 0.00314903 0.013842 0.0974398 
0.774727 0.0283695 0.0312387 0.00762839 0.00469923 0.0150536 0.138284 
0.821747 0.0244848 0.0362508 0.00671237 0.00488242 0.0122913 0.0936311 
0.858403 0.0248863 0.0295081 0.0108244 0.00415493 0.00871135 0.0635121 
0.82901 0.0223291 0.0371932 0.0079917 0.00265418 0.00854659 0.0922748 
0.822966 0.0253433 0.0402057 0.00627677 0.00279215 0.0115666 0.0908493 
0.801753 0.0219661 0.038312 0.00830068 0.00281317 0.00614524 0.12071 
0.73311 0.0155301 0.0521993 0.00590261 0.00220029 0.00863525 0.182422 
0.817539 0.020315 0.0428795 0.00734953 0.0020632 0.00696494 0.102888 
0.859559 0.0184334 0.0332432 0.0069198 0.00338934 0.0125296 0.0659253 
0.83231 0.0216792 0.044382 0.00658395 0.00290827 0.00758514 0.0845514 
0.79121 0.0199197 0.0512225 0.00441894 0.00126502 0.0116649 0.120299 
0.819455 0.0232468 0.0431909 0.00519143 0.0014469 0.00859992 0.0988686 
0.748243 0.029446 0.0529813 0.00643782 0.0012232 0.00823708 0.153432 
0.827142 0.0180519 0.0408603 0.00677574 0.00268903 0.0129235 0.0915572 
0.834907 0.019729 0.0544774 0.010108 0.00132976 0.0052284 0.0742202 
0.801256 0.0215817 0.0416606 0.00656035 0.00200107 0.0156669 0.111273 
0.775014 0.0223029 0.0487089 0.00470558 0.00137908 0.0109082 0.136981 
0.832801 0.0291877 0.0459584 0.00516855 0.00108094 0.00865609 0.0771471 
0.765331 0.0212337 0.0587582 0.00603143 0.00120092 0.00902991 0.138415 
0.824421 0.0231352 0.0539995 0.00568245 0.00105466 0.0071822 0.0845255 
0.784956 0.017473 0.0673664 0.00818096 8.9523E-4 0.00530399 0.115824 
0.776604 0.0327308 0.0408158 0.00931897 0.00178245 0.00786941 0.130878 
0.837159 0.0186958 0.0474545 0.00543594 0.00128088 0.00629495 0.0836789 
0.833254 0.0208784 0.0478377 0.00889304 0.0013822 0.0078489 0.0799057 
0.830936 0.0189511 0.0455847 0.00721608 0.00142745 0.00913743 0.0867476 
0.740618 0.0245817 0.0607629 0.00463352 8.84919E-4 0.00809047 0.160428 
0.751478 0.0197697 0.0509067 0.00411614 0.00133319 0.010559 0.161838 
0.811725 0.0278668 0.0397845 0.00560475 0.00180145 0.0114938 0.101723 
0.739356 0.0232309 0.0467432 0.00481508 0.00196272 0.0100449 0.173847 
0.660699 0.0278427 0.0450703 0.00474035 0.00148432 0.0128342 0.247329 
0.797258 0.0259315 0.0344559 0.0062813 0.00295547 0.0135706 0.119547 
0.780466 0.0247154 0.0401037 0.00561314 0.0023308 0.0137488 0.133022 
0.773595 0.0251781 0.0411719 0.00500668 0.00299411 0.0129599 0.139094 
0.809408 0.0201075 0.0430292 0.00640591 0.00177895 0.0121793 0.107091 
0.842801 0.0189595 0.0383642 0.00868686 0.00275089 0.00787094 0.0805665 
0.723129 0.0172113 0.0634989 0.0056675 0.0011663 0.00585247 0.183474 
0.779712 0.0175128 0.061937 0.00586224 0.00128722 0.00583227 0.127857 
0.711289 0.0202704 0.0546479 0.00574207 0.00209222 0.00518632 0.200772 
0.744794 0.0238139 0.0563514 0.00619887 0.00175144 0.00541967 0.161671 
0.780011 0.0213482 0.0496826 0.00783904 0.00251739 0.00618428 0.132417 
0.718183 0.0236028 0.0467269 0.00651845 0.00244878 0.00900493 0.193515 
0.766628 0.0184827 0.046587 0.00896871 0.00219791 0.007587 0.149548 
0.820451 0.0301317 0.0384019 0.00644817 0.00271552 0.00862219 0.0932295 
0.826381 0.0229563 0.0463156 0.00628649 0.0022165 0.00719045 0.0886533 
0.784027 0.0204025 0.05785 0.00509825 0.00185679 0.00508816 0.125677 
0.819422 0.019986 0.0483329 0.00618132 0.00221901 0.00564831 0.0982108 
0.823583 0.0224631 0.0450633 0.00520934 0.00192923 0.00793387 0.0938186 
0.860674 0.0238353 0.0375374 0.00641342 0.00249249 0.0078705 0.0611773 
0.820131 0.0208962 0.0370645 0.00908802 0.00309759 0.00884902 0.100874 
0.791728 0.0221849 0.0385137 0.00845448 0.00213617 0.00975784 0.127225 
0.79808 0.0226153 0.0367511 0.00750359 0.00316094 0.00867793 0.123211 
0.816257 0.0287088 0.0347851 0.011082 0.00223047 0.00899585 0.0979407 
0.770206 0.021533 0.0429672 0.0084087 0.00217402 0.00936978 0.145342 
0.720572 0.020361 0.0475647 0.00686513 0.00228777 0.00912777 0.193222 
0.73768 0.0261422 0.0408431 0.00524919 0.00238783 0.0139842 0.173713 
0.775268 0.0253123 0.0379308 0.00720771 0.00258234 0.0121821 0.139517 
0.742778 0.0223428 0.0412609 0.00469504 0.00358614 0.0114396 0.173898 
0.723915 0.0217502 0.0435203 0.0044701 0.0031939 0.012214 0.190937 
0.810538 0.0215284 0.0379341 0.00470996 0.00317334 0.0167665 0.105349 
0.792504 0.0275028 0.0361431 0.00921082 0.00504203 0.0102577 0.119339 
0.664029 0.0241554 0.0408957 0.00475213 0.00283298 0.0185729 0.244762 
0.719181 0.0288147 0.043082 0.00410189 0.00271926 0.0121504 0.189951 
0.657737 0.020309 0.0543028 0.00428309 0.00160161 0.0117044 0.250062 
0.714387 0.028669 0.0385372 0.00693448 0.00262223 0.011478 0.197372 
0.706931 0.0209924 0.044887 0.00625143 0.00190838 0.0128789 0.206151 
0.803341 0.0253241 0.0414036 0.00649568 0.00176487 0.00825941 0.113411 
0.772079 0.0227196 0.0469545 0.00736088 0.00175409 0.00821257 0.140919 
0.710542 0.0253098 0.0420336 0.00632688 0.00253715 0.0105038 0.202747 
0.750574 0.0234383 0.0520291 0.00461399 0.00132932 0.0102581 0.157757 
0.755845 0.0277288 0.0441627 0.00460316 0.00184792 0.0109478 0.154864 
0.783761 0.0255232 0.0394279 0.00771964 0.00232559 0.00829136 0.132952 
0.834456 0.0251416 0.0326055 0.00639006 0.00464699 0.00996713 0.0867928 
0.775295 0.0231738 0.0390371 0.00437482 0.00278261 0.011415 0.143922 
0.695682 0.0199373 0.0493319 0.0072043 0.00137216 0.00781505 0.218657 
0.75618 0.0293513 0.042191 0.00528041 0.00201177 0.0100593 0.154927 
0.697274 0.0261052 0.0441636 0.00468859 0.00290299 0.0105304 0.214335 
0.806409 0.0267864 0.0374052 0.00654792 0.00272791 0.0088076 0.111316 
0.827728 0.0250212 0.0406453 0.00400665 0.00241044 0.0106901 0.0894984 
0.771441 0.0184291 0.0557908 0.00338633 0.00103953 0.00912804 0.140785 
0.777633 0.0251856 0.0531029 0.00469587 0.00140344 0.00815257 0.129827 
0.818536 0.0175459 0.0522204 0.0046109 0.00187812 0.00859538 0.0966136 
0.811382 0.0240641 0.0444631 0.0069336 0.00357275 0.00637782 0.103207 
0.846484 0.0178015 0.0488065 0.00453937 0.00118144 0.00956022 0.0716272 
0.794275 0.0256493 0.0496137 0.00516917 0.00165305 0.00855642 0.115084 
0.724035 0.0271205 0.0485342 0.00544225 0.00216555 0.00948441 0.183218 
0.686139 0.0231749 0.0599257 0.00468484 0.00114579 0.00888781 0.216042 
0.601121 0.0221094 0.0657454 0.00409512 0.00126626 0.0115799 0.294083 
0.699326 0.0202469 0.0516307 0.00386084 0.00185496 0.0133017 0.209779 
0.581891 0.0215696 0.0604426 0.00322072 0.00189754 0.0131652 0.317813 
0.708877 0.0221783 0.0494885 0.00393746 0.00327852 0.0144643 0.197776 
0.744477 0.0240769 0.0507591 0.00318122 0.00208282 0.0160218 0.159401 
0.776863 0.0266798 0.0392708 0.00469019 0.00320524 0.0151437 0.134147 
0.727264 0.0322378 0.0371463 0.0055032 0.00591166 0.0123143 0.179623 
0.785523 0.029094 0.0404572 0.00566766 0.0029595 0.00774705 0.128552 
0.771866 0.0342402 0.0415286 0.0096689 0.00367617 0.00613277 0.132888 
0.697495 0.0270135 0.0483329 0.0053353 0.00215587 0.00884045 0.210827 
0.771019 0.025355 0.044248 0.00868698 0.00306603 0.00715084 0.140474 
