0.734784 0.0175622 0.0466758 0.00407037 0.00123489 0.0247868 0.170886 
0.79918 0.0198585 0.0443438 0.00505649 0.00111524 0.0160098 0.114436 
0.848584 0.0208008 0.0403657 0.00607067 0.0014882 0.0154487 0.0672418 
0.820184 0.0248953 0.0357737 0.0098217 0.00205245 0.0167655 0.0905075 
0.7946 0.0249397 0.0411235 0.0085131 0.00143549 0.0108919 0.118496 
0.757237 0.0218772 0.042803 0.00603009 0.00167206 0.0128363 0.157544 
0.765778 0.0252409 0.0419119 0.00560125 0.00155939 0.0129222 0.146986 
0.811898 0.0263135 0.039375 0.00637883 0.00181363 0.0149604 0.0992602 
0.819957 0.0264735 0.0342425 0.0100077 0.00246879 0.0186504 0.0882004 
0.802151 0.0222566 0.0356377 0.00763658 0.00185246 0.0165457 0.11392 
0.800415 0.0266395 0.0393333 0.00478703 0.00149917 0.0153351 0.111991 
0.81984 0.0364249 0.0363461 0.00728258 0.00181231 0.0129318 0.0853625 
0.794002 0.0331897 0.0344641 0.00686635 0.00165581 0.017719 0.112103 
0.810537 0.0345675 0.0296499 0.00780453 0.00192271 0.0217692 0.0937492 
0.773481 0.0394584 0.030481 0.00764818 0.00214045 0.0355651 0.111226 
0.769491 0.0260849 0.0337515 0.00622007 0.00193298 0.0257417 0.136778 
0.73779 0.0285718 0.0367391 0.00524024 0.00181306 0.0169163 0.172929 
0.77666 0.0205052 0.0392745 0.00689906 0.00165907 0.0130231 0.14198 
0.8003 0.0267011 0.0365025 0.00540995 0.00126595 0.016117 0.113704 
0.809954 0.0223722 0.0393086 0.00392388 0.00226151 0.015641 0.106539 
0.827736 0.0203596 0.0397775 0.00432079 0.00183202 0.0228161 0.0831584 
0.858328 0.0243189 0.0407335 0.00767091 0.00205606 0.00841172 0.0584808 
0.810461 0.0170711 0.0497984 0.00497088 0.00129834 0.0149598 0.101441 
0.852616 0.0193024 0.048144 0.00836342 0.00146505 0.00692302 0.0631865 
0.828647 0.0207161 0.0511262 0.00755407 0.00146994 0.00770578 0.0827812 
0.86405 0.0211147 0.0363352 0.00605429 0.0016983 0.0177625 0.0529853 
0.839937 0.0253588 0.0473922 0.00516651 0.00155588 0.0153124 0.0652768 
0.872754 0.0222985 0.0445509 0.00548828 0.0010098 0.0143299 0.0395685 
0.840516 0.019416 0.0494891 0.00399618 0.00128826 0.013382 0.0719125 
0.814227 0.0245948 0.0487857 0.00400414 0.00167969 0.0167336 0.0899752 
0.844752 0.0183541 0.0452153 0.00350054 0.0012014 0.0219946 0.0649818 
0.834698 0.0220752 0.0421042 0.00704682 0.00165625 0.0171244 0.0752953 
0.837279 0.0257233 0.0445043 0.00722791 0.00164886 0.0147067 0.0689097 
0.848255 0.0285582 0.0335938 0.00929325 0.00335439 0.018425 0.0585199 
0.869553 0.0187238 0.0378118 0.00575151 0.00157658 0.0151701 0.0514129 
0.80411 0.0217289 0.0565197 0.00394953 7.89965E-4 0.0122847 0.100618 
0.797579 0.020932 0.0475537 0.00570026 0.00120103 0.0136793 0.113354 
0.787933 0.0239124 0.0590066 0.00501263 8.62827E-4 0.00839601 0.114877 
0.662344 0.0156643 0.0739721 0.00526877 8.9452E-4 0.00875071 0.233105 
0.754678 0.0145193 0.0620821 0.00421355 0.00121531 0.0105036 0.152788 
0.72247 0.0200675 0.0575941 0.00431421 0.00160848 0.0103439 0.183602 
0.734757 0.0274221 0.0485273 0.00410364 0.00128657 0.0133674 0.170535 
0.769156 0.0286198 0.0486621 0.00506727 0.00130618 0.0121479 0.135041 
0.698745 0.0308557 0.048271 0.00405998 0.00148516 0.016662 0.199922 
0.736021 0.023762 0.0594472 0.00669121 0.00134716 0.00756022 0.165171 
0.784874 0.0322304 0.0502765 0.00960854 0.00130382 0.00766254 0.114044 
0.805759 0.0404509 0.0429124 0.00744136 0.00189113 0.00916116 0.0923841 
0.825659 0.0348292 0.0380846 0.00683626 0.00232325 0.0101997 0.082068 
0.813664 0.0275838 0.0421528 0.00755732 0.00136182 0.0096822 0.0979978 
0.768375 0.0256974 0.0463612 0.00545557 0.00126861 0.0120731 0.140769 
0.836403 0.0334989 0.0383756 0.00716668 0.00204589 0.011352 0.0711575 
0.766257 0.0288851 0.0428793 0.00721036 0.00173431 0.0123985 0.140635 
0.828711 0.0311385 0.0417964 0.00822198 0.00224168 0.00960169 0.0782883 
0.787231 0.0168941 0.0564356 0.00726499 0.00144306 0.00828989 0.122441 
0.799745 0.0181727 0.0552788 0.00503587 0.00115574 0.0105454 0.110066 
0.840518 0.0240911 0.0403805 0.00784417 0.00254044 0.00732592 0.0772994 
0.832749 0.0252702 0.0447154 0.00748571 0.00170429 0.00908275 0.0789924 
0.763355 0.0270988 0.0506665 0.00547999 0.00149556 0.0101099 0.141794 
0.750863 0.0319533 0.0492521 0.00436558 0.00200594 0.0103071 0.151252 
0.676454 0.0276053 0.047809 0.00653239 0.00173697 0.00697167 0.23289 
0.819505 0.0202683 0.0487189 0.00669916 0.00135533 0.00544922 0.0980041 
0.842879 0.023938 0.04203 0.00769941 0.00122912 0.00915494 0.0730699 
0.792687 0.0200529 0.0504785 0.00660073 0.00103323 0.00844747 0.1207 
0.844412 0.0235334 0.0476744 0.00787395 9.52899E-4 0.0102004 0.0653534 
0.818579 0.0236076 0.0381782 0.00777341 0.00142454 0.0132208 0.0972161 
0.803363 0.0247165 0.0452839 0.0104146 0.00163542 0.0108663 0.10372 
0.707235 0.0199863 0.0649971 0.0075065 0.00104489 0.00734808 0.191882 
0.696502 0.0169269 0.0593285 0.00464164 0.00151538 0.0170727 0.204013 
0.705258 0.0150824 0.066154 0.00373592 0.00125978 0.0145408 0.193969 
0.750512 0.0180106 0.0526076 0.00353291 0.00110251 0.0213699 0.152865 
0.755975 0.0200877 0.0502131 0.00487804 0.00132093 0.0176216 0.149903 
0.846463 0.0407467 0.0301809 0.0117545 0.00656952 0.014096 0.0501896 
0.856432 0.0385742 0.0308373 0.0162186 0.00501364 0.00925644 0.0436674 
0.855471 0.0259582 0.0373834 0.0115946 0.00331679 0.00619638 0.0600799 
0.847676 0.0217391 0.0367392 0.00783408 0.00415918 0.00817327 0.0736789 
0.863065 0.0280084 0.0390594 0.00700968 0.00317568 0.00651171 0.0531701 
0.875185 0.0230337 0.040737 0.00694789 0.00283449 0.00583449 0.0454277 
0.875543 0.0209608 0.0423055 0.0109297 0.00410527 0.00471781 0.0414377 
0.869382 0.0265078 0.041374 0.00943706 0.00248672 0.00505609 0.0457561 
0.87437 0.0229584 0.0386531 0.00895089 0.00231876 0.00808582 0.0446626 
0.863145 0.024671 0.0353922 0.00893701 0.00359009 0.00977515 0.0544898 
0.84926 0.0278729 0.0402018 0.00688279 0.00238396 0.00696913 0.066429 
0.842359 0.0313217 0.0391091 0.00836059 0.00239043 0.00682817 0.069631 
0.842392 0.0238731 0.0428266 0.00829069 0.00217662 0.00709537 0.0733455 
0.810651 0.0272607 0.0441979 0.00567883 0.00186953 0.0132385 0.097103 
0.832471 0.0285456 0.0420592 0.0095383 0.00280881 0.0096426 0.0749346 
0.822676 0.0199784 0.0468062 0.00677039 0.00190554 0.0114653 0.0903983 
0.841977 0.0217512 0.0426383 0.00782877 0.00233476 0.0103315 0.0731387 
0.746117 0.0231402 0.0488672 0.00478468 0.00275458 0.0124288 0.161908 
0.854205 0.0271595 0.0428275 0.00814439 0.00282323 0.00669452 0.0581463 
0.781465 0.0238705 0.0537688 0.0053085 0.00269215 0.00811004 0.124785 
0.852083 0.0229926 0.0496231 0.00423199 0.00157964 0.00836994 0.0611198 
0.883271 0.0275152 0.0339087 0.00504856 0.00308867 0.0079764 0.0391913 
0.861768 0.0228858 0.0387499 0.00462869 0.00229806 0.00792743 0.0617417 
0.864471 0.0507471 0.0289315 0.00721171 0.00442976 0.00959317 0.0346154 
0.855533 0.0600646 0.0209605 0.00755784 0.0075039 0.0170845 0.0312958 
0.872553 0.0507581 0.026183 0.0158685 0.00402269 0.00521707 0.0253974 
0.877004 0.0397616 0.0292652 0.00849319 0.00309979 0.00798641 0.0343897 
0.869 0.0359537 0.0338419 0.00608974 0.00296941 0.0137895 0.0383562 
0.846463 0.0407467 0.0301809 0.0117545 0.00656952 0.014096 0.0501896 
0.856432 0.0385742 0.0308373 0.0162186 0.00501364 0.00925644 0.0436674 
0.855471 0.0259582 0.0373834 0.0115946 0.00331679 0.00619638 0.0600799 
0.847676 0.0217391 0.0367392 0.00783408 0.00415918 0.00817327 0.0736789 
0.863065 0.0280084 0.0390594 0.00700968 0.00317568 0.00651171 0.0531701 
0.875185 0.0230337 0.040737 0.00694789 0.00283449 0.00583449 0.0454277 
0.875543 0.0209608 0.0423055 0.0109297 0.00410527 0.00471781 0.0414377 
0.869382 0.0265078 0.041374 0.00943706 0.00248672 0.00505609 0.0457561 
0.87437 0.0229584 0.0386531 0.00895089 0.00231876 0.00808582 0.0446626 
0.863145 0.024671 0.0353922 0.00893701 0.00359009 0.00977515 0.0544898 
0.84926 0.0278729 0.0402018 0.00688279 0.00238396 0.00696913 0.066429 
0.842359 0.0313217 0.0391091 0.00836059 0.00239043 0.00682817 0.069631 
0.842392 0.0238731 0.0428266 0.00829069 0.00217662 0.00709537 0.0733455 
0.810651 0.0272607 0.0441979 0.00567883 0.00186953 0.0132385 0.097103 
0.832471 0.0285456 0.0420592 0.0095383 0.00280881 0.0096426 0.0749346 
0.822676 0.0199784 0.0468062 0.00677039 0.00190554 0.0114653 0.0903983 
0.841977 0.0217512 0.0426383 0.00782877 0.00233476 0.0103315 0.0731387 
0.746117 0.0231402 0.0488672 0.00478468 0.00275458 0.0124288 0.161908 
0.854205 0.0271595 0.0428275 0.00814439 0.00282323 0.00669452 0.0581463 
0.781465 0.0238705 0.0537688 0.0053085 0.00269215 0.00811004 0.124785 
0.852083 0.0229926 0.0496231 0.00423199 0.00157964 0.00836994 0.0611198 
0.883271 0.0275152 0.0339087 0.00504856 0.00308867 0.0079764 0.0391913 
0.861768 0.0228858 0.0387499 0.00462869 0.00229806 0.00792743 0.0617417 
0.864471 0.0507471 0.0289315 0.00721171 0.00442976 0.00959317 0.0346154 
0.855533 0.0600646 0.0209605 0.00755784 0.0075039 0.0170845 0.0312958 
0.872553 0.0507581 0.026183 0.0158685 0.00402269 0.00521707 0.0253974 
0.877004 0.0397616 0.0292652 0.00849319 0.00309979 0.00798641 0.0343897 
0.869 0.0359537 0.0338419 0.00608974 0.00296941 0.0137895 0.0383562 
0.794865 0.025262 0.0404819 0.00516964 0.00162444 0.0114031 0.121194 
0.779539 0.0238774 0.0456344 0.00463286 0.0021074 0.0135279 0.130682 
0.769728 0.0343422 0.0380835 0.00321703 0.00234617 0.0239488 0.128334 
0.795797 0.0293914 0.0374518 0.0038419 0.00175898 0.0176798 0.114079 
0.832732 0.0343616 0.0369188 0.00818552 0.00187068 0.0114307 0.0745002 
0.803406 0.0249338 0.0440117 0.00281852 0.00136328 0.0152859 0.108181 
0.844125 0.0228856 0.0376058 0.00506357 0.00213726 0.0115158 0.0766667 
0.81275 0.0227863 0.0439237 0.00360721 0.00167105 0.0140691 0.101193 
0.847004 0.0223205 0.0340097 0.00536145 0.00338632 0.0116866 0.0762315 
0.837764 0.0236595 0.0359897 0.00643313 0.00403409 0.0104779 0.0816416 
0.820771 0.0278061 0.0359018 0.00638403 0.00259673 0.0112306 0.0953096 
0.82346 0.0213889 0.0429034 0.00569725 0.00181264 0.0148065 0.0899309 
0.81723 0.0282602 0.0368362 0.00500864 0.00232122 0.0143802 0.0959631 
0.813589 0.0267726 0.0449159 0.00427839 0.00194799 0.0162064 0.0922899 
0.846463 0.0407467 0.0301809 0.0117545 0.00656952 0.014096 0.0501896 
0.856432 0.0385742 0.0308373 0.0162186 0.00501364 0.00925644 0.0436674 
0.855471 0.0259582 0.0373834 0.0115946 0.00331679 0.00619638 0.0600799 
0.847676 0.0217391 0.0367392 0.00783408 0.00415918 0.00817327 0.0736789 
0.863065 0.0280084 0.0390594 0.00700968 0.00317568 0.00651171 0.0531701 
0.875185 0.0230337 0.040737 0.00694789 0.00283449 0.00583449 0.0454277 
0.875543 0.0209608 0.0423055 0.0109297 0.00410527 0.00471781 0.0414377 
0.869382 0.0265078 0.041374 0.00943706 0.00248672 0.00505609 0.0457561 
0.87437 0.0229584 0.0386531 0.00895089 0.00231876 0.00808582 0.0446626 
0.863145 0.024671 0.0353922 0.00893701 0.00359009 0.00977515 0.0544898 
0.84926 0.0278729 0.0402018 0.00688279 0.00238396 0.00696913 0.066429 
0.842359 0.0313217 0.0391091 0.00836059 0.00239043 0.00682817 0.069631 
0.842392 0.0238731 0.0428266 0.00829069 0.00217662 0.00709537 0.0733455 
0.810651 0.0272607 0.0441979 0.00567883 0.00186953 0.0132385 0.097103 
0.832471 0.0285456 0.0420592 0.0095383 0.00280881 0.0096426 0.0749346 
0.822676 0.0199784 0.0468062 0.00677039 0.00190554 0.0114653 0.0903983 
0.841977 0.0217512 0.0426383 0.00782877 0.00233476 0.0103315 0.0731387 
0.746117 0.0231402 0.0488672 0.00478468 0.00275458 0.0124288 0.161908 
0.854205 0.0271595 0.0428275 0.00814439 0.00282323 0.00669452 0.0581463 
0.781465 0.0238705 0.0537688 0.0053085 0.00269215 0.00811004 0.124785 
0.852083 0.0229926 0.0496231 0.00423199 0.00157964 0.00836994 0.0611198 
0.883271 0.0275152 0.0339087 0.00504856 0.00308867 0.0079764 0.0391913 
0.861768 0.0228858 0.0387499 0.00462869 0.00229806 0.00792743 0.0617417 
0.864471 0.0507471 0.0289315 0.00721171 0.00442976 0.00959317 0.0346154 
0.855533 0.0600646 0.0209605 0.00755784 0.0075039 0.0170845 0.0312958 
0.872553 0.0507581 0.026183 0.0158685 0.00402269 0.00521707 0.0253974 
0.877004 0.0397616 0.0292652 0.00849319 0.00309979 0.00798641 0.0343897 
0.869 0.0359537 0.0338419 0.00608974 0.00296941 0.0137895 0.0383562 
0.792161 0.0232233 0.0524109 0.00524859 0.00139254 0.00795589 0.117608 
0.799283 0.0346083 0.0441171 0.00457155 0.00153386 0.00916921 0.106717 
0.798612 0.0247724 0.0437506 0.00457662 0.00163622 0.00863625 0.118016 
0.642807 0.0270799 0.0592189 0.00363232 0.00110445 0.00690349 0.259254 
0.69011 0.0219856 0.0581905 0.00428951 0.00145263 0.00750294 0.216469 
0.810686 0.0282473 0.0526338 0.00768231 0.00174067 0.00513094 0.0938791 
0.759765 0.0236597 0.0603905 0.00423015 0.00118732 0.00685992 0.143907 
0.748086 0.0248971 0.0642266 0.00475919 0.00176838 0.0051557 0.151107 
0.656337 0.0273916 0.0514852 0.00396816 0.00197922 0.0107889 0.24805 
0.705077 0.0226217 0.0613044 0.00409181 0.00123161 0.00769273 0.197981 
0.756447 0.0244701 0.0515234 0.00624802 0.00123035 0.00818549 0.151896 
0.725541 0.0185614 0.0641917 0.00409225 7.92373E-4 0.0104468 0.176374 
0.752255 0.0189812 0.0542693 0.00350277 9.98081E-4 0.0152339 0.15476 
0.715204 0.0170729 0.0517508 0.00442708 0.00150884 0.0118205 0.198216 
0.773058 0.0294012 0.0488154 0.00316935 0.00140413 0.0139439 0.130208 
0.771607 0.0246271 0.0509794 0.00419362 0.0014691 0.0100253 0.137099 
0.58438 0.0202032 0.0755781 0.00359832 8.32576E-4 0.00653826 0.30887 
0.749215 0.02168 0.0642852 0.00336829 0.00110789 0.00781421 0.152529 
0.768451 0.0251224 0.0439253 0.00621632 0.00234488 0.0103376 0.143603 
0.734583 0.0244325 0.0515107 0.00509401 0.00181152 0.0104146 0.172154 
0.800562 0.0309034 0.0531728 0.00838328 0.00133296 0.00646931 0.0991764 
0.807014 0.023387 0.0493188 0.00519078 0.00123967 0.00793906 0.105911 
0.789696 0.0247305 0.0485149 0.00570212 0.00143676 0.00902668 0.120893 
0.846417 0.0173752 0.0457543 0.00706427 0.00161824 0.00551642 0.0762548 
0.824064 0.0228854 0.0604519 0.00632847 0.00127771 0.00410628 0.0808861 
0.855692 0.0278777 0.0533561 0.00776774 0.00139973 0.00575209 0.0481545 
0.844195 0.0367648 0.0467131 0.0117721 0.00162928 0.00624922 0.0526765 
0.762419 0.0218119 0.0775804 0.00538842 8.07098E-4 0.00474205 0.127251 
0.79843 0.0204439 0.0668436 0.00515033 0.001085 0.00536527 0.102681 
0.846463 0.0407467 0.0301809 0.0117545 0.00656952 0.014096 0.0501896 
0.856432 0.0385742 0.0308373 0.0162186 0.00501364 0.00925644 0.0436674 
0.855471 0.0259582 0.0373834 0.0115946 0.00331679 0.00619638 0.0600799 
0.847676 0.0217391 0.0367392 0.00783408 0.00415918 0.00817327 0.0736789 
0.863065 0.0280084 0.0390594 0.00700968 0.00317568 0.00651171 0.0531701 
0.875185 0.0230337 0.040737 0.00694789 0.00283449 0.00583449 0.0454277 
0.875543 0.0209608 0.0423055 0.0109297 0.00410527 0.00471781 0.0414377 
0.869382 0.0265078 0.041374 0.00943706 0.00248672 0.00505609 0.0457561 
0.87437 0.0229584 0.0386531 0.00895089 0.00231876 0.00808582 0.0446626 
0.863145 0.024671 0.0353922 0.00893701 0.00359009 0.00977515 0.0544898 
0.84926 0.0278729 0.0402018 0.00688279 0.00238396 0.00696913 0.066429 
0.842359 0.0313217 0.0391091 0.00836059 0.00239043 0.00682817 0.069631 
0.842392 0.0238731 0.0428266 0.00829069 0.00217662 0.00709537 0.0733455 
0.810651 0.0272607 0.0441979 0.00567883 0.00186953 0.0132385 0.097103 
0.832471 0.0285456 0.0420592 0.0095383 0.00280881 0.0096426 0.0749346 
0.822676 0.0199784 0.0468062 0.00677039 0.00190554 0.0114653 0.0903983 
0.841977 0.0217512 0.0426383 0.00782877 0.00233476 0.0103315 0.0731387 
0.746117 0.0231402 0.0488672 0.00478468 0.00275458 0.0124288 0.161908 
0.854205 0.0271595 0.0428275 0.00814439 0.00282323 0.00669452 0.0581463 
0.781465 0.0238705 0.0537688 0.0053085 0.00269215 0.00811004 0.124785 
0.852083 0.0229926 0.0496231 0.00423199 0.00157964 0.00836994 0.0611198 
0.883271 0.0275152 0.0339087 0.00504856 0.00308867 0.0079764 0.0391913 
0.861768 0.0228858 0.0387499 0.00462869 0.00229806 0.00792743 0.0617417 
0.864471 0.0507471 0.0289315 0.00721171 0.00442976 0.00959317 0.0346154 
0.855533 0.0600646 0.0209605 0.00755784 0.0075039 0.0170845 0.0312958 
0.872553 0.0507581 0.026183 0.0158685 0.00402269 0.00521707 0.0253974 
0.877004 0.0397616 0.0292652 0.00849319 0.00309979 0.00798641 0.0343897 
0.869 0.0359537 0.0338419 0.00608974 0.00296941 0.0137895 0.0383562 
0.73768 0.0261422 0.0408431 0.00524919 0.00238783 0.0139842 0.173713 
0.775268 0.0253123 0.0379308 0.00720771 0.00258234 0.0121821 0.139517 
0.742778 0.0223428 0.0412609 0.00469504 0.00358614 0.0114396 0.173898 
0.723915 0.0217502 0.0435203 0.0044701 0.0031939 0.012214 0.190937 
0.810538 0.0215284 0.0379341 0.00470996 0.00317334 0.0167665 0.105349 
0.792504 0.0275028 0.0361431 0.00921082 0.00504203 0.0102577 0.119339 
0.664029 0.0241554 0.0408957 0.00475213 0.00283298 0.0185729 0.244762 
0.719181 0.0288147 0.043082 0.00410189 0.00271926 0.0121504 0.189951 
0.657737 0.020309 0.0543028 0.00428309 0.00160161 0.0117044 0.250062 
0.714387 0.028669 0.0385372 0.00693448 0.00262223 0.011478 0.197372 
0.706931 0.0209924 0.044887 0.00625143 0.00190838 0.0128789 0.206151 
0.803341 0.0253241 0.0414036 0.00649568 0.00176487 0.00825941 0.113411 
0.772079 0.0227196 0.0469545 0.00736088 0.00175409 0.00821257 0.140919 
0.710542 0.0253098 0.0420336 0.00632688 0.00253715 0.0105038 0.202747 
0.750574 0.0234383 0.0520291 0.00461399 0.00132932 0.0102581 0.157757 
0.755845 0.0277288 0.0441627 0.00460316 0.00184792 0.0109478 0.154864 
0.783761 0.0255232 0.0394279 0.00771964 0.00232559 0.00829136 0.132952 
0.834456 0.0251416 0.0326055 0.00639006 0.00464699 0.00996713 0.0867928 
0.775295 0.0231738 0.0390371 0.00437482 0.00278261 0.011415 0.143922 
0.695682 0.0199373 0.0493319 0.0072043 0.00137216 0.00781505 0.218657 
0.75618 0.0293513 0.042191 0.00528041 0.00201177 0.0100593 0.154927 
0.697274 0.0261052 0.0441636 0.00468859 0.00290299 0.0105304 0.214335 
0.806409 0.0267864 0.0374052 0.00654792 0.00272791 0.0088076 0.111316 
0.827728 0.0250212 0.0406453 0.00400665 0.00241044 0.0106901 0.0894984 
0.771441 0.0184291 0.0557908 0.00338633 0.00103953 0.00912804 0.140785 
0.777633 0.0251856 0.0531029 0.00469587 0.00140344 0.00815257 0.129827 
0.818536 0.0175459 0.0522204 0.0046109 0.00187812 0.00859538 0.0966136 
0.811382 0.0240641 0.0444631 0.0069336 0.00357275 0.00637782 0.103207 
0.846484 0.0178015 0.0488065 0.00453937 0.00118144 0.00956022 0.0716272 
0.794275 0.0256493 0.0496137 0.00516917 0.00165305 0.00855642 0.115084 
0.724035 0.0271205 0.0485342 0.00544225 0.00216555 0.00948441 0.183218 
0.686139 0.0231749 0.0599257 0.00468484 0.00114579 0.00888781 0.216042 
0.601121 0.0221094 0.0657454 0.00409512 0.00126626 0.0115799 0.294083 
0.699326 0.0202469 0.0516307 0.00386084 0.00185496 0.0133017 0.209779 
0.581891 0.0215696 0.0604426 0.00322072 0.00189754 0.0131652 0.317813 
0.708877 0.0221783 0.0494885 0.00393746 0.00327852 0.0144643 0.197776 
0.744477 0.0240769 0.0507591 0.00318122 0.00208282 0.0160218 0.159401 
0.776863 0.0266798 0.0392708 0.00469019 0.00320524 0.0151437 0.134147 
0.727264 0.0322378 0.0371463 0.0055032 0.00591166 0.0123143 0.179623 
0.785523 0.029094 0.0404572 0.00566766 0.0029595 0.00774705 0.128552 
0.771866 0.0342402 0.0415286 0.0096689 0.00367617 0.00613277 0.132888 
0.697495 0.0270135 0.0483329 0.0053353 0.00215587 0.00884045 0.210827 
0.771019 0.025355 0.044248 0.00868698 0.00306603 0.00715084 0.140474 
