0.856351 0.0158529 0.0309646 0.0618445 0.00326873 0.00175389 0.0299645 
0.846078 0.0138241 0.0400942 0.0487828 0.00192325 0.00212688 0.0471709 
0.853696 0.0131665 0.0400307 0.045794 0.0020562 0.00210352 0.0431532 
0.847314 0.0143201 0.0317715 0.0756518 0.0033607 0.00154028 0.0260419 
0.843875 0.0129733 0.0408534 0.0591754 0.00221933 0.00202628 0.0388773 
0.85828 0.0173459 0.0298581 0.0618035 0.00338003 0.00171032 0.0276218 
0.855374 0.0185237 0.0288087 0.0604766 0.00355892 0.00191939 0.0313388 
0.867039 0.0186071 0.0311311 0.0382891 0.00329489 0.00184432 0.0397949 
0.836955 0.0185745 0.0321833 0.0880899 0.00295091 0.0015371 0.0197097 
0.861983 0.0155622 0.0410287 0.0269296 0.00165631 0.00195449 0.0508852 
0.8558 0.0204482 0.029085 0.0594211 0.00287133 0.00156688 0.0308078 
0.849918 0.0172907 0.0336425 0.0638525 0.0026121 0.00181274 0.0308716 
0.854698 0.0141791 0.0400003 0.0557884 0.00219483 0.00158335 0.0315565 
0.872092 0.0181307 0.0305442 0.0522094 0.00279422 0.00154144 0.0226881 
0.869371 0.0154241 0.0334131 0.0496787 0.00245446 0.00199822 0.0276603 
0.828282 0.0175325 0.0284896 0.105298 0.00466149 0.0011023 0.0146341 
0.803406 0.0144926 0.0328142 0.125373 0.00359071 0.00114598 0.0191777 
0.864322 0.0124682 0.0472178 0.0305237 0.00137642 0.00192474 0.0421674 
0.794706 0.0139002 0.0359035 0.12738 0.00343916 0.00124655 0.0234244 
0.837613 0.0144541 0.0416182 0.0662636 0.00241095 0.00161814 0.036022 
0.841578 0.0162946 0.0322455 0.0840271 0.00381788 0.00129977 0.0207369 
0.851585 0.0166055 0.0345331 0.0639543 0.00290167 0.00150391 0.028917 
0.85125 0.0151355 0.0380135 0.0422716 0.002117 0.00166097 0.0495511 
0.812741 0.0228597 0.0241432 0.117761 0.00384651 0.0011944 0.0174548 
0.848693 0.0195186 0.0439267 0.0331737 0.00135607 0.00171419 0.0516173 
0.82049 0.0201831 0.0332504 0.105129 0.00218983 0.0011528 0.0176051 
0.820474 0.0184405 0.0314135 0.104793 0.00297053 0.00120193 0.0207072 
0.853469 0.0204866 0.0379212 0.0584502 0.00179821 0.00231127 0.0255633 
0.841268 0.0568488 0.0185244 0.0440407 0.00694993 0.00276759 0.0296006 
0.718287 0.0650929 0.011348 0.163421 0.0149228 0.00126002 0.025668 
0.619783 0.0604697 0.0148014 0.279301 0.00460401 7.35361E-4 0.0203054 
0.622613 0.0888152 0.0109928 0.219049 0.0145662 0.00123578 0.0427281 
0.508868 0.186403 0.00867605 0.180565 0.0513996 0.00265879 0.0614307 
0.445763 0.301669 0.0109801 0.145383 0.0268812 0.002278 0.0670453 
0.397236 0.269125 0.00898265 0.263915 0.0268255 0.00146251 0.032454 
0.303085 0.342699 0.0072546 0.299866 0.0194589 0.00158772 0.0260485 
0.434694 0.352359 0.00756258 0.158748 0.0142101 0.00170148 0.0307246 
0.349947 0.324819 0.00602134 0.267386 0.0278564 0.00158906 0.0223807 
0.406751 0.353749 0.00924766 0.19474 0.006968 0.00159414 0.026951 
0.301382 0.409404 0.00539933 0.235995 0.0291493 0.00175281 0.0169173 
0.332976 0.443499 0.00462191 0.170221 0.0318315 0.00169856 0.015152 
0.230036 0.494413 0.00931165 0.247974 0.00433025 0.00270385 0.0112312 
0.220982 0.67568 0.00407835 0.0836789 0.00289375 0.00234162 0.0103454 
0.388863 0.507284 0.0104168 0.0789415 0.00132262 0.00460457 0.00856768 
0.342712 0.5393 0.0071784 0.0965733 0.00248846 0.00432199 0.00742578 
0.449385 0.439821 0.00736458 0.0793626 0.00410732 0.00493559 0.0150244 
0.532898 0.287044 0.00996346 0.148558 0.00455827 0.00205588 0.0149218 
0.233255 0.372115 0.00641899 0.361443 0.0126427 0.00223561 0.0118893 
0.378304 0.432691 0.00465103 0.153768 0.0149369 0.00248617 0.0131628 
0.195467 0.676881 0.00378639 0.101315 0.0102743 0.00216059 0.0101161 
0.230514 0.678888 0.00288453 0.0564913 0.0111358 0.00324659 0.01684 
0.378187 0.527546 0.00609057 0.0640782 0.0046725 0.00380301 0.0156226 
0.285602 0.369816 0.00612905 0.293828 0.0275902 0.00232162 0.0147142 
0.337015 0.234265 0.0115919 0.382538 0.00602759 0.00253933 0.0260226 
0.359961 0.318385 0.018098 0.284101 0.00281107 0.00243953 0.0142042 
0.331453 0.107112 0.0307833 0.497082 0.00330395 0.00100693 0.029258 
0.422243 0.168635 0.0228326 0.333202 0.00517527 0.00173534 0.0461766 
0.543808 0.230271 0.0102388 0.178572 0.0183242 0.00144386 0.0173422 
0.589331 0.217005 0.00946497 0.134779 0.0259136 0.00150532 0.0220007 
0.641738 0.177442 0.0130954 0.12486 0.00922356 0.00192377 0.0317176 
0.657872 0.186311 0.0123349 0.100486 0.0102345 0.00234661 0.0304139 
0.599769 0.165116 0.0100317 0.182396 0.02442 0.00142309 0.0168433 
0.732727 0.137838 0.0149134 0.0755261 0.00684721 0.00279308 0.0293544 
0.71951 0.164548 0.0130454 0.0651749 0.00899369 0.0030278 0.0257003 
0.751255 0.113892 0.0162405 0.0846252 0.00500039 0.00360046 0.0253869 
0.778865 0.0833745 0.0221229 0.0692476 0.00309729 0.00475861 0.038534 
0.773256 0.102895 0.0185531 0.0703227 0.00449634 0.00379472 0.0266814 
0.781375 0.0962088 0.0244518 0.0392352 0.00384922 0.00473218 0.0501477 
0.795203 0.086978 0.019823 0.0609709 0.00452405 0.00345347 0.0290478 
0.791593 0.0753712 0.0190707 0.0756528 0.0046474 0.00423884 0.0294261 
0.815141 0.0666507 0.0211983 0.0437487 0.00421671 0.00601744 0.0430275 
0.815234 0.069289 0.0199787 0.0535055 0.00509803 0.00440303 0.0324918 
0.833245 0.0508944 0.0229384 0.0491767 0.00430075 0.00448823 0.0349566 
0.840428 0.0526677 0.0235153 0.0473216 0.00371219 0.00411211 0.0282429 
0.825971 0.0532251 0.0230921 0.0605374 0.004602 0.00353762 0.0290347 
0.838548 0.0514489 0.0218896 0.056281 0.00426318 0.00391816 0.023651 
0.457856 0.388434 0.00601785 0.0443151 0.0803818 0.00833206 0.0146636 
0.758635 0.113127 0.0133838 0.066433 0.020718 0.00400101 0.0237022 
0.779095 0.0958379 0.0261471 0.0226198 0.00633539 0.00558261 0.0643822 
0.732976 0.1386 0.0179486 0.0648156 0.0102553 0.00306844 0.032336 
0.671361 0.107476 0.0151979 0.183532 0.00769802 0.00153128 0.0132039 
0.607772 0.115642 0.010903 0.233503 0.0161109 0.00192893 0.0141403 
0.696938 0.100788 0.0167796 0.154161 0.00904956 0.00260571 0.0196771 
0.745012 0.111923 0.0187976 0.080942 0.00995831 0.00288787 0.0304784 
0.724022 0.128335 0.0137875 0.0874212 0.0164276 0.00282465 0.0271821 
0.633247 0.148639 0.0109059 0.165703 0.0214122 0.00217065 0.0179217 
0.658604 0.163664 0.0107446 0.115586 0.0263443 0.00247058 0.0225869 
0.612737 0.213233 0.00984658 0.103654 0.0320271 0.00268861 0.0258132 
0.59984 0.243498 0.0101364 0.0786946 0.0317558 0.00314752 0.0329275 
0.59541 0.238321 0.0113556 0.0770487 0.0243908 0.00381574 0.0496576 
0.602028 0.240858 0.00885925 0.111798 0.019324 0.00235146 0.0147806 
0.618351 0.199148 0.0117049 0.141558 0.00977865 0.00257695 0.0168828 
0.629864 0.19287 0.0109933 0.13429 0.0107797 0.00310647 0.0180969 
0.689206 0.159665 0.014231 0.104795 0.00748589 0.002638 0.0219787 
0.702132 0.137114 0.0198081 0.115453 0.00403044 0.00352887 0.0179335 
0.656312 0.16538 0.013391 0.144805 0.00929348 0.00191772 0.00890038 
0.548376 0.287268 0.00897494 0.0782566 0.0515378 0.0030982 0.0224886 
0.5464 0.273236 0.0089056 0.0999162 0.0487228 0.00285349 0.0199656 
0.594332 0.209793 0.0114648 0.13798 0.0228159 0.00294859 0.0206661 
0.626957 0.223724 0.0139729 0.0900944 0.0137079 0.00338995 0.0281535 
0.59226 0.26283 0.00890406 0.0951715 0.024014 0.00238719 0.0144327 
0.584148 0.261307 0.00973148 0.10715 0.020896 0.0022386 0.0145278 
0.546586 0.265372 0.0093871 0.147179 0.0181129 0.00185621 0.0115065 
0.779903 0.0121318 0.0595413 0.00820478 0.00156567 0.00431785 0.134335 
0.815953 0.0123196 0.0602678 0.015428 0.00156885 0.00236973 0.0920935 
0.818669 0.0115575 0.0557635 0.0257129 0.00195604 0.002723 0.0836184 
0.70307 0.00842912 0.0845982 0.00567008 0.00126846 0.0055096 0.191454 
0.789517 0.00887265 0.0660249 0.0308625 0.0018467 0.00342754 0.099449 
0.744988 0.0109996 0.0758923 0.00330283 0.00128263 0.00521742 0.158317 
0.799204 0.0105994 0.0636541 0.0159608 0.00236423 0.00210913 0.106108 
0.806786 0.0093274 0.0603197 0.0214512 0.00248345 0.00253593 0.0970961 
0.788101 0.00922492 0.0680793 0.0162969 0.0017043 0.00321025 0.113384 
0.818662 0.0105445 0.0621965 0.0124656 0.00251955 0.0028832 0.0907291 
0.802055 0.00969111 0.0705403 0.0105468 0.00175957 0.00335963 0.102048 
0.840776 0.0106046 0.0645379 0.0162398 0.00188738 0.00236543 0.0635889 
0.842199 0.0094189 0.0589465 0.0110145 0.00199781 0.00310307 0.0733205 
0.823879 0.00977544 0.0656245 0.01243 0.00206393 0.00376908 0.082458 
0.848009 0.0114559 0.0521859 0.0159718 0.00213455 0.00361371 0.066629 
0.844664 0.0102465 0.0570005 0.0127414 0.00196802 0.00395298 0.069427 
0.821047 0.0101339 0.0604349 0.00900968 0.00167351 0.00401596 0.0936855 
0.835277 0.0120092 0.0542693 0.0127914 0.00212249 0.00314478 0.0803858 
0.804434 0.0107383 0.0614596 0.00925672 0.00163002 0.0036562 0.108825 
0.846946 0.0112662 0.0564357 0.0125302 0.00202308 0.00293817 0.0678606 
0.601688 0.0116211 0.092017 0.00191408 0.00137924 0.0171156 0.274265 
0.586968 0.011302 0.108018 0.00118788 0.00177648 0.0412646 0.249484 
0.711462 0.00870544 0.122126 0.00180794 0.00128894 0.0341445 0.120466 
0.601953 0.00430265 0.163422 0.00221191 7.4391E-4 0.013656 0.21371 
0.642761 0.0046035 0.162823 0.0035536 8.57866E-4 0.019538 0.165863 
0.52537 0.0057704 0.171648 0.00215483 6.8465E-4 0.0462693 0.248103 
0.243496 0.00700047 0.193657 0.00282186 0.00201874 0.265222 0.285783 
0.147268 0.00762376 0.20505 0.0042032 0.00312533 0.39462 0.238109 
0.137911 0.00629935 0.138175 0.00172937 0.00136165 0.571398 0.143126 
0.33128 0.00848998 0.126967 0.00224241 0.00125367 0.311393 0.218375 
0.427344 0.00854161 0.0991677 0.00276917 0.00157677 0.0345006 0.4261 
0.696388 0.00790602 0.0869894 0.00335598 8.26417E-4 0.0202087 0.184326 
0.795984 0.0142695 0.0493424 0.00518886 0.00215998 0.0119591 0.121097 
0.772961 0.0132724 0.0508452 0.00494429 0.00133358 0.0101178 0.146525 
0.842294 0.0168868 0.0408127 0.01388 0.00219388 0.00618984 0.0777428 
0.806761 0.0271832 0.044065 0.0121504 0.00356174 0.0642866 0.0419924 
0.0351803 0.0222674 0.0078122 7.93943E-5 6.17015E-4 0.930927 0.00311621 
0.049938 0.00520134 0.0210188 1.87302E-4 4.66465E-4 0.915761 0.00742724 
0.00692231 0.00542926 0.047766 0.00536711 4.71961E-4 0.927742 0.00630105 
0.00868326 0.00774725 0.0380699 0.00732599 2.64103E-4 0.927817 0.0100927 
0.0665971 0.0171298 0.0556124 0.0427625 0.0016702 0.701236 0.114992 
0.338141 0.0222501 0.0560499 0.0304065 0.00348873 0.457562 0.0921016 
0.484594 0.0222522 0.0666988 0.0365547 0.0036179 0.315849 0.0704337 
0.481196 0.0207262 0.0516746 0.0223576 0.00420871 0.371772 0.0480651 
0.363964 0.0202723 0.0505627 0.0298826 0.00272174 0.47533 0.0572663 
0.353065 0.0249253 0.0505824 0.0508751 0.00283041 0.469973 0.0477494 
0.355945 0.0242218 0.0396131 0.0311345 0.00380503 0.485698 0.0595826 
0.303891 0.024527 0.0407985 0.0156974 0.00309295 0.544171 0.0678218 
0.407833 0.0420895 0.0323298 0.0388514 0.00751239 0.413736 0.0576474 
0.499276 0.0520546 0.029148 0.0404 0.00947424 0.310501 0.0591464 
0.457903 0.0658075 0.0243542 0.0214934 0.012023 0.368811 0.049608 
0.488378 0.253052 0.01375 0.0168174 0.015385 0.174272 0.038346 
0.583361 0.168903 0.0194348 0.012661 0.0159571 0.153574 0.0461096 
0.828243 0.0462706 0.0208487 0.0128432 0.0029038 0.0198739 0.069017 
0.670984 0.0498489 0.0352306 0.0149362 0.00195891 0.00467717 0.222365 
0.631459 0.085068 0.0299127 0.016103 0.00371715 0.00511797 0.228622 
0.510049 0.107727 0.0337985 0.015477 0.00614052 0.00658232 0.320226 
0.668337 0.126477 0.028235 0.00916096 0.00432724 0.0156227 0.147841 
0.445441 0.269968 0.0271312 0.00452143 0.0114012 0.193284 0.0482538 
0.231787 0.489104 0.0262324 0.00418399 0.0130299 0.210391 0.0252709 
0.17645 0.674313 0.0104557 0.00227389 0.0148813 0.106424 0.0152021 
0.198516 0.615044 0.0145233 0.00260406 0.0123308 0.131676 0.0253067 
0.162655 0.702293 0.00862465 0.00217839 0.0119737 0.0973569 0.0149192 
0.246932 0.614626 0.00980222 0.00329055 0.01803 0.0852475 0.0220717 
0.375757 0.479956 0.0154456 0.00397996 0.0119442 0.0816571 0.0312598 
0.369917 0.49956 0.0140248 0.00480845 0.0155328 0.0706351 0.0255213 
0.825247 0.0330261 0.0393408 0.0116937 0.00258956 0.053317 0.0347861 
0.605283 0.00750584 0.0844397 0.0263122 0.00228724 0.0106593 0.263512 
0.827917 0.0106273 0.0581108 0.0186972 0.00213863 0.0226568 0.0598528 
0.82456 0.0262973 0.0431949 0.0232531 0.00208733 0.0484734 0.0321336 
0.75793 0.0789229 0.0273462 0.0299851 0.00701419 0.0704455 0.0283563 
0.469939 0.130437 0.0185243 0.018527 0.0126424 0.318319 0.0316123 
0.60916 0.191367 0.017206 0.0425583 0.0105509 0.106361 0.0227964 
0.708044 0.164459 0.0205479 0.0152358 0.0130558 0.0460657 0.0325924 
0.754086 0.0380048 0.0361286 0.00955166 9.76865E-4 0.00776056 0.153492 
0.790708 0.046378 0.0393103 0.0185819 0.00110844 0.00505166 0.098862 
0.819025 0.0556861 0.0263882 0.0196198 0.00210565 0.00903021 0.0681446 
0.807077 0.105564 0.0215491 0.0323653 0.00324002 0.00545307 0.0247524 
0.672193 0.180559 0.0103461 0.0967873 0.0201606 0.00367506 0.0162786 
0.608751 0.288989 0.0122769 0.0552808 0.00893496 0.00400213 0.0217651 
0.47124 0.416336 0.00784663 0.0603081 0.0129068 0.0050401 0.0263223 
0.452054 0.416499 0.0107695 0.047768 0.00766216 0.0096249 0.0556229 
0.431327 0.394838 0.012071 0.0877247 0.00662237 0.00462293 0.062794 
0.394656 0.401087 0.0153138 0.148878 0.0026027 0.00506881 0.0323944 
0.445301 0.315166 0.0160527 0.20106 0.00255022 0.00275039 0.01712 
0.525872 0.31849 0.0170245 0.0950295 0.00309067 0.00532606 0.0351679 
0.544377 0.308591 0.0187706 0.0705112 0.00309583 0.00585214 0.048802 
0.547206 0.292685 0.0185775 0.097838 0.00270339 0.00510992 0.03588 
0.489856 0.356309 0.0122635 0.111142 0.0037765 0.00314573 0.0235073 
0.408973 0.484408 0.00844503 0.0645179 0.0047638 0.00262774 0.0262645 
0.475625 0.405364 0.0122309 0.0567448 0.00383652 0.00317113 0.0430274 
0.487482 0.359967 0.017284 0.0836635 0.00291633 0.00349561 0.0451911 
0.463652 0.391792 0.0130345 0.0883676 0.00373209 0.0029726 0.0364497 
0.495397 0.328386 0.0162483 0.115364 0.00327092 0.00325367 0.0380797 
0.43538 0.402432 0.011873 0.113487 0.0037844 0.00279829 0.0302457 
0.396639 0.417638 0.011739 0.132663 0.00393528 0.00298524 0.034401 
0.464027 0.330764 0.0159538 0.150794 0.00335985 0.00363143 0.0314698 
0.481031 0.379704 0.0137087 0.0917947 0.00418325 0.00438889 0.0251897 
0.538603 0.306814 0.0142097 0.0948568 0.00607134 0.00435631 0.0350897 
0.522772 0.337306 0.0132086 0.092538 0.00511067 0.00362136 0.0254433 
0.561416 0.28628 0.0151712 0.0985812 0.00520879 0.00356743 0.0297759 
0.653361 0.187645 0.0240735 0.100827 0.00363021 0.00447183 0.0259907 
0.597112 0.255766 0.0181157 0.0962562 0.00427159 0.00402271 0.0244553 
0.558021 0.271588 0.0173617 0.121618 0.00428605 0.00357886 0.0235461 
0.501715 0.215412 0.0227422 0.236876 0.00249149 0.00274655 0.0180169 
0.575315 0.187584 0.0227264 0.192111 0.00303272 0.00318559 0.0160444 
0.581354 0.191611 0.0254177 0.178092 0.00251462 0.00353854 0.0174727 
0.57172 0.223295 0.0218872 0.157514 0.00297611 0.00408255 0.0185255 
0.620026 0.250161 0.0213158 0.0690437 0.00413059 0.00609603 0.0292265 
0.630024 0.205529 0.0224118 0.106082 0.00431055 0.00404171 0.0276008 
0.619855 0.194355 0.0206496 0.135024 0.00465234 0.00364192 0.0218219 
0.6857 0.182003 0.0216455 0.0769562 0.00496189 0.00345643 0.0252768 
0.650034 0.222331 0.0175349 0.0826155 0.00620474 0.00354477 0.0177356 
0.602979 0.285418 0.0136213 0.0655213 0.00867313 0.00403181 0.0197554 
0.613803 0.259865 0.013065 0.0739833 0.0117927 0.00404216 0.0234491 
0.649384 0.252519 0.0124334 0.0455822 0.0116746 0.00438178 0.0240243 
0.659249 0.202851 0.0178447 0.0698689 0.00703147 0.00519403 0.0379618 
0.876183 0.0269184 0.0332142 0.0324343 0.00356883 0.00222051 0.0254611 
0.864245 0.0217305 0.0377703 0.0350181 0.0033457 0.00243492 0.0354556 
0.865659 0.0268893 0.0317819 0.0361315 0.00416036 0.00251868 0.0328594 
0.865066 0.0379459 0.0282026 0.0376057 0.0045327 0.00255684 0.0240899 
0.848143 0.0383292 0.0272681 0.0523194 0.00309251 0.00400548 0.0268425 
0.847466 0.0254591 0.0342392 0.0497011 0.00352062 0.00256944 0.0370441 
0.869238 0.0256154 0.0322478 0.0253883 0.00290804 0.00296656 0.0416364 
0.874216 0.0282385 0.0281306 0.0341781 0.00427479 0.00211836 0.0288439 
0.887558 0.0268489 0.0350937 0.0147072 0.0036716 0.00320463 0.0289161 
0.834314 0.0110859 0.0854056 0.00704711 9.82595E-4 0.0317434 0.0294215 
0.355767 0.00637602 0.133892 6.25921E-4 5.2916E-4 0.46488 0.0379303 
0.149463 0.0066601 0.303433 0.00290329 7.64714E-4 0.52495 0.0118253 
0.0707054 0.00468467 0.0798358 4.22962E-4 2.37951E-4 0.824398 0.0197149 
0.00112866 6.23914E-4 0.00937382 8.54541E-6 4.57094E-6 0.987329 0.00153188 
0.00664662 0.0031117 0.0013133 8.03352E-5 1.97343E-4 0.984653 0.00399779 
0.0107291 0.00664661 0.00223223 1.27799E-4 8.84666E-4 0.969876 0.00950351 
0.0148617 0.00553577 0.00380421 2.88186E-5 1.54222E-4 0.936359 0.0392562 
0.149146 0.0618229 0.0145268 0.00131587 0.00431389 0.456268 0.312607 
0.154652 0.1883 0.0104164 0.00271237 0.0112437 0.0804681 0.552208 
0.0417643 0.25264 0.00784883 0.00182592 0.00676984 0.029406 0.659745 
0.0412038 0.171634 0.00570545 0.00195155 0.00673115 0.0396856 0.733088 
0.0817535 0.158037 0.00952698 0.00302461 0.00588221 0.0611238 0.680652 
0.100083 0.345483 0.00927236 0.00604738 0.0359012 0.0359646 0.467249 
0.12111 0.454488 0.00850008 0.00747139 0.0228304 0.023271 0.362329 
0.196549 0.56093 0.00456776 0.0122273 0.0286654 0.0121764 0.184884 
0.142211 0.585681 0.00565746 0.0186434 0.064732 0.00932646 0.173749 
0.194171 0.542645 0.0077256 0.00797144 0.0180578 0.0146382 0.21479 
0.238898 0.483134 0.00888092 0.0166139 0.0311887 0.00976809 0.211516 
0.209839 0.330723 0.0212926 0.0422351 0.0292376 0.0119574 0.354715 
0.166719 0.378796 0.0150655 0.0385758 0.0467605 0.0115719 0.342511 
0.14085 0.450127 0.0106574 0.017611 0.0251467 0.0108013 0.344807 
0.13518 0.391237 0.0159362 0.0191085 0.0199786 0.0128693 0.405691 
0.169432 0.437683 0.0183952 0.0307558 0.022045 0.0125941 0.309095 
0.158071 0.412026 0.0150829 0.0358047 0.0733012 0.0110605 0.294654 
0.139058 0.53796 0.0086441 0.0272238 0.0300561 0.0078667 0.249192 
0.120716 0.631335 0.00601898 0.0422454 0.039578 0.00546133 0.154645 
0.0989687 0.570508 0.00868149 0.0524325 0.0475193 0.00616763 0.215722 
0.074416 0.605488 0.00674663 0.0100899 0.0276372 0.0117321 0.26389 
0.114881 0.573765 0.00733972 0.024077 0.0524619 0.008074 0.219401 
0.102056 0.640249 0.0061231 0.019267 0.0217626 0.00867412 0.201868 
0.0962675 0.737503 0.00283177 0.0140467 0.0192501 0.00731389 0.122787 
0.123541 0.739887 0.00279614 0.0103354 0.00932414 0.0133758 0.10074 
0.228459 0.657345 0.00396368 0.0167536 0.0093521 0.0141571 0.0699697 
0.314722 0.578349 0.00499547 0.0136473 0.0173483 0.0155328 0.0554059 
0.442872 0.429604 0.00657038 0.0152474 0.0335287 0.0209211 0.0512567 
0.473678 0.404464 0.00667586 0.020861 0.0310374 0.0169626 0.0463217 
0.5287 0.363115 0.00622404 0.0320077 0.0287205 0.0127781 0.0284544 
0.449081 0.406769 0.0047636 0.0518247 0.0555083 0.0122025 0.0198506 
0.559763 0.0407408 0.0406602 0.0617326 0.00893322 0.001924 0.286247 
0.508931 0.0364166 0.0447319 0.0645647 0.0102896 0.00211114 0.332955 
0.534751 0.0341577 0.0493517 0.0679793 0.0099916 0.00205458 0.301714 
0.404193 0.0403535 0.0466153 0.0556757 0.0101803 0.00231723 0.440665 
0.409364 0.0390815 0.0506449 0.0285926 0.0079457 0.00204201 0.462329 
0.501106 0.0436643 0.035329 0.0675889 0.0180495 0.00235776 0.331904 
0.507603 0.0367075 0.0410265 0.0489932 0.00985468 0.00202494 0.35379 
0.550575 0.040268 0.0360937 0.0683258 0.0150471 0.00210169 0.287588 
0.489152 0.0323448 0.041941 0.0332702 0.00768781 0.00189588 0.393709 
0.424236 0.0494343 0.0379046 0.0582843 0.0165514 0.00238515 0.411204 
0.426528 0.0419291 0.0437081 0.0576428 0.0122131 0.00234254 0.415636 
0.432104 0.0369683 0.0443033 0.054312 0.00956655 0.00216444 0.420582 
0.442959 0.040497 0.0444405 0.0484294 0.00887946 0.00210561 0.412689 
0.409074 0.0449267 0.0477809 0.0494874 0.012076 0.00229286 0.434362 
0.373714 0.0435007 0.0457492 0.0480007 0.0110206 0.00241794 0.475597 
0.460139 0.0379881 0.0426357 0.0413856 0.00991279 0.00202745 0.405911 
0.541554 0.0387764 0.037793 0.0884101 0.0154982 0.0024049 0.275563 
0.45083 0.0369987 0.0457816 0.0405605 0.0092325 0.00194288 0.414654 
0.487197 0.0367443 0.0400731 0.0795467 0.0142734 0.00230753 0.339858 
0.423835 0.0379109 0.0463442 0.0259619 0.00847283 0.00203242 0.455443 
0.505868 0.0428632 0.0349085 0.0830103 0.0178205 0.00239163 0.313138 
0.430904 0.0337811 0.0480657 0.0328747 0.00767113 0.00190804 0.444796 
0.589594 0.0379344 0.034133 0.075783 0.0162873 0.00197535 0.244293 
0.428606 0.0372004 0.0465288 0.0249186 0.00943581 0.00205181 0.451259 
0.460247 0.0377857 0.0425361 0.0488298 0.0133423 0.00212247 0.395137 
0.423645 0.0360942 0.0464946 0.0407723 0.00975826 0.00214168 0.441094 
0.416281 0.0400072 0.0440881 0.0320677 0.0099229 0.00205483 0.455578 
0.440659 0.040621 0.0400793 0.0434609 0.0140598 0.00207582 0.419045 
0.447927 0.0400633 0.0449728 0.0286352 0.00775499 0.00203422 0.428612 
0.556368 0.0365335 0.0352919 0.0888945 0.0142259 0.0021502 0.266537 
0.893479 0.0205291 0.0285555 0.0343949 0.00395534 0.00274104 0.0163455 
0.883241 0.0190728 0.0296469 0.0439621 0.00400391 0.00266258 0.0174102 
0.877326 0.0196191 0.0307736 0.0487893 0.0031214 0.00340965 0.0169606 
0.87416 0.0160354 0.0350141 0.0498766 0.00266076 0.0033475 0.0189054 
0.874089 0.0127322 0.0425679 0.0435775 0.00205978 0.00275212 0.0222219 
0.884221 0.0160829 0.0389788 0.0300795 0.00261306 0.00364184 0.0243832 
0.890365 0.0129277 0.0441628 0.0113936 0.00155057 0.00548966 0.0341105 
0.886951 0.0143876 0.0416082 0.0312872 0.00194199 0.00293138 0.0208926 
0.89151 0.0187215 0.0321059 0.0294492 0.00192453 0.0032588 0.0230304 
0.89358 0.0191299 0.0301474 0.0296627 0.00277371 0.00284508 0.0218616 
0.899786 0.0224487 0.0287869 0.026081 0.00285737 0.00271131 0.0173282 
0.893342 0.0221976 0.0289315 0.0307398 0.00306188 0.00270956 0.0190178 
0.863984 0.0296758 0.0257801 0.0618796 0.00379541 0.00192434 0.0129607 
0.862321 0.0472791 0.0251856 0.0417999 0.0029017 0.00532604 0.0151864 
0.85863 0.0614619 0.0238167 0.023138 0.00313089 0.0110381 0.018784 
0.807167 0.101016 0.0148087 0.0483712 0.00786985 0.00613049 0.0146374 
0.809008 0.0814944 0.0237184 0.0254013 0.00411602 0.0115912 0.0446712 
0.791135 0.0357471 0.0289158 0.00658634 0.00170645 0.0442919 0.0916175 
0.792925 0.110226 0.0240982 0.0104942 0.00290763 0.0189974 0.0403524 
0.593905 0.0902937 0.0259696 0.00819359 0.00602145 0.183427 0.0921905 
0.400125 0.0831659 0.0263405 0.00486585 0.00754295 0.246399 0.23156 
0.679005 0.137502 0.0180995 0.0222419 0.0145893 0.065965 0.0625978 
0.716579 0.136895 0.0162328 0.0452177 0.00953831 0.0406853 0.034852 
0.541443 0.340386 0.0084653 0.0217103 0.0187354 0.0427641 0.026496 
0.488567 0.380968 0.00471309 0.0417499 0.0530264 0.0171158 0.0138599 
0.503559 0.389648 0.00695305 0.0321134 0.0229798 0.0227191 0.0220281 
0.54962 0.304386 0.0132011 0.100254 0.00664507 0.00784518 0.0180488 
0.589302 0.179558 0.0219246 0.127607 0.00622827 0.020002 0.0553782 
0.607917 0.197004 0.0193582 0.111156 0.00620004 0.0136619 0.0447038 
0.465124 0.437005 0.00730442 0.0309793 0.0176827 0.0118756 0.0300295 
0.545306 0.343082 0.00728769 0.0370169 0.0302463 0.0109083 0.0261528 
0.64302 0.256598 0.0126273 0.0171952 0.0114137 0.0146229 0.0445225 
0.629771 0.25512 0.017496 0.0276525 0.00858241 0.0171839 0.0441933 
0.528004 0.337764 0.00971765 0.0618597 0.0209289 0.0127809 0.0289443 
0.40854 0.369316 0.00449016 0.144866 0.0549 0.007487 0.0104005 
0.463219 0.426644 0.00961847 0.043208 0.0116289 0.0134257 0.0322559 
0.596825 0.27159 0.0177517 0.0209754 0.00805983 0.0322763 0.0525218 
0.607016 0.309207 0.0167037 0.0300361 0.00451751 0.00926752 0.0232521 
0.533028 0.365147 0.0174542 0.034859 0.00437586 0.0158355 0.0293005 
0.569666 0.315856 0.0158007 0.0635899 0.00490827 0.012146 0.0180331 
0.616784 0.19219 0.0131969 0.151101 0.00571505 0.0072663 0.0137464 
0.545669 0.233838 0.014569 0.158664 0.00662585 0.0162307 0.0244038 
0.585121 0.263234 0.0160501 0.0983342 0.0043723 0.0103178 0.0225705 
0.646669 0.21828 0.0112522 0.0896491 0.0113909 0.0075974 0.015161 
0.24416 0.324795 0.0705811 0.0029627 0.0324175 0.307003 0.0180809 
0.511975 0.020655 0.0574443 0.0155497 0.00513752 0.22914 0.160098 
0.277257 0.0155016 0.0497413 0.00908956 0.00226444 0.547584 0.0985624 
0.400611 0.0226072 0.0807618 0.0640457 0.00499404 0.316252 0.110728 
0.624996 0.0221201 0.0620858 0.0155403 0.00472627 0.196382 0.0741495 
0.637544 0.0218956 0.0617736 0.0658817 0.00462755 0.148757 0.0595198 
0.757247 0.0178168 0.0489813 0.0140267 0.00518703 0.0500231 0.106718 
0.809036 0.0176918 0.0510075 0.0157273 0.00354379 0.0588587 0.0441347 
0.808796 0.0153569 0.0617662 0.00804516 0.00324192 0.0520925 0.0507011 
0.729166 0.0139243 0.0845273 0.00395691 0.00234211 0.0732249 0.0928584 
0.811836 0.0220174 0.0646451 0.00330397 0.00326694 0.0465043 0.0484259 
0.200637 0.0112438 0.103804 0.0111545 9.89E-4 0.630403 0.0417689 
0.0926546 0.00898817 0.0771572 0.0122537 8.59382E-4 0.772294 0.035793 
0.0546222 0.0084739 0.113684 0.0135404 0.00117183 0.756595 0.0519127 
0.666287 0.0207802 0.0513035 0.0249479 0.00386879 0.148333 0.0844794 
0.786715 0.0362858 0.029007 0.00839259 0.00631558 0.0779866 0.0552976 
0.757277 0.0573507 0.0303164 0.00589442 0.0109388 0.0958361 0.0423863 
0.768142 0.0533955 0.0300137 0.00742066 0.00744883 0.0889388 0.0446406 
0.806289 0.0293683 0.0371714 0.00973288 0.0058178 0.0709537 0.0406667 
0.674097 0.0162675 0.0700731 0.0135245 0.00295993 0.150912 0.0721663 
0.768184 0.0119323 0.0657419 0.00873875 0.00235006 0.0871333 0.0559194 
0.658098 0.0228911 0.0500687 0.0144849 0.00748128 0.214824 0.0321522 
0.291763 0.012779 0.0386411 0.0130491 0.00318466 0.60251 0.0380724 
0.535067 0.0196094 0.0448574 0.0105158 0.00487376 0.325131 0.0599458 
0.724519 0.0293607 0.0390176 0.00473656 0.00589658 0.1396 0.0568704 
0.762389 0.0341763 0.0334382 0.00532538 0.0139846 0.0430863 0.1076 
0.764401 0.0360547 0.0301311 0.00382925 0.00568343 0.0547046 0.105196 
0.81148 0.0293925 0.0374916 0.00396096 0.00424852 0.0421842 0.0712423 
0.795587 0.029438 0.0355993 0.00612947 0.00397687 0.0384987 0.090771 
0.837993 0.0353088 0.0292599 0.00655472 0.00491529 0.0256981 0.0602705 
0.828864 0.030734 0.0308227 0.00721879 0.00388658 0.0314546 0.0670198 
0.821135 0.0286267 0.0292051 0.00715206 0.00411536 0.0277322 0.0820334 
0.820653 0.0285771 0.0298909 0.00717095 0.00310712 0.0365109 0.07409 
0.842431 0.03091 0.0303866 0.00906577 0.00364738 0.0254749 0.0580846 
0.831622 0.0332675 0.0299116 0.00961749 0.00358068 0.0258118 0.0661893 
0.844709 0.0347165 0.0284941 0.0097125 0.00306711 0.023294 0.0560072 
0.833935 0.0447734 0.0258338 0.00865069 0.00411654 0.02734 0.0553506 
0.843678 0.0401935 0.0259458 0.00881647 0.00409382 0.0253258 0.0519471 
0.8656 0.0532482 0.0206222 0.0116481 0.00569812 0.0145262 0.0286566 
0.867593 0.0493036 0.0230893 0.0106021 0.00514112 0.012862 0.0314086 
0.835111 0.075671 0.01947 0.0219145 0.0115453 0.0109052 0.0253827 
0.833416 0.0712486 0.0192077 0.0231011 0.0125137 0.0140379 0.0264749 
0.817446 0.0523488 0.0179964 0.0694718 0.0113757 0.0111287 0.0202326 
0.863312 0.038631 0.0214344 0.0301075 0.00889225 0.0136435 0.0239792 
0.872228 0.0347542 0.0228717 0.0261234 0.00622422 0.0128913 0.0249072 
0.864274 0.040986 0.021175 0.0277242 0.00872876 0.0126087 0.0245032 
0.846995 0.0515917 0.0210612 0.0282074 0.0105059 0.0132968 0.028342 
0.841289 0.0487347 0.0247256 0.0303424 0.00640408 0.0122075 0.0362968 
0.810517 0.0793263 0.021859 0.0209115 0.0105953 0.0163438 0.0404467 
0.774518 0.106405 0.0213137 0.0242608 0.0162304 0.018881 0.0383918 
0.585634 0.146561 0.0443103 0.00639969 0.0274389 0.167193 0.0224637 
0.0542826 0.015097 0.0181351 0.0107043 0.00164215 0.896638 0.00350113 
0.260854 0.042917 0.0366887 0.0354399 0.00514801 0.509076 0.109876 
0.024387 0.00820727 0.0154925 0.00589451 0.00103254 0.923071 0.0219152 
0.278478 0.184596 0.106646 0.00175312 0.0309109 0.385527 0.0120878 
0.0695409 0.0188643 0.0159345 0.0242119 0.00126661 0.855809 0.0143728 
0.276853 0.125211 0.0204202 0.175044 0.0149066 0.357088 0.0304772 
0.514377 0.161796 0.0142783 0.111468 0.0237277 0.153107 0.0212456 
0.538399 0.199333 0.0138611 0.0330756 0.0261751 0.168149 0.0210075 
0.29188 0.566909 0.00934737 0.00514113 0.0535362 0.0591189 0.014068 
0.397765 0.461586 0.0111804 0.0115908 0.0577423 0.0392242 0.0209108 
0.736963 0.11433 0.0148116 0.0936122 0.0089785 0.0160839 0.0152201 
0.64147 0.234168 0.0114026 0.0430237 0.0201332 0.00343675 0.0463658 
0.46345 0.286388 0.0111105 0.0468299 0.0363587 0.00395424 0.151909 
0.256046 0.305958 0.0234624 0.120744 0.0458979 0.0102567 0.237635 
0.0854056 0.181416 0.0232383 0.0497558 0.0428645 0.00923914 0.608081 
0.0375616 0.111123 0.0143559 0.019511 0.0329323 0.00549289 0.779023 
0.0447151 0.102505 0.0153959 0.0231878 0.0708616 0.00699997 0.736334 
0.0444743 0.12576 0.0142055 0.0195331 0.0428381 0.00686851 0.74632 
0.0367104 0.101626 0.0135467 0.0183328 0.0463618 0.00623964 0.777182 
0.0401551 0.112806 0.0142761 0.0189606 0.0376993 0.00621604 0.769887 
0.0672606 0.168666 0.0186528 0.0300297 0.0562608 0.00853028 0.6506 
0.101481 0.259039 0.0184349 0.0289597 0.036117 0.0130115 0.542957 
0.182435 0.326408 0.0238588 0.0596093 0.0188752 0.0133773 0.375437 
0.222921 0.473192 0.0104199 0.0667496 0.0291203 0.00768843 0.189909 
0.216306 0.547249 0.00476529 0.055766 0.0622873 0.00537241 0.108254 
0.191129 0.607284 0.00352016 0.0479664 0.0527902 0.00521469 0.0920959 
0.244747 0.58337 0.00433665 0.0622556 0.0223317 0.00421481 0.078744 
0.174426 0.713406 0.00153484 0.0367635 0.0490438 0.00283131 0.0219944 
0.14012 0.789989 0.00118928 0.0192326 0.0307018 0.0025254 0.0162413 
0.18412 0.687063 0.00202937 0.0443885 0.0627081 0.00276823 0.016922 
0.211649 0.667967 0.00257146 0.0606139 0.0317554 0.00202687 0.0234165 
0.195427 0.710273 0.00239232 0.0373932 0.0240475 0.00235957 0.0281073 
0.24416 0.324795 0.0705811 0.0029627 0.0324175 0.307003 0.0180809 
0.511975 0.020655 0.0574443 0.0155497 0.00513752 0.22914 0.160098 
0.277257 0.0155016 0.0497413 0.00908956 0.00226444 0.547584 0.0985624 
0.400611 0.0226072 0.0807618 0.0640457 0.00499404 0.316252 0.110728 
0.624996 0.0221201 0.0620858 0.0155403 0.00472627 0.196382 0.0741495 
0.637544 0.0218956 0.0617736 0.0658817 0.00462755 0.148757 0.0595198 
0.757247 0.0178168 0.0489813 0.0140267 0.00518703 0.0500231 0.106718 
0.809036 0.0176918 0.0510075 0.0157273 0.00354379 0.0588587 0.0441347 
0.808796 0.0153569 0.0617662 0.00804516 0.00324192 0.0520925 0.0507011 
0.729166 0.0139243 0.0845273 0.00395691 0.00234211 0.0732249 0.0928584 
0.811836 0.0220174 0.0646451 0.00330397 0.00326694 0.0465043 0.0484259 
0.200637 0.0112438 0.103804 0.0111545 9.89E-4 0.630403 0.0417689 
0.0926546 0.00898817 0.0771572 0.0122537 8.59382E-4 0.772294 0.035793 
0.0546222 0.0084739 0.113684 0.0135404 0.00117183 0.756595 0.0519127 
0.666287 0.0207802 0.0513035 0.0249479 0.00386879 0.148333 0.0844794 
0.786715 0.0362858 0.029007 0.00839259 0.00631558 0.0779866 0.0552976 
0.757277 0.0573507 0.0303164 0.00589442 0.0109388 0.0958361 0.0423863 
0.768142 0.0533955 0.0300137 0.00742066 0.00744883 0.0889388 0.0446406 
0.806289 0.0293683 0.0371714 0.00973288 0.0058178 0.0709537 0.0406667 
0.674097 0.0162675 0.0700731 0.0135245 0.00295993 0.150912 0.0721663 
0.768184 0.0119323 0.0657419 0.00873875 0.00235006 0.0871333 0.0559194 
0.658098 0.0228911 0.0500687 0.0144849 0.00748128 0.214824 0.0321522 
0.291763 0.012779 0.0386411 0.0130491 0.00318466 0.60251 0.0380724 
0.535067 0.0196094 0.0448574 0.0105158 0.00487376 0.325131 0.0599458 
0.724519 0.0293607 0.0390176 0.00473656 0.00589658 0.1396 0.0568704 
0.762389 0.0341763 0.0334382 0.00532538 0.0139846 0.0430863 0.1076 
0.764401 0.0360547 0.0301311 0.00382925 0.00568343 0.0547046 0.105196 
0.81148 0.0293925 0.0374916 0.00396096 0.00424852 0.0421842 0.0712423 
0.795587 0.029438 0.0355993 0.00612947 0.00397687 0.0384987 0.090771 
0.837993 0.0353088 0.0292599 0.00655472 0.00491529 0.0256981 0.0602705 
0.828864 0.030734 0.0308227 0.00721879 0.00388658 0.0314546 0.0670198 
0.821135 0.0286267 0.0292051 0.00715206 0.00411536 0.0277322 0.0820334 
0.820653 0.0285771 0.0298909 0.00717095 0.00310712 0.0365109 0.07409 
0.842431 0.03091 0.0303866 0.00906577 0.00364738 0.0254749 0.0580846 
0.831622 0.0332675 0.0299116 0.00961749 0.00358068 0.0258118 0.0661893 
0.844709 0.0347165 0.0284941 0.0097125 0.00306711 0.023294 0.0560072 
0.833935 0.0447734 0.0258338 0.00865069 0.00411654 0.02734 0.0553506 
0.843678 0.0401935 0.0259458 0.00881647 0.00409382 0.0253258 0.0519471 
0.8656 0.0532482 0.0206222 0.0116481 0.00569812 0.0145262 0.0286566 
0.867593 0.0493036 0.0230893 0.0106021 0.00514112 0.012862 0.0314086 
0.835111 0.075671 0.01947 0.0219145 0.0115453 0.0109052 0.0253827 
0.833416 0.0712486 0.0192077 0.0231011 0.0125137 0.0140379 0.0264749 
0.817446 0.0523488 0.0179964 0.0694718 0.0113757 0.0111287 0.0202326 
0.863312 0.038631 0.0214344 0.0301075 0.00889225 0.0136435 0.0239792 
0.872228 0.0347542 0.0228717 0.0261234 0.00622422 0.0128913 0.0249072 
0.864274 0.040986 0.021175 0.0277242 0.00872876 0.0126087 0.0245032 
0.846995 0.0515917 0.0210612 0.0282074 0.0105059 0.0132968 0.028342 
0.841289 0.0487347 0.0247256 0.0303424 0.00640408 0.0122075 0.0362968 
0.810517 0.0793263 0.021859 0.0209115 0.0105953 0.0163438 0.0404467 
0.774518 0.106405 0.0213137 0.0242608 0.0162304 0.018881 0.0383918 
0.585634 0.146561 0.0443103 0.00639969 0.0274389 0.167193 0.0224637 
0.0542826 0.015097 0.0181351 0.0107043 0.00164215 0.896638 0.00350113 
0.260854 0.042917 0.0366887 0.0354399 0.00514801 0.509076 0.109876 
0.024387 0.00820727 0.0154925 0.00589451 0.00103254 0.923071 0.0219152 
0.278478 0.184596 0.106646 0.00175312 0.0309109 0.385527 0.0120878 
0.0695409 0.0188643 0.0159345 0.0242119 0.00126661 0.855809 0.0143728 
0.276853 0.125211 0.0204202 0.175044 0.0149066 0.357088 0.0304772 
0.514377 0.161796 0.0142783 0.111468 0.0237277 0.153107 0.0212456 
0.538399 0.199333 0.0138611 0.0330756 0.0261751 0.168149 0.0210075 
0.29188 0.566909 0.00934737 0.00514113 0.0535362 0.0591189 0.014068 
0.397765 0.461586 0.0111804 0.0115908 0.0577423 0.0392242 0.0209108 
0.736963 0.11433 0.0148116 0.0936122 0.0089785 0.0160839 0.0152201 
0.64147 0.234168 0.0114026 0.0430237 0.0201332 0.00343675 0.0463658 
0.46345 0.286388 0.0111105 0.0468299 0.0363587 0.00395424 0.151909 
0.256046 0.305958 0.0234624 0.120744 0.0458979 0.0102567 0.237635 
0.0854056 0.181416 0.0232383 0.0497558 0.0428645 0.00923914 0.608081 
0.0375616 0.111123 0.0143559 0.019511 0.0329323 0.00549289 0.779023 
0.0447151 0.102505 0.0153959 0.0231878 0.0708616 0.00699997 0.736334 
0.0444743 0.12576 0.0142055 0.0195331 0.0428381 0.00686851 0.74632 
0.0367104 0.101626 0.0135467 0.0183328 0.0463618 0.00623964 0.777182 
0.0401551 0.112806 0.0142761 0.0189606 0.0376993 0.00621604 0.769887 
0.0672606 0.168666 0.0186528 0.0300297 0.0562608 0.00853028 0.6506 
0.101481 0.259039 0.0184349 0.0289597 0.036117 0.0130115 0.542957 
0.182435 0.326408 0.0238588 0.0596093 0.0188752 0.0133773 0.375437 
0.222921 0.473192 0.0104199 0.0667496 0.0291203 0.00768843 0.189909 
0.8373 0.0553551 0.0217825 0.0400197 0.00612533 0.00224287 0.0371746 
0.825579 0.0490449 0.0228311 0.05634 0.00652237 0.00194056 0.0377426 
0.845522 0.0452859 0.0221661 0.0418739 0.00695117 0.00222226 0.0359787 
0.848181 0.0488995 0.0196045 0.050559 0.0074567 0.00209227 0.0232071 
0.860243 0.0394025 0.0241376 0.0384593 0.0058184 0.00226747 0.0296722 
0.86508 0.0430646 0.0232323 0.0287443 0.00643678 0.00237081 0.0310715 
0.86311 0.0353789 0.0243583 0.0395327 0.00591175 0.00206398 0.0296446 
0.855936 0.0374675 0.0231112 0.049294 0.00775156 0.00164203 0.0247979 
0.845573 0.0328194 0.025566 0.056064 0.00678785 0.00196606 0.0312232 
0.84934 0.0357511 0.0336458 0.0149673 0.00299361 0.00206299 0.0612386 
0.840078 0.0368729 0.0288817 0.0308177 0.00513818 0.00160586 0.0566052 
0.836107 0.0292109 0.028563 0.0542541 0.00472933 0.00135639 0.045779 
0.847958 0.0424971 0.0302514 0.0236881 0.00420731 0.0021162 0.0492822 
0.854985 0.0340365 0.0225301 0.0472136 0.00730433 0.00173629 0.0321946 
0.864505 0.0323942 0.0273483 0.0254282 0.00466878 0.00185295 0.0438027 
0.859939 0.0249989 0.0250053 0.0604073 0.00536998 0.00131251 0.0229667 
0.843943 0.0240053 0.0330469 0.0394664 0.00461189 0.00154533 0.0533817 
0.862709 0.0240595 0.031872 0.0332321 0.00432181 0.00159349 0.0422122 
0.849597 0.02328 0.0368708 0.0332978 0.00323817 0.00181269 0.0519034 
0.849608 0.0232001 0.0361124 0.0402633 0.0032069 0.00193069 0.0456783 
0.850845 0.031881 0.0257741 0.0592067 0.00468964 0.0018807 0.0257232 
0.860042 0.0250469 0.0356043 0.0135007 0.00250138 0.00246405 0.0608404 
0.865386 0.0334334 0.0265585 0.0311678 0.00572395 0.00166525 0.0360651 
0.878595 0.0273011 0.0283141 0.0297331 0.00471901 0.00209177 0.0292458 
0.873435 0.0265284 0.0301233 0.0308654 0.00363608 0.00189862 0.0335134 
0.855855 0.0248838 0.0245141 0.0603485 0.00710277 0.00157075 0.0257247 
0.862288 0.0224298 0.0277622 0.0427078 0.00531998 0.00218292 0.0373097 
0.844192 0.0184238 0.0334083 0.0521723 0.00539789 0.00223502 0.0441709 
0.849823 0.0211033 0.036252 0.0195179 0.00265476 0.00259766 0.0680509 
0.870359 0.0256714 0.0312933 0.0247011 0.00343251 0.00207855 0.0424645 
0.855342 0.024489 0.0340312 0.0179638 0.00312736 0.00260243 0.062444 
0.852231 0.0230378 0.0349941 0.021783 0.00371709 0.0020297 0.0622077 
0.851819 0.0234845 0.0328001 0.0250697 0.00359668 0.00221833 0.0610114 
0.855995 0.0246054 0.0333524 0.0269721 0.00379954 0.00194333 0.0533326 
0.855455 0.0229074 0.0308227 0.0404105 0.00435764 0.0021002 0.0439467 
0.843933 0.0241138 0.0297462 0.0501488 0.00566612 0.00214154 0.0442506 
0.843429 0.0206618 0.0332865 0.0450944 0.00534731 0.00189903 0.0502824 
0.848734 0.021735 0.0299052 0.059457 0.00565746 0.00159109 0.0329201 
0.842667 0.0198198 0.0329435 0.0540175 0.00422704 0.00191473 0.0444108 
0.855062 0.0231731 0.0287215 0.0485307 0.00603547 0.00195655 0.0365212 
0.857801 0.0208106 0.0334278 0.0389597 0.00309646 0.00247306 0.0434315 
0.868618 0.0206768 0.0299592 0.0430557 0.00433567 0.00157783 0.0317769 
0.857791 0.0213367 0.0331355 0.0291443 0.00486429 0.00242425 0.0513044 
0.861608 0.0207342 0.0324948 0.0401101 0.00467062 0.00201997 0.038362 
0.850072 0.0178991 0.0335758 0.0378785 0.00454265 0.00195308 0.0540793 
0.852998 0.0179116 0.0330251 0.039837 0.00441984 0.00200902 0.0497992 
0.852733 0.0244175 0.0305379 0.0535961 0.0042689 0.00165807 0.0327889 
0.864521 0.0183152 0.0352994 0.0422729 0.00305907 0.00174494 0.0347881 
0.867638 0.0239009 0.0305322 0.0392997 0.00446285 0.00154579 0.0326202 
0.870669 0.0233145 0.0290643 0.0444434 0.00441969 0.00153269 0.0265562 
0.865427 0.0222701 0.0303839 0.0474637 0.00434048 0.00148428 0.0286301 
0.8373 0.0553551 0.0217825 0.0400197 0.00612533 0.00224287 0.0371746 
0.825579 0.0490449 0.0228311 0.05634 0.00652237 0.00194056 0.0377426 
0.845522 0.0452859 0.0221661 0.0418739 0.00695117 0.00222226 0.0359787 
0.848181 0.0488995 0.0196045 0.050559 0.0074567 0.00209227 0.0232071 
0.860243 0.0394025 0.0241376 0.0384593 0.0058184 0.00226747 0.0296722 
0.86508 0.0430646 0.0232323 0.0287443 0.00643678 0.00237081 0.0310715 
0.86311 0.0353789 0.0243583 0.0395327 0.00591175 0.00206398 0.0296446 
0.855936 0.0374675 0.0231112 0.049294 0.00775156 0.00164203 0.0247979 
0.845573 0.0328194 0.025566 0.056064 0.00678785 0.00196606 0.0312232 
0.84934 0.0357511 0.0336458 0.0149673 0.00299361 0.00206299 0.0612386 
0.840078 0.0368729 0.0288817 0.0308177 0.00513818 0.00160586 0.0566052 
0.836107 0.0292109 0.028563 0.0542541 0.00472933 0.00135639 0.045779 
0.847958 0.0424971 0.0302514 0.0236881 0.00420731 0.0021162 0.0492822 
0.854985 0.0340365 0.0225301 0.0472136 0.00730433 0.00173629 0.0321946 
0.864505 0.0323942 0.0273483 0.0254282 0.00466878 0.00185295 0.0438027 
0.859939 0.0249989 0.0250053 0.0604073 0.00536998 0.00131251 0.0229667 
0.843943 0.0240053 0.0330469 0.0394664 0.00461189 0.00154533 0.0533817 
0.862709 0.0240595 0.031872 0.0332321 0.00432181 0.00159349 0.0422122 
0.849597 0.02328 0.0368708 0.0332978 0.00323817 0.00181269 0.0519034 
0.849608 0.0232001 0.0361124 0.0402633 0.0032069 0.00193069 0.0456783 
0.850845 0.031881 0.0257741 0.0592067 0.00468964 0.0018807 0.0257232 
0.860042 0.0250469 0.0356043 0.0135007 0.00250138 0.00246405 0.0608404 
0.865386 0.0334334 0.0265585 0.0311678 0.00572395 0.00166525 0.0360651 
0.878595 0.0273011 0.0283141 0.0297331 0.00471901 0.00209177 0.0292458 
0.873435 0.0265284 0.0301233 0.0308654 0.00363608 0.00189862 0.0335134 
0.855855 0.0248838 0.0245141 0.0603485 0.00710277 0.00157075 0.0257247 
0.862288 0.0224298 0.0277622 0.0427078 0.00531998 0.00218292 0.0373097 
0.844192 0.0184238 0.0334083 0.0521723 0.00539789 0.00223502 0.0441709 
0.849823 0.0211033 0.036252 0.0195179 0.00265476 0.00259766 0.0680509 
0.870359 0.0256714 0.0312933 0.0247011 0.00343251 0.00207855 0.0424645 
0.855342 0.024489 0.0340312 0.0179638 0.00312736 0.00260243 0.062444 
0.852231 0.0230378 0.0349941 0.021783 0.00371709 0.0020297 0.0622077 
0.851819 0.0234845 0.0328001 0.0250697 0.00359668 0.00221833 0.0610114 
0.855995 0.0246054 0.0333524 0.0269721 0.00379954 0.00194333 0.0533326 
0.855455 0.0229074 0.0308227 0.0404105 0.00435764 0.0021002 0.0439467 
0.843933 0.0241138 0.0297462 0.0501488 0.00566612 0.00214154 0.0442506 
0.843429 0.0206618 0.0332865 0.0450944 0.00534731 0.00189903 0.0502824 
0.848734 0.021735 0.0299052 0.059457 0.00565746 0.00159109 0.0329201 
0.842667 0.0198198 0.0329435 0.0540175 0.00422704 0.00191473 0.0444108 
0.855062 0.0231731 0.0287215 0.0485307 0.00603547 0.00195655 0.0365212 
0.857801 0.0208106 0.0334278 0.0389597 0.00309646 0.00247306 0.0434315 
0.868618 0.0206768 0.0299592 0.0430557 0.00433567 0.00157783 0.0317769 
0.857791 0.0213367 0.0331355 0.0291443 0.00486429 0.00242425 0.0513044 
0.861608 0.0207342 0.0324948 0.0401101 0.00467062 0.00201997 0.038362 
0.850072 0.0178991 0.0335758 0.0378785 0.00454265 0.00195308 0.0540793 
0.852998 0.0179116 0.0330251 0.039837 0.00441984 0.00200902 0.0497992 
0.852733 0.0244175 0.0305379 0.0535961 0.0042689 0.00165807 0.0327889 
0.864521 0.0183152 0.0352994 0.0422729 0.00305907 0.00174494 0.0347881 
0.867638 0.0239009 0.0305322 0.0392997 0.00446285 0.00154579 0.0326202 
0.870669 0.0233145 0.0290643 0.0444434 0.00441969 0.00153269 0.0265562 
0.865427 0.0222701 0.0303839 0.0474637 0.00434048 0.00148428 0.0286301 
0.77159 0.0590766 0.0166817 0.116851 0.00793423 0.00138147 0.0264853 
0.777731 0.06344 0.0160216 0.105481 0.00921043 0.00155226 0.0265632 
0.788386 0.0556238 0.0171191 0.101201 0.00890474 0.00149435 0.0272713 
0.787573 0.0537038 0.0180888 0.0989862 0.00776768 0.00136379 0.0325165 
0.772086 0.0530555 0.0180424 0.116031 0.00834733 0.00124724 0.0311907 
0.762742 0.0585917 0.0176916 0.119782 0.0113849 0.00103508 0.0287727 
0.787314 0.0523737 0.0182215 0.105941 0.00800217 0.00109115 0.027056 
0.781864 0.0691059 0.0149638 0.0927703 0.012924 0.00129585 0.0270758 
0.801048 0.0574039 0.0170385 0.0793144 0.0120412 0.0013289 0.0318247 
0.811906 0.0539967 0.0156846 0.0699911 0.0136845 0.00131236 0.0334245 
0.831769 0.0534943 0.0163018 0.0546002 0.0124067 0.00118141 0.0302465 
0.830836 0.0587424 0.0170295 0.0438827 0.011958 0.0014107 0.0361403 
0.802053 0.075429 0.0167703 0.0539732 0.0137711 0.0013167 0.0366866 
0.802298 0.0585468 0.0209864 0.0488406 0.0127089 0.00131595 0.055303 
0.809411 0.0507103 0.0200587 0.0532663 0.0122834 0.0012682 0.0530019 
0.805024 0.0454189 0.0201129 0.0522985 0.0143683 0.00131595 0.0614612 
0.797751 0.0410013 0.024981 0.0454742 0.00850626 0.00138638 0.0809002 
0.805452 0.0412385 0.0241732 0.0571327 0.00826635 0.00118341 0.0625535 
0.793648 0.043956 0.0243159 0.0540464 0.00781547 0.00135789 0.07486 
0.791592 0.0430734 0.0241966 0.0517338 0.00847979 0.00133805 0.0795869 
0.808208 0.0408636 0.0207573 0.0624406 0.00889208 0.00120095 0.057637 
0.809762 0.0345078 0.0245559 0.0636162 0.00654619 0.00109125 0.0599206 
0.812012 0.0297177 0.0230083 0.0875929 0.00656789 9.41367E-4 0.0401602 
0.791815 0.032634 0.0216124 0.0894006 0.0098649 9.87121E-4 0.0536859 
0.816592 0.0304476 0.0240592 0.0602599 0.00760525 0.00113971 0.0598964 
0.796567 0.0299948 0.0284381 0.0679891 0.00607699 0.00108875 0.0698454 
0.789894 0.0424596 0.0179811 0.0791286 0.0177614 0.00110761 0.0516674 
0.756204 0.024721 0.0380856 0.0393396 0.00416946 0.00141053 0.13607 
0.817588 0.033477 0.0221729 0.0538619 0.0112001 0.00109295 0.0606069 
0.827809 0.0248119 0.0269734 0.0622823 0.00574253 0.00101571 0.0513649 
0.842134 0.0287249 0.0213251 0.0529436 0.0091269 0.0010706 0.044675 
0.830454 0.0418237 0.0155996 0.0616669 0.0151363 0.00118146 0.0341376 
0.81889 0.0371148 0.0200343 0.050243 0.0106304 0.00137802 0.0617096 
0.822543 0.044487 0.0174131 0.0573321 0.0121976 0.00110784 0.0449194 
0.810644 0.0348227 0.020247 0.0633792 0.00960494 0.00118356 0.060119 
0.804675 0.0369456 0.01887 0.0786704 0.0101702 0.00104186 0.049627 
0.79082 0.0310615 0.0200666 0.107646 0.0109027 8.46355E-4 0.0386572 
0.797513 0.0274932 0.0243336 0.0949398 0.0065407 8.40738E-4 0.0483386 
0.814179 0.0218176 0.0265094 0.0728435 0.00633247 9.40233E-4 0.0573781 
0.824388 0.0267395 0.0222541 0.0704815 0.00819991 9.11578E-4 0.0470251 
0.814648 0.0242087 0.0261408 0.0738359 0.00508222 9.40869E-4 0.0551438 
0.81828 0.0246096 0.029451 0.0578065 0.00492462 0.00100542 0.0639232 
0.792537 0.0276133 0.0315054 0.05588 0.0058387 0.0010815 0.085544 
0.794098 0.0240496 0.0332731 0.0617153 0.00545157 0.00100805 0.0804045 
0.770257 0.0227076 0.0341395 0.0534738 0.00637799 0.0011875 0.111857 
0.743482 0.0212654 0.0342713 0.0822566 0.00700282 0.00111929 0.110602 
0.743072 0.0190535 0.0369574 0.0782817 0.00735386 0.00111472 0.114167 
0.754036 0.0226926 0.0341208 0.0709786 0.00839024 0.00108872 0.108693 
0.725697 0.0224084 0.0409423 0.0593972 0.00683526 0.00120727 0.143513 
0.749318 0.0279891 0.0377912 0.0414085 0.00657108 0.0011218 0.1358 
0.700127 0.0324997 0.0378415 0.0484806 0.00952021 0.00115716 0.170374 
0.749997 0.022831 0.0405729 0.0525845 0.00608766 0.00103983 0.126887 
0.762871 0.0292533 0.02896 0.0790187 0.0100086 0.00103509 0.0888531 
0.783844 0.025351 0.0318243 0.0756079 0.0062469 9.55701E-4 0.0761702 
0.758991 0.0262504 0.0308394 0.0798033 0.00842576 0.00108048 0.09461 
0.756165 0.0247965 0.036476 0.0545697 0.00598838 0.00110727 0.120897 
0.751537 0.0310581 0.0179975 0.110658 0.0178567 0.00118586 0.069707 
0.612834 0.0359218 0.0444616 0.0282814 0.0054807 0.0016582 0.271363 
0.779806 0.0259402 0.0255796 0.0731023 0.00743489 0.00118045 0.0869562 
0.754961 0.033151 0.0279849 0.0411596 0.00769391 0.0016639 0.133386 
0.669904 0.0343562 0.0400115 0.0214123 0.00640976 0.0016429 0.226263 
0.726202 0.0226243 0.037624 0.104135 0.00444219 0.00105927 0.103912 
0.66195 0.0220743 0.0570056 0.0485827 0.00277633 0.0012812 0.206329 
0.736047 0.0272891 0.0394392 0.0716978 0.00623208 0.00106552 0.118229 
0.711572 0.0258915 0.0374511 0.0962226 0.00646575 0.00119212 0.121205 
0.738082 0.0272778 0.0413186 0.0482206 0.00459551 0.0010912 0.139414 
0.758312 0.0276872 0.0308316 0.0816692 0.0064921 0.00106559 0.0939423 
0.774998 0.023256 0.0344776 0.0761944 0.00452883 0.00105225 0.0854934 
0.855537 0.0217446 0.0367772 0.0441721 0.00319042 0.00232212 0.036257 
0.850979 0.0143134 0.0400497 0.0525549 0.00351923 0.00205674 0.0365268 
0.816642 0.0141563 0.0475368 0.0261198 0.00293185 0.00217757 0.0904354 
0.823165 0.0160631 0.0446655 0.0327811 0.00320987 0.00199462 0.0781204 
0.814707 0.0168216 0.044643 0.031956 0.00313863 0.00161793 0.0871159 
0.819806 0.0164957 0.0443379 0.0275696 0.00276316 0.00152416 0.0875038 
0.817042 0.0174546 0.0418956 0.0335529 0.00319174 0.00155697 0.0853063 
0.772922 0.0182377 0.0430008 0.0301623 0.00384639 0.00151517 0.130316 
0.739195 0.0267064 0.045316 0.00891698 0.0035639 0.00205847 0.174243 
0.821836 0.0177181 0.0417674 0.0244659 0.00420174 0.00141108 0.0885996 
0.816526 0.0194245 0.0419372 0.0255989 0.00469932 0.00127282 0.0905409 
0.844895 0.0230705 0.0300843 0.045406 0.00806094 0.00111125 0.0473725 
0.844339 0.019798 0.0369497 0.023056 0.0055017 0.00137608 0.0689795 
0.834199 0.0188008 0.0389059 0.0209182 0.00414502 0.00148939 0.0815419 
0.850895 0.0198598 0.0312655 0.0337304 0.00830919 0.00109639 0.0548434 
0.82221 0.0198829 0.041463 0.0243244 0.00445558 0.00118413 0.0864795 
0.827735 0.0223235 0.0322317 0.0443437 0.00676229 0.00103699 0.0655669 
0.83895 0.0243924 0.0264009 0.043279 0.0101937 0.00120623 0.0555779 
0.844732 0.0217682 0.0281321 0.0438534 0.00895512 9.37705E-4 0.0516216 
0.83499 0.0243978 0.0247881 0.0657923 0.0100744 9.71129E-4 0.0389862 
0.82697 0.0259108 0.0273775 0.0449925 0.0087002 0.00113766 0.0649116 
0.819505 0.0243698 0.0266153 0.0595734 0.00852078 0.00104651 0.0603694 
0.810312 0.023227 0.0286857 0.0723221 0.00797431 9.45592E-4 0.056533 
0.796403 0.0222857 0.0285899 0.0857284 0.00753346 9.52847E-4 0.0585069 
0.797958 0.025583 0.0256711 0.0913114 0.00950474 8.99414E-4 0.0490726 
0.810876 0.0252978 0.0321569 0.0655307 0.00439808 0.00105388 0.0606863 
0.812465 0.0243601 0.0319877 0.0615477 0.00442919 0.00112768 0.0640829 
0.795918 0.0227301 0.0366845 0.0578584 0.00307664 0.00124906 0.0824831 
0.790589 0.0270411 0.0351505 0.041923 0.00342459 0.00133682 0.100535 
0.817363 0.023868 0.0349152 0.0559803 0.00300097 0.00106899 0.0638037 
0.816949 0.0253245 0.0335177 0.0420429 0.00354339 0.00131934 0.0773031 
0.812411 0.0236624 0.0313564 0.0701976 0.00363676 0.00106812 0.0576673 
0.847036 0.0576618 0.0240183 0.0399523 0.00405852 0.0112302 0.0160432 
0.813084 0.0491063 0.0226825 0.0934927 0.00413896 0.00634359 0.0111522 
0.844657 0.0432547 0.0248719 0.058696 0.00348615 0.00926118 0.0157729 
0.820487 0.0609049 0.0196902 0.0777564 0.0046599 0.00504334 0.0114578 
0.864123 0.0400544 0.0266501 0.0430501 0.0023164 0.00899155 0.0148147 
0.840028 0.0426116 0.0278177 0.0716573 0.00252461 0.00398393 0.0113769 
0.835798 0.0433913 0.0275726 0.0751355 0.00260347 0.00425941 0.0112395 
0.825141 0.0543674 0.025894 0.0749325 0.00303111 0.00440228 0.012232 
0.837892 0.0482276 0.0278993 0.0670194 0.00253922 0.00432557 0.0120972 
0.846955 0.0337561 0.0291288 0.0707603 0.00245803 0.00463846 0.0123035 
0.86271 0.0315707 0.0246094 0.0605682 0.00321791 0.00419665 0.0131272 
0.865946 0.0280021 0.0315548 0.0559512 0.00186135 0.00480281 0.0118822 
0.794928 0.0241299 0.0320195 0.125725 0.00204073 0.0095814 0.0115753 
0.87249 0.0210418 0.0370777 0.0477672 0.00141123 0.00859505 0.0116171 
0.789153 0.0196937 0.0461964 0.122702 0.00128293 0.00872696 0.0122452 
0.836139 0.0199245 0.0396948 0.0778505 0.00153971 0.00938843 0.0154632 
0.825168 0.0170882 0.0496361 0.0806868 0.00132087 0.0104172 0.0156827 
0.863042 0.0116675 0.0535791 0.0373427 9.37856E-4 0.00939544 0.0240356 
0.852456 0.0141318 0.0478961 0.0494156 0.00120277 0.00816005 0.0267375 
0.813241 0.0132197 0.0594641 0.0723397 0.00117642 0.010197 0.030362 
0.812871 0.0116583 0.0586328 0.0816376 0.00126147 0.00601194 0.0279265 
0.848166 0.0127018 0.0588319 0.0422374 0.00104288 0.008698 0.0283218 
0.807385 0.0107486 0.0837283 0.0469911 0.00121256 0.0168348 0.0330999 
0.699689 0.00580063 0.156842 0.0043736 6.04383E-4 0.0373696 0.0953201 
0.689635 0.00719828 0.118004 0.00492061 0.00113526 0.0728138 0.106294 
0.499147 0.013562 0.0853063 0.00528505 0.00267976 0.256556 0.137464 
0.181666 0.00725321 0.0757396 0.00145835 8.98764E-4 0.607246 0.125738 
0.125892 0.00596168 0.0558124 0.00156006 3.63866E-4 0.744457 0.0659525 
0.261207 0.0121605 0.051952 0.00194137 9.01655E-4 0.483756 0.188081 
0.26742 0.0117106 0.0610042 0.00233725 0.00118087 0.527226 0.129121 
0.107685 0.00734793 0.0528986 0.00205203 0.00120705 0.686936 0.141874 
0.319117 0.0105072 0.086542 0.0105248 0.00228905 0.395761 0.175258 
0.414546 0.00972505 0.106991 0.0126603 0.00220304 0.157392 0.296483 
0.583187 0.00882435 0.0680576 0.00843791 0.00166779 0.031767 0.298058 
0.744515 0.0117317 0.0418867 0.00519413 0.0011309 0.0274333 0.168108 
0.859693 0.0271464 0.0266965 0.0066065 0.0011699 0.0169593 0.0617287 
0.781362 0.0331341 0.0272087 0.00627205 0.00241813 0.0142175 0.135388 
0.477359 0.039978 0.0300453 0.00602693 0.00510108 0.0273209 0.414168 
0.405698 0.0548697 0.0278682 0.0102105 0.0134636 0.0190839 0.468806 
0.349744 0.123359 0.0249007 0.0121377 0.0253617 0.0205896 0.443907 
0.406346 0.103121 0.0268526 0.00801298 0.0137008 0.0285087 0.413458 
0.502231 0.078845 0.0226583 0.0121331 0.0142099 0.0214826 0.348441 
0.595512 0.0977794 0.0214652 0.0162976 0.0108213 0.0144394 0.243685 
0.723903 0.0777473 0.0186055 0.0218716 0.0131472 0.0102904 0.134435 
0.711457 0.0511893 0.0334186 0.0285232 0.00457968 0.00478835 0.166044 
0.508912 0.144198 0.0305245 0.0239695 0.0074603 0.00907055 0.275864 
0.367993 0.12001 0.0395245 0.011933 0.0115244 0.0157702 0.433245 
0.357401 0.0763623 0.043061 0.00334779 0.00227646 0.0338147 0.483736 
0.222423 0.0866301 0.0622026 0.0169002 0.00619747 0.0131247 0.592522 
0.642228 0.0851694 0.0374372 0.0103759 0.00345773 0.00940564 0.211926 
0.870474 0.0601335 0.016438 0.0176467 0.00327359 0.0049024 0.0271322 
0.761379 0.114201 0.0187581 0.0254757 0.00661983 0.00337727 0.0701888 
0.619619 0.147603 0.0207263 0.0219107 0.0144215 0.0085087 0.167211 
0.381373 0.175852 0.029449 0.0145198 0.014011 0.0169868 0.367808 
0.355444 0.0983596 0.0559095 0.0100191 0.00336418 0.025686 0.451218 
0.42488 0.100149 0.0400505 0.0170044 0.00425333 0.0257276 0.387935 
0.660253 0.170909 0.023484 0.0161904 0.00253774 0.0136557 0.112971 
0.66593 0.207976 0.0238262 0.0418482 0.00278778 0.00896267 0.0486696 
0.482889 0.415438 0.00987591 0.0313082 0.0059719 0.0127576 0.0417591 
0.815852 0.0116108 0.0499958 0.0912878 0.00219889 0.0042289 0.0248254 
0.854018 0.0114663 0.0462081 0.0570648 0.00238616 0.00390503 0.0249512 
0.856952 0.0114693 0.0429854 0.0591016 0.00320728 0.0043109 0.0219731 
0.860626 0.0119472 0.0489559 0.0518285 0.00211869 0.00366421 0.0208596 
0.847892 0.0130523 0.0466479 0.0659162 0.00193938 0.00318613 0.0213662 
0.794014 0.0122881 0.0582292 0.107391 0.00168138 0.00397844 0.0224176 
0.833134 0.010663 0.0538357 0.0760616 0.00177311 0.00412351 0.0204092 
0.759105 0.01129 0.0661663 0.135548 0.00179801 0.00353511 0.0225576 
0.791032 0.0109698 0.0539074 0.121974 0.00177935 0.00274427 0.0175929 
0.753285 0.0115175 0.0595925 0.148475 0.00203342 0.00380922 0.0212877 
0.780421 0.0114714 0.060709 0.12157 0.00189771 0.00355498 0.0203765 
0.775741 0.0109248 0.0649368 0.122392 0.00171568 0.00292926 0.0213609 
0.80973 0.0100017 0.0658024 0.0857246 0.0016399 0.002772 0.0243293 
0.803915 0.00886788 0.0757492 0.0782453 0.00145276 0.00317373 0.028596 
0.853842 0.00837543 0.0613109 0.0398056 0.00142627 0.00412026 0.0311198 
0.842087 0.00956638 0.0596723 0.0506185 0.00146416 0.00351753 0.0330739 
0.843627 0.0122563 0.0501711 0.0674382 0.00195684 0.00366025 0.02089 
0.818924 0.0121869 0.0532456 0.083796 0.00164639 0.00430077 0.0258998 
0.806887 0.0111859 0.0607535 0.0874155 0.00152223 0.00300011 0.0292354 
0.775177 0.0126884 0.0651765 0.115688 0.00139501 0.00315108 0.026724 
0.806267 0.0115989 0.0672432 0.0818623 0.00129958 0.00387127 0.0278583 
0.824817 0.0114539 0.0554412 0.0745479 0.001464 0.00335501 0.0289208 
0.822443 0.0123793 0.0520753 0.0837266 0.00145195 0.00386351 0.0240606 
0.809505 0.0103944 0.0591779 0.0862849 0.00147179 0.00377932 0.0293871 
0.831263 0.00989376 0.0565772 0.0662033 0.00136808 0.00398011 0.0307145 
0.842049 0.0101051 0.0578406 0.058681 0.00130461 0.00367901 0.0263406 
0.868033 0.01084 0.0503904 0.0400086 0.00135879 0.00359222 0.0257769 
0.902607 0.0194254 0.0289555 0.02173 0.00352449 0.00536291 0.0183949 
0.899092 0.017451 0.0325007 0.0251989 0.00301449 0.00506767 0.0176749 
0.897082 0.0163844 0.0345476 0.0235397 0.0024294 0.00508802 0.0209293 
0.890121 0.0147604 0.038034 0.0316867 0.00166814 0.00510187 0.0186282 
0.806226 0.0103983 0.075065 0.0718063 0.0011776 0.00445378 0.0308729 
0.822419 0.0115857 0.0706566 0.0706094 0.00120063 0.00296293 0.0205656 
0.769597 0.0167369 0.0671579 0.123177 0.00127508 0.00410902 0.0179477 
0.769346 0.0195533 0.0556946 0.135982 0.00130922 0.00404193 0.0140732 
0.741243 0.021906 0.0560645 0.159856 0.00136823 0.00307287 0.0164887 
0.843045 0.0289403 0.0364903 0.0691237 0.001471 0.00241813 0.0185119 
0.839122 0.0295716 0.0428341 0.0663119 0.00140602 0.00224928 0.0185046 
0.861305 0.0324587 0.032032 0.0547208 0.00230669 0.00181025 0.0153664 
0.819279 0.0316419 0.035687 0.0958619 0.00186836 0.00179187 0.0138696 
0.85352 0.0262685 0.0382895 0.0602984 0.00145734 0.00263103 0.0175353 
0.86467 0.0369938 0.0327067 0.0396099 0.00148625 0.0047057 0.019828 
0.852186 0.0420407 0.0246897 0.0518121 0.00307457 0.00368015 0.0225168 
0.84494 0.0468474 0.0284325 0.0522942 0.00259286 0.00460239 0.0202907 
0.830524 0.0438158 0.0254113 0.0797861 0.0036142 0.0030885 0.0137597 
0.842581 0.0519619 0.0238272 0.0587009 0.00405509 0.00454189 0.0143323 
0.804591 0.0785884 0.0188084 0.0723684 0.0080826 0.00440815 0.0131535 
0.804594 0.109602 0.0206759 0.0281111 0.00769907 0.0090463 0.0202717 
0.822215 0.0817588 0.0193785 0.045052 0.00741724 0.00694967 0.0172285 
0.863976 0.0281185 0.0287035 0.0408654 0.003029 0.00888422 0.0264231 
0.872629 0.0187142 0.0411442 0.0252024 0.00154337 0.0188424 0.0219247 
0.806174 0.018641 0.0567719 0.00980921 0.0019421 0.071678 0.0349842 
0.437217 0.00875868 0.144906 0.00152956 9.72466E-4 0.319981 0.0866366 
0.395359 0.00428611 0.238205 0.00191699 5.44877E-4 0.308347 0.0513404 
0.177524 0.00859843 0.171885 0.00637522 0.00403075 0.376659 0.254927 
0.103959 0.00617574 0.179338 0.00472459 0.00293033 0.305379 0.397492 
0.0252327 0.00166921 0.120281 8.76835E-4 1.93765E-4 0.840328 0.0114192 
0.00906253 0.00190537 0.0685625 8.35558E-4 2.13296E-4 0.9132 0.00622037 
0.0688125 0.00520086 0.206564 0.00543147 0.00280516 0.648922 0.0622637 
0.0948488 0.00673806 0.285946 0.00896671 0.00687137 0.0841767 0.512453 
0.094806 0.00688418 0.368494 0.00497217 0.00377831 0.328538 0.192527 
0.121265 0.00656005 0.286457 0.00292453 0.00193808 0.501046 0.0798095 
0.0713059 0.00769979 0.272486 0.00647979 0.00297555 0.576168 0.0628841 
0.0654547 0.0105175 0.12925 0.0236044 0.00393982 0.674663 0.09257 
0.587423 0.0274764 0.0441656 0.0146822 0.00995537 0.212681 0.103616 
0.220678 0.0191173 0.0575302 0.0098551 0.00352309 0.541791 0.147506 
0.62169 0.0151504 0.0893283 0.0125171 0.00627731 0.0999105 0.155126 
0.514688 0.0186147 0.11327 0.0860994 0.00768555 0.166402 0.0932406 
0.673062 0.0145912 0.0751314 0.0381979 0.00510433 0.0983361 0.0955768 
0.801453 0.0125818 0.066745 0.0454757 0.00275407 0.0296672 0.0413237 
0.835604 0.0202105 0.0355301 0.0765403 0.00301293 0.00909941 0.0200025 
0.858334 0.0222313 0.0313905 0.0584447 0.00262927 0.0072881 0.0196823 
0.831766 0.0385643 0.028584 0.0366723 0.00202813 0.0157281 0.0466567 
0.879187 0.0359648 0.024347 0.0197426 0.00227084 0.0119457 0.0265417 
0.879032 0.0334097 0.0286324 0.0211262 0.00187465 0.0100168 0.0259085 
0.807914 0.0790466 0.0174574 0.054434 0.00781245 0.00822038 0.0251155 
0.750724 0.116446 0.0170274 0.0765679 0.00880142 0.00712887 0.0233046 
0.800201 0.0884645 0.0178248 0.0655788 0.00503634 0.0045191 0.0183758 
0.800692 0.0856623 0.0221665 0.06654 0.00320091 0.00424886 0.0174896 
0.808628 0.0769071 0.0209918 0.0705048 0.00325447 0.00452536 0.0151885 
0.783003 0.104222 0.0171621 0.0680457 0.00574554 0.0040397 0.0177825 
0.782205 0.0935074 0.0184055 0.0824551 0.00547311 0.00390766 0.0140465 
0.79151 0.0960313 0.0176026 0.0683239 0.00668206 0.00433643 0.0155135 
0.795445 0.106007 0.0151789 0.0584757 0.00766676 0.00455997 0.0126668 
0.808584 0.0871172 0.0187732 0.0642623 0.00575543 0.0046786 0.0108291 
0.834953 0.0610222 0.02039 0.0593606 0.0055806 0.00595813 0.0127359 
0.848851 0.0665164 0.0203809 0.0427824 0.005771 0.00408676 0.011612 
0.843199 0.0697375 0.0202549 0.0412897 0.00604015 0.00429129 0.0151875 
0.838971 0.0658432 0.0213717 0.0497851 0.00501714 0.00455851 0.0144538 
0.820857 0.0676682 0.0220736 0.0682661 0.00433452 0.00430016 0.0125001 
0.49175 0.0531267 0.0147173 0.396556 0.00752814 7.15043E-4 0.0356068 
0.51326 0.0553074 0.0132292 0.378184 0.00955439 7.03631E-4 0.0297611 
0.526638 0.0547986 0.0149602 0.365557 0.00747535 6.49682E-4 0.0299209 
0.513216 0.0595742 0.0140957 0.376388 0.00764679 7.47611E-4 0.0283317 
0.489026 0.0791831 0.0113463 0.386412 0.0115342 8.01781E-4 0.0216971 
0.523985 0.096648 0.0117901 0.330114 0.0124454 9.09416E-4 0.0241081 
0.495616 0.0732325 0.0104265 0.374288 0.0202456 8.26925E-4 0.0253638 
0.433294 0.0857476 0.00942579 0.432364 0.0204029 8.43012E-4 0.0179221 
0.375243 0.0775447 0.00902966 0.506044 0.0161628 6.97571E-4 0.0152783 
0.395626 0.0773761 0.0100612 0.489615 0.0108057 6.67907E-4 0.0158483 
0.416104 0.0877188 0.0107588 0.449981 0.0135534 7.21332E-4 0.021162 
0.447019 0.0845724 0.0105972 0.422721 0.014093 7.54479E-4 0.0202426 
0.554045 0.132136 0.0103697 0.255659 0.021072 0.00123678 0.0254824 
0.494959 0.127759 0.00966187 0.321121 0.0250898 0.00130717 0.0201023 
0.491268 0.0986604 0.0097417 0.362998 0.0192074 0.00103659 0.0170871 
0.505233 0.0665645 0.0148265 0.38463 0.00650336 7.60092E-4 0.0214826 
0.542616 0.0777461 0.0133158 0.335613 0.00812847 0.00102938 0.0215506 
0.534383 0.0810586 0.0170471 0.338333 0.00589582 8.57467E-4 0.0224254 
0.540286 0.0713695 0.0168359 0.339843 0.00572893 8.91037E-4 0.0250455 
0.516288 0.0915678 0.0174566 0.325781 0.00633538 9.77145E-4 0.0415944 
0.486515 0.0992586 0.0106923 0.371691 0.0115831 9.09935E-4 0.0193504 
0.565989 0.115434 0.0115611 0.268632 0.0153938 0.00144242 0.0215472 
0.567052 0.117437 0.0130815 0.270775 0.00775008 0.00133148 0.0225722 
0.566239 0.159434 0.0107964 0.235428 0.0095285 0.00155382 0.0170201 
0.493426 0.190438 0.00892114 0.276215 0.0131039 0.00139446 0.016501 
0.473486 0.211447 0.00858082 0.275377 0.0146488 0.0013797 0.0150811 
0.496358 0.20169 0.00995835 0.257539 0.0114209 0.00128601 0.0217482 
0.493965 0.184233 0.00905117 0.275519 0.0186142 0.00123563 0.0173815 
0.521806 0.186048 0.00933791 0.247951 0.0161166 0.00133491 0.017406 
0.488107 0.175878 0.00895466 0.287642 0.0208071 0.00131765 0.0172943 
0.475621 0.159681 0.00893849 0.308665 0.0274285 0.00125611 0.0184087 
0.500506 0.133762 0.00956399 0.322346 0.0159177 0.00126582 0.0166386 
0.489438 0.130755 0.00996211 0.337109 0.014033 0.00116805 0.0175349 
0.543423 0.156172 0.0108564 0.259254 0.0110006 0.00133699 0.0179567 
0.55812 0.190798 0.00944126 0.197871 0.0185996 0.00159494 0.0235763 
0.601755 0.224907 0.00948845 0.109479 0.0209262 0.00285486 0.0305897 
0.624516 0.20272 0.00981965 0.113294 0.0178872 0.00231757 0.0294446 
0.71606 0.0822189 0.0305621 0.0892774 0.00279986 0.00205634 0.0770254 
0.713877 0.099254 0.0264829 0.0606416 0.00286456 0.00238202 0.0944981 
0.665743 0.12582 0.030503 0.0165049 0.00238678 0.00410761 0.154934 
0.735055 0.101275 0.0166756 0.0943917 0.00865966 0.00199805 0.0419449 
0.549449 0.0940055 0.0110789 0.316036 0.0103429 0.001402 0.0176851 
0.310087 0.118017 0.0120036 0.533486 0.00885959 0.00347571 0.0140717 
0.601517 0.21237 0.0104564 0.138363 0.0114507 0.00303274 0.0228101 
0.61802 0.11959 0.023401 0.188639 0.0023942 0.00234028 0.0456155 
0.452491 0.0353012 0.013784 0.482557 0.0058394 6.65148E-4 0.00936174 
0.590115 0.0480323 0.0148847 0.326232 0.00733908 8.75194E-4 0.0125216 
0.641679 0.0623455 0.0140994 0.256639 0.0107323 0.00107707 0.0134273 
0.749137 0.0438269 0.0235003 0.152092 0.00372281 0.00125534 0.0264658 
0.490096 0.0473912 0.0120187 0.429244 0.0107332 7.62906E-4 0.00975414 
0.803091 0.0442871 0.0199547 0.097076 0.00677808 0.00141179 0.0274012 
0.677413 0.0559555 0.0123844 0.203334 0.0292347 0.00122528 0.0204531 
0.676663 0.0404294 0.0176001 0.234998 0.00759282 0.00127737 0.0214398 
0.459329 0.0323286 0.0126028 0.477299 0.00721237 7.06489E-4 0.0105215 
0.498729 0.041686 0.0154759 0.416348 0.00782707 8.60699E-4 0.0190735 
0.41887 0.0457997 0.0114781 0.50166 0.0107359 6.7308E-4 0.010783 
0.398495 0.0521882 0.012093 0.518039 0.00792908 7.80853E-4 0.010475 
0.389109 0.0468945 0.0120526 0.528887 0.0101622 7.55089E-4 0.0121395 
0.364138 0.0392431 0.0102037 0.565439 0.0115716 7.47551E-4 0.00865702 
0.447719 0.0369243 0.0136539 0.480846 0.00840725 8.59858E-4 0.0115897 
0.228508 0.0242027 0.00798328 0.727781 0.00679853 3.98207E-4 0.0043277 
0.399939 0.028767 0.0128277 0.542157 0.00783674 5.88406E-4 0.00788407 
0.174028 0.0224551 0.00606312 0.785334 0.00791655 3.11767E-4 0.00389176 
0.593509 0.0332853 0.0197655 0.334513 0.00682183 5.95956E-4 0.0115098 
0.294937 0.0279396 0.00916611 0.651578 0.0103094 4.9021E-4 0.00557937 
0.781623 0.0476775 0.0283868 0.113122 0.00367189 0.00144327 0.0240759 
0.581887 0.0401042 0.0171275 0.340395 0.0079987 8.82569E-4 0.0116048 
0.761676 0.0328985 0.0389488 0.115439 0.00209673 0.00179848 0.0471421 
0.802311 0.040868 0.0292489 0.0703083 0.00462708 0.0019037 0.0507328 
0.814382 0.0577704 0.043718 0.00530213 8.74735E-4 0.00462366 0.0733293 
0.734255 0.124701 0.0244393 0.0939954 0.00333751 0.00198523 0.0172862 
0.750451 0.177377 0.0110252 0.0343706 0.00737932 0.00370537 0.0156912 
0.709088 0.227421 0.0130144 0.00877 0.00414715 0.00966988 0.0278894 
0.821791 0.107375 0.0123418 0.0344036 0.00494727 0.00667576 0.012465 
0.781376 0.10496 0.0431605 0.0286347 0.00116821 0.00379256 0.0369082 
0.694521 0.179077 0.0253727 0.0351513 0.00267023 0.0236542 0.0395535 
0.77837 0.127169 0.0169971 0.0196215 0.00691519 0.0119233 0.0390038 
0.735505 0.142376 0.0121866 0.0352776 0.0205733 0.0112642 0.0428173 
0.776282 0.0777282 0.0142969 0.0353135 0.0244712 0.00941926 0.0624886 
0.695426 0.0969283 0.0168589 0.125679 0.00969633 0.00371771 0.0516933 
0.74491 0.0695909 0.0178552 0.0834329 0.0122464 0.00610496 0.0658594 
0.7352 0.0624581 0.025448 0.0624857 0.00572583 0.00487359 0.103809 
0.733827 0.10724 0.016045 0.0641645 0.0149009 0.00896122 0.0548608 
0.240102 0.0477152 0.0730635 0.0934143 0.0703177 0.164779 0.310608 
0.478104 0.0374447 0.105334 0.0114172 0.0300438 0.214715 0.122941 
0.216954 0.0221974 0.165309 0.00284715 0.0155382 0.550833 0.0263212 
0.035556 0.00530634 0.068311 0.00543189 0.00321103 0.851355 0.0308285 
0.245477 0.011376 0.203459 0.0103517 0.0059722 0.0823707 0.440993 
0.681141 0.015782 0.11084 0.00295912 0.00496689 0.11077 0.0735413 
0.477801 0.0312518 0.0580457 0.00552353 0.00387634 0.330738 0.0927645 
0.393701 0.0108018 0.109875 0.00459747 0.00180576 0.386013 0.0932059 
0.257231 0.00660438 0.0987471 6.50504E-4 7.18086E-4 0.590247 0.0458018 
0.0664097 0.00404157 0.0600394 0.00167563 3.05474E-4 0.85513 0.0123987 
0.191952 0.0277862 0.0756246 0.159812 0.00580573 0.477723 0.0612967 
0.577271 0.0340856 0.046363 0.211053 0.00383802 0.0606738 0.0667157 
0.759243 0.0561467 0.0284136 0.117084 0.00311146 0.0204843 0.0155164 
0.872999 0.0197309 0.0329645 0.0169013 0.0019832 0.017649 0.0377717 
0.656136 0.015106 0.0928726 0.0583911 0.00273971 0.134309 0.0404458 
0.406474 0.0161496 0.048048 0.00925202 0.00274359 0.477076 0.040257 
0.336039 0.01653 0.0585634 0.0227242 0.00255125 0.516961 0.046631 
0.379974 0.0190652 0.0918391 0.0630952 0.00326647 0.376118 0.0666422 
0.662847 0.0328248 0.0474236 0.0482826 0.00408328 0.170247 0.0342915 
0.83775 0.0641464 0.0220591 0.0145342 0.00597549 0.0301918 0.0253426 
0.795887 0.0882814 0.0171025 0.018394 0.00531096 0.00548628 0.0695376 
0.827672 0.0776431 0.018286 0.0290564 0.00582175 0.00472651 0.0367944 
0.482454 0.290207 0.0113844 0.143487 0.00766405 0.00338929 0.0614142 
0.501761 0.254659 0.0128147 0.172783 0.00707619 0.00277414 0.0481324 
0.551041 0.207969 0.016581 0.161589 0.00512835 0.00357551 0.0541153 
0.60522 0.190923 0.0127201 0.1459 0.00830536 0.00238097 0.0345508 
0.55512 0.181167 0.0155759 0.181327 0.00630635 0.00213749 0.0583664 
0.518119 0.21416 0.0103036 0.204743 0.0145406 0.00175642 0.0363778 
0.556545 0.208386 0.01211 0.155732 0.0143152 0.00200574 0.0509056 
0.447446 0.285043 0.0086725 0.206344 0.0179559 0.00174244 0.0327963 
0.439596 0.305056 0.00872212 0.201876 0.0151861 0.00182677 0.027737 
0.334399 0.287214 0.0100441 0.336501 0.00873089 0.00196779 0.0211431 
0.233998 0.23676 0.0123646 0.490633 0.00461677 0.00192009 0.0197075 
0.369311 0.242266 0.0126749 0.343374 0.00528244 0.00180397 0.0252874 
0.412229 0.187593 0.0195696 0.350201 0.00302392 0.00174118 0.0256417 
0.440392 0.229807 0.0124429 0.294543 0.0055701 0.00156043 0.0156848 
0.53054 0.0988345 0.018395 0.335921 0.00345883 0.00115295 0.0116979 
0.574387 0.0987011 0.0177365 0.285901 0.00430578 0.00141165 0.0175574 
0.535548 0.124407 0.0134715 0.296959 0.0112017 0.00139147 0.0170211 
0.611828 0.108494 0.0144649 0.238652 0.00887314 0.00158235 0.0161049 
0.652387 0.0887607 0.0166669 0.214464 0.00663705 0.00148191 0.0196026 
0.629418 0.12165 0.0117556 0.201379 0.0164297 0.00193681 0.017431 
0.625693 0.124654 0.013095 0.20517 0.0142536 0.00182399 0.0153114 
0.616944 0.123149 0.013949 0.218555 0.011499 0.00147001 0.0144341 
0.677718 0.105387 0.0162683 0.177544 0.00767627 0.00140164 0.0140058 
0.544792 0.127789 0.0111961 0.290904 0.0119951 0.00158759 0.0117365 
0.564349 0.0914619 0.0136945 0.311209 0.00678708 0.00131766 0.0111805 
0.773717 0.0802999 0.0274287 0.0849712 0.00409535 0.0023289 0.0271594 
0.786717 0.10243 0.0250684 0.0455079 0.00315974 0.00386878 0.0332486 
0.805826 0.0683669 0.0199763 0.0751382 0.00444892 0.00299485 0.0232491 
0.844174 0.0442026 0.0260277 0.0584476 0.00225432 0.00304989 0.0218444 
0.793719 0.0362796 0.026241 0.123414 0.00267298 0.00177523 0.0158984 
