0.866042 0.0175391 0.0519606 0.0311982 0.0108049 0.00121474 0.0212409 
0.862397 0.0140413 0.0553307 0.032027 0.00992113 0.00133637 0.0249467 
0.849316 0.0108856 0.0738221 0.0249195 0.00651167 0.00142112 0.0331244 
0.842905 0.0161577 0.0604309 0.0286364 0.00946556 0.00154871 0.0408558 
0.862258 0.0183926 0.0639026 0.0181815 0.00643385 0.00132637 0.0295049 
0.87603 0.0211485 0.0477967 0.0187259 0.010768 0.00124134 0.0242891 
0.884627 0.0125822 0.0515369 0.0256083 0.00526357 0.0012301 0.0191525 
0.868745 0.0178511 0.0589394 0.0161376 0.00843802 0.00153242 0.0283565 
0.87712 0.0256192 0.0511894 0.00951423 0.0083772 0.00173449 0.0264458 
0.885798 0.0201971 0.0473694 0.0134521 0.0106417 0.00194775 0.020594 
0.868849 0.0176835 0.0526696 0.025128 0.00749045 0.00139268 0.0267867 
0.878992 0.0191332 0.0541159 0.0129808 0.00428672 0.00118703 0.0293046 
0.869609 0.0209028 0.0573439 0.0117685 0.0046151 0.00130337 0.0344578 
0.878147 0.0215208 0.0483537 0.0180368 0.00780143 9.33634E-4 0.0252066 
0.871942 0.0328762 0.037401 0.0214847 0.0145308 0.00107281 0.0206921 
0.882494 0.0288469 0.0334564 0.0192044 0.0175372 0.00119436 0.0172664 
0.88578 0.0263409 0.0370394 0.0231431 0.0120606 0.00120341 0.0144322 
0.879227 0.0281141 0.0491995 0.0148951 0.00667838 0.00139421 0.0204921 
0.864214 0.0203417 0.0612868 0.016891 0.00765306 0.00104823 0.0285652 
0.861719 0.0209473 0.0554632 0.0214443 0.0145156 0.00115036 0.0247607 
0.859149 0.0194226 0.0575014 0.0191338 0.0109793 0.00123232 0.0325811 
0.85972 0.023094 0.0525598 0.0230292 0.0094395 0.00102533 0.0311318 
0.877869 0.0138349 0.0608021 0.0188147 0.005618 0.00121104 0.0218498 
0.878056 0.0192263 0.0533017 0.0177939 0.00725837 0.00151454 0.0228488 
0.874621 0.0119607 0.0691252 0.0147604 0.00419838 9.29753E-4 0.0244046 
0.853419 0.0174651 0.0686574 0.0287256 0.00579247 9.44774E-4 0.0249956 
0.881714 0.0181388 0.0507096 0.0185087 0.00659504 0.00139808 0.0229362 
0.884566 0.0206677 0.0577935 0.0117669 0.00260793 0.00105221 0.0215462 
0.893498 0.018234 0.0405398 0.0242425 0.00735066 0.00114812 0.0149871 
0.875835 0.014902 0.0581296 0.0272485 0.00657189 9.70868E-4 0.0163425 
0.868998 0.0147171 0.0532 0.0409441 0.0064737 8.11393E-4 0.0148559 
0.892134 0.0183487 0.0376051 0.0288791 0.00864224 0.00103333 0.0133573 
0.352588 0.0067639 0.0264094 0.601991 0.00572323 4.57033E-4 0.00606757 
0.00568705 5.74061E-4 0.00103413 0.985952 0.00610963 1.05128E-4 5.38182E-4 
0.00513599 6.80987E-4 9.21381E-4 0.9866 0.00608889 1.21953E-4 4.51133E-4 
0.00714672 6.27312E-4 0.00103752 0.985454 0.00517787 1.07195E-4 4.49393E-4 
0.0135151 0.00101738 0.00242088 0.941217 0.0404225 3.06708E-4 0.00110088 
0.00323617 3.1491E-4 8.35107E-4 0.987712 0.00747259 7.98326E-5 3.49216E-4 
0.00938158 8.88136E-4 0.0019743 0.959763 0.0267487 2.30408E-4 0.00101347 
0.00750667 5.60279E-4 0.00173222 0.972364 0.0169248 1.37584E-4 7.74192E-4 
0.0177744 0.00176497 0.00334177 0.940102 0.0345254 4.53382E-4 0.00203834 
0.00783192 0.00105601 0.00169289 0.9673 0.0210627 2.03267E-4 8.53543E-4 
0.00533788 5.27128E-4 0.00124479 0.980855 0.0113969 1.12058E-4 5.26406E-4 
0.00219977 1.77981E-4 6.55277E-4 0.992124 0.00453894 5.0356E-5 2.53834E-4 
0.00150954 1.80912E-4 5.57224E-4 0.993192 0.00429343 4.89247E-5 2.17532E-4 
0.00266829 2.70074E-4 7.98201E-4 0.98893 0.00696378 7.14565E-5 2.97786E-4 
0.00215272 3.95558E-4 7.14481E-4 0.9885 0.00791403 6.21941E-5 2.61089E-4 
0.00530148 6.89542E-4 0.00137882 0.972963 0.0189047 1.64068E-4 5.98624E-4 
0.00256347 2.10164E-4 7.72104E-4 0.986131 0.00996943 5.46935E-5 2.99367E-4 
0.00359309 3.47716E-4 9.6811E-4 0.984231 0.01035 9.72601E-5 4.12961E-4 
0.00298138 3.02917E-4 8.52296E-4 0.984678 0.010765 7.55853E-5 3.44931E-4 
0.00338961 3.83759E-4 8.54507E-4 0.983704 0.01128 7.25477E-5 3.15826E-4 
0.00344917 2.97524E-4 9.89748E-4 0.983797 0.0109747 7.35833E-5 4.1871E-4 
0.00730021 6.7021E-4 0.00153652 0.968936 0.0206196 1.67854E-4 7.69525E-4 
0.00295404 3.89421E-4 6.4012E-4 0.990642 0.00499651 8.43428E-5 2.93119E-4 
0.898354 0.0178058 0.0571598 0.00670656 0.00216584 0.00185362 0.0159546 
0.87678 0.0200497 0.0241093 0.0545805 0.013595 0.00155401 0.00933133 
0.847042 0.0188579 0.0276402 0.08942 0.007986 0.00130054 0.00775372 
0.853728 0.0235669 0.0227731 0.0707204 0.0172129 0.00166041 0.0103381 
0.839139 0.0171336 0.0242754 0.0925332 0.0170714 0.00129678 0.00855073 
0.852579 0.0186151 0.0240639 0.07768 0.0167208 0.0013765 0.00896495 
0.863958 0.0249285 0.0283779 0.0606828 0.00956047 0.00115892 0.0113331 
0.839737 0.0250946 0.025751 0.090176 0.00939045 0.00117289 0.0086779 
0.838828 0.01766 0.0420763 0.0898449 0.00458214 6.57676E-4 0.006351 
0.815003 0.0188832 0.0250898 0.121689 0.0101117 9.82775E-4 0.00824073 
0.828789 0.0349726 0.0235866 0.0900242 0.0113694 0.00129427 0.00996363 
0.861718 0.0292749 0.0245771 0.0595639 0.0128324 0.00132507 0.0107081 
0.862056 0.0255035 0.0325847 0.059781 0.00979277 9.36716E-4 0.0093456 
0.835278 0.0285616 0.0336752 0.0803019 0.00927948 0.00116956 0.0117343 
0.810974 0.0229176 0.0250562 0.116029 0.0158021 9.31788E-4 0.00828921 
0.849033 0.030351 0.0279141 0.0680443 0.012068 0.00131595 0.0112742 
0.829784 0.0306786 0.0304217 0.0903081 0.00693273 0.00147574 0.0103991 
0.782711 0.0384815 0.020705 0.138926 0.0106014 0.00149239 0.00708251 
0.740729 0.0306152 0.0230637 0.188815 0.00808135 0.0015344 0.00716134 
0.584581 0.0228697 0.0154726 0.35953 0.0102748 0.00104009 0.00623165 
0.0640619 0.0898434 0.0100619 0.812964 0.0133474 0.00180802 0.00791315 
0.101677 0.151114 0.0179508 0.587071 0.0998202 0.00971847 0.0326482 
0.0517237 0.191448 0.00928 0.718867 0.0188693 0.00224554 0.0075668 
0.0400094 0.157837 0.0116695 0.782441 0.00273032 0.00129907 0.0040135 
0.017205 0.0606583 0.0116792 0.907732 7.8774E-4 6.34401E-4 0.00130283 
0.0287791 0.69508 0.0650683 0.13887 0.00397326 0.0521784 0.0160508 
0.0247478 0.723688 0.0767492 0.0892955 0.00515288 0.0623936 0.0179735 
0.0444323 0.532394 0.108071 0.191704 0.00922146 0.0847002 0.0294769 
0.0261753 0.0732822 0.0224324 0.861391 0.00238005 0.0075194 0.00681968 
0.0190002 0.0153558 0.00303893 0.958529 0.00180093 7.59408E-4 0.00151549 
0.0888945 0.0120073 0.00469786 0.887334 0.00496062 4.04597E-4 0.00170166 
0.126211 0.00803768 0.00598127 0.855036 0.00331091 2.47915E-4 0.00117515 
0.222469 0.0122883 0.00902681 0.687381 0.0613218 8.95042E-4 0.00661841 
0.191297 0.007946 0.00846212 0.776859 0.0120386 3.13586E-4 0.0030838 
0.274599 0.0154812 0.0101976 0.662954 0.0297932 8.28694E-4 0.00614625 
0.256122 0.00937845 0.0101247 0.712486 0.00732226 5.44002E-4 0.00402215 
0.353191 0.0165675 0.018547 0.60225 0.00358909 5.07581E-4 0.00534799 
0.313729 0.00650779 0.0390568 0.629056 0.00173308 3.98493E-4 0.00951939 
0.289111 0.0129917 0.00793842 0.669114 0.0151439 6.48728E-4 0.00505267 
0.133373 0.0988667 0.00915113 0.229251 0.507399 0.0126924 0.00926746 
0.186254 0.127055 0.0118851 0.214441 0.433081 0.0158614 0.0114226 
0.171462 0.170592 0.0127724 0.316857 0.261983 0.0576246 0.00870883 
0.321244 0.333455 0.00661494 0.0827761 0.173314 0.080076 0.00251915 
0.63152 0.21381 0.0118266 0.05819 0.0568827 0.0255369 0.00223421 
0.635674 0.254354 0.0118166 0.0407985 0.027397 0.0273562 0.00260423 
0.709132 0.191531 0.0173698 0.0336739 0.0186449 0.0251118 0.00453664 
0.731484 0.0914151 0.0131235 0.108885 0.0416381 0.00928225 0.00417265 
0.78513 0.0919693 0.0164168 0.0687813 0.0275906 0.00561915 0.00449278 
0.763402 0.128085 0.0277497 0.0399792 0.0130935 0.0232948 0.00439629 
0.697094 0.164507 0.0192543 0.0572146 0.0352435 0.0218912 0.00479524 
0.737826 0.135277 0.0180502 0.0694636 0.0197137 0.0141489 0.00551979 
0.821189 0.0844357 0.0167377 0.05273 0.0130018 0.00611547 0.0057902 
0.814715 0.0881946 0.0165099 0.0538064 0.0158396 0.00370119 0.00723368 
0.764488 0.133788 0.0137372 0.0470135 0.026125 0.00647071 0.00837807 
0.716863 0.0900474 0.0115137 0.104676 0.0643595 0.00488469 0.00765559 
0.695677 0.0870755 0.00998445 0.084329 0.108689 0.00635397 0.0078909 
0.768163 0.10525 0.0121676 0.0677945 0.0343487 0.00499434 0.00728099 
0.610803 0.099611 0.00907906 0.100469 0.16508 0.0063181 0.00863981 
0.623073 0.0678408 0.00890467 0.171406 0.116849 0.00407051 0.00785662 
0.713288 0.0871817 0.0133797 0.151966 0.0260174 0.00235842 0.00580831 
0.749268 0.0676846 0.0117461 0.105091 0.0553887 0.00227532 0.00854648 
0.720004 0.0915722 0.0113698 0.0913054 0.0706287 0.00369159 0.0114286 
0.758431 0.072293 0.0136726 0.0959326 0.0452701 0.00289052 0.0115106 
0.735947 0.0715691 0.0119394 0.118125 0.0486396 0.00241441 0.0113649 
0.659752 0.0662879 0.0114451 0.202584 0.0477917 0.00196621 0.0101733 
0.0743352 0.0129453 0.00339496 0.745954 0.157899 0.00134119 0.00413067 
0.016242 0.00152471 5.81917E-4 0.84041 0.140371 2.7844E-4 5.91867E-4 
0.0114821 0.00109306 6.36521E-4 0.910617 0.0755571 1.57474E-4 4.56945E-4 
0.00994735 7.94089E-4 6.33196E-4 0.904271 0.0838291 1.25412E-4 4.00125E-4 
0.011404 7.8479E-4 3.44578E-4 0.663912 0.323132 1.18505E-4 3.04066E-4 
0.00803238 4.52096E-4 5.67149E-4 0.932419 0.0581096 8.7627E-5 3.3193E-4 
0.0103987 7.49786E-4 7.02905E-4 0.908743 0.07883 1.03314E-4 4.71929E-4 
0.0160512 0.00129964 6.98177E-4 0.845657 0.135442 2.01364E-4 6.51452E-4 
0.0174003 0.0015015 8.4472E-4 0.86319 0.116031 2.53643E-4 7.78071E-4 
0.0155413 0.00144457 5.85572E-4 0.846004 0.13564 1.79947E-4 6.04599E-4 
0.00758179 7.99132E-4 5.33687E-4 0.951244 0.0393814 9.96548E-5 3.60346E-4 
0.00768229 8.67993E-4 6.46884E-4 0.956125 0.0341346 1.13365E-4 4.29451E-4 
0.00351104 5.05437E-4 5.09899E-4 0.981494 0.0136147 5.10252E-5 3.14205E-4 
0.284526 0.0270942 0.00808161 0.614295 0.0569548 0.00103084 0.00801727 
0.252985 0.0181967 0.00755269 0.685796 0.0297063 7.08539E-4 0.0050549 
0.432039 0.0267479 0.00837258 0.457826 0.0671205 0.00119334 0.00670061 
0.412059 0.0288335 0.0107306 0.483846 0.0545004 0.00169832 0.00833159 
0.53007 0.0228078 0.0141621 0.397775 0.0266132 0.00160118 0.0069706 
0.504059 0.0345244 0.0104566 0.396265 0.0458103 0.00173177 0.0071527 
0.587487 0.0284004 0.01411 0.323536 0.036147 0.00114814 0.00917171 
0.624443 0.0343443 0.0162961 0.226948 0.0881713 0.00196609 0.00783171 
0.652752 0.213419 0.0126801 0.0369597 0.0694948 0.0110983 0.00359655 
0.492575 0.353966 0.0408271 0.00456021 0.0296275 0.0682606 0.0101837 
0.493082 0.288704 0.0587799 0.0160133 0.0419415 0.0918813 0.00959812 
0.396992 0.251287 0.067613 0.0314134 0.117496 0.124882 0.0103163 
0.340929 0.292228 0.0579957 0.0288262 0.13237 0.138039 0.00961222 
0.594437 0.0909236 0.0325931 0.058247 0.0517191 0.167181 0.0049001 
0.720464 0.0238588 0.028526 0.180083 0.024061 0.0157964 0.00721008 
0.778114 0.0217301 0.0582008 0.0653858 0.00508579 0.0613277 0.010156 
0.133373 0.0988667 0.00915113 0.229251 0.507399 0.0126924 0.00926746 
0.186254 0.127055 0.0118851 0.214441 0.433081 0.0158614 0.0114226 
0.171462 0.170592 0.0127724 0.316857 0.261983 0.0576246 0.00870883 
0.321244 0.333455 0.00661494 0.0827761 0.173314 0.080076 0.00251915 
0.63152 0.21381 0.0118266 0.05819 0.0568827 0.0255369 0.00223421 
0.635674 0.254354 0.0118166 0.0407985 0.027397 0.0273562 0.00260423 
0.709132 0.191531 0.0173698 0.0336739 0.0186449 0.0251118 0.00453664 
0.731484 0.0914151 0.0131235 0.108885 0.0416381 0.00928225 0.00417265 
0.78513 0.0919693 0.0164168 0.0687813 0.0275906 0.00561915 0.00449278 
0.763402 0.128085 0.0277497 0.0399792 0.0130935 0.0232948 0.00439629 
0.697094 0.164507 0.0192543 0.0572146 0.0352435 0.0218912 0.00479524 
0.737826 0.135277 0.0180502 0.0694636 0.0197137 0.0141489 0.00551979 
0.821189 0.0844357 0.0167377 0.05273 0.0130018 0.00611547 0.0057902 
0.814715 0.0881946 0.0165099 0.0538064 0.0158396 0.00370119 0.00723368 
0.764488 0.133788 0.0137372 0.0470135 0.026125 0.00647071 0.00837807 
0.716863 0.0900474 0.0115137 0.104676 0.0643595 0.00488469 0.00765559 
0.695677 0.0870755 0.00998445 0.084329 0.108689 0.00635397 0.0078909 
0.768163 0.10525 0.0121676 0.0677945 0.0343487 0.00499434 0.00728099 
0.610803 0.099611 0.00907906 0.100469 0.16508 0.0063181 0.00863981 
0.623073 0.0678408 0.00890467 0.171406 0.116849 0.00407051 0.00785662 
0.713288 0.0871817 0.0133797 0.151966 0.0260174 0.00235842 0.00580831 
0.749268 0.0676846 0.0117461 0.105091 0.0553887 0.00227532 0.00854648 
0.720004 0.0915722 0.0113698 0.0913054 0.0706287 0.00369159 0.0114286 
0.758431 0.072293 0.0136726 0.0959326 0.0452701 0.00289052 0.0115106 
0.735947 0.0715691 0.0119394 0.118125 0.0486396 0.00241441 0.0113649 
0.659752 0.0662879 0.0114451 0.202584 0.0477917 0.00196621 0.0101733 
0.0743352 0.0129453 0.00339496 0.745954 0.157899 0.00134119 0.00413067 
0.016242 0.00152471 5.81917E-4 0.84041 0.140371 2.7844E-4 5.91867E-4 
0.0114821 0.00109306 6.36521E-4 0.910617 0.0755571 1.57474E-4 4.56945E-4 
0.00994735 7.94089E-4 6.33196E-4 0.904271 0.0838291 1.25412E-4 4.00125E-4 
0.011404 7.8479E-4 3.44578E-4 0.663912 0.323132 1.18505E-4 3.04066E-4 
0.00803238 4.52096E-4 5.67149E-4 0.932419 0.0581096 8.7627E-5 3.3193E-4 
0.0103987 7.49786E-4 7.02905E-4 0.908743 0.07883 1.03314E-4 4.71929E-4 
0.0160512 0.00129964 6.98177E-4 0.845657 0.135442 2.01364E-4 6.51452E-4 
0.0174003 0.0015015 8.4472E-4 0.86319 0.116031 2.53643E-4 7.78071E-4 
0.0155413 0.00144457 5.85572E-4 0.846004 0.13564 1.79947E-4 6.04599E-4 
0.00758179 7.99132E-4 5.33687E-4 0.951244 0.0393814 9.96548E-5 3.60346E-4 
0.00768229 8.67993E-4 6.46884E-4 0.956125 0.0341346 1.13365E-4 4.29451E-4 
0.00351104 5.05437E-4 5.09899E-4 0.981494 0.0136147 5.10252E-5 3.14205E-4 
0.284526 0.0270942 0.00808161 0.614295 0.0569548 0.00103084 0.00801727 
0.252985 0.0181967 0.00755269 0.685796 0.0297063 7.08539E-4 0.0050549 
0.432039 0.0267479 0.00837258 0.457826 0.0671205 0.00119334 0.00670061 
0.412059 0.0288335 0.0107306 0.483846 0.0545004 0.00169832 0.00833159 
0.806254 0.03956 0.0136449 0.109941 0.0207072 0.00265433 0.00723811 
0.849272 0.0395298 0.0193475 0.070103 0.00966281 0.00215567 0.00992927 
0.890518 0.0226963 0.0264409 0.0413299 0.00651157 0.00221023 0.0102933 
0.881972 0.016049 0.0233356 0.0562039 0.014543 0.00139048 0.00650615 
0.859996 0.0234492 0.0202094 0.0735821 0.0140552 0.00141136 0.00729641 
0.892846 0.0302027 0.023693 0.0305144 0.00862205 0.00212815 0.0119941 
0.892889 0.0323714 0.0236357 0.0242796 0.00932633 0.00212931 0.0153689 
0.811769 0.0475917 0.0130366 0.0698022 0.0413248 0.00279723 0.0136787 
0.845599 0.0683064 0.0168138 0.0273667 0.0183975 0.00256949 0.0209472 
0.822924 0.0537165 0.0145424 0.0681039 0.0262943 0.00274945 0.0116695 
0.837602 0.0456498 0.0157986 0.0583244 0.0236908 0.00290182 0.0160323 
0.829777 0.0501779 0.0183122 0.0556314 0.0259628 0.00240886 0.0177302 
0.771999 0.0675507 0.0135058 0.0783624 0.0502242 0.00290568 0.0154519 
0.778575 0.0887643 0.0176717 0.044958 0.0389533 0.00362823 0.0274496 
0.823195 0.06283 0.0178133 0.046348 0.0333801 0.00416576 0.012268 
0.839265 0.0463808 0.0342985 0.0362834 0.0290155 0.00479215 0.00996496 
0.805015 0.0831717 0.0421707 0.0144112 0.0274599 0.016329 0.0114428 
0.791144 0.0829315 0.0521335 0.0128992 0.0181977 0.0334055 0.00928881 
0.780834 0.0906439 0.0689617 0.00622919 0.010343 0.0334953 0.009493 
0.797355 0.0312949 0.0654728 0.00936112 0.00452521 0.0855732 0.00641769 
0.744762 0.0341299 0.0725164 0.0108566 0.00324818 0.129451 0.00503632 
0.566957 0.0266 0.0577704 0.014976 0.0016338 0.326862 0.00520008 
0.538288 0.0264238 0.0643576 0.0308676 0.00192229 0.333185 0.00495602 
0.792803 0.032937 0.0637236 0.0210208 0.00405149 0.081461 0.00400291 
0.781355 0.0633972 0.0692038 0.0130404 0.0129108 0.0534177 0.00667537 
0.751643 0.0953873 0.0676067 0.00904502 0.0158863 0.0515727 0.00885862 
0.843403 0.0585972 0.0420142 0.00946871 0.0114691 0.0226443 0.0124033 
0.832581 0.0537467 0.0527294 0.0118946 0.012742 0.0218661 0.0144403 
0.828198 0.0585752 0.0577772 0.0137277 0.0124345 0.0152187 0.0140688 
0.856018 0.0268658 0.0791806 0.0221985 0.00746042 0.00217798 0.00609909 
0.870511 0.0296766 0.0447503 0.034293 0.00957241 0.00527326 0.00592317 
0.861987 0.0466756 0.0423004 0.024215 0.0115409 0.0066586 0.00662275 
0.851474 0.0452244 0.0391185 0.0387129 0.0123407 0.00578123 0.00734836 
0.798537 0.0966137 0.0446414 0.0271243 0.0157373 0.00627413 0.0110718 
0.79275 0.115903 0.0416457 0.0193867 0.00980515 0.00789307 0.0126168 
0.800871 0.0910376 0.0466544 0.0167958 0.0192066 0.0113011 0.0141333 
0.797039 0.0798484 0.057551 0.0227905 0.0119307 0.0168655 0.0139753 
0.794765 0.0847219 0.0598018 0.0143924 0.0189558 0.0151769 0.0121863 
0.809477 0.0625148 0.0767703 0.0151763 0.0056446 0.0147019 0.0157152 
0.789884 0.0694921 0.0744732 0.0147612 0.0140097 0.0180309 0.0193485 
0.816278 0.0611137 0.0623436 0.0232788 0.00952275 0.0121957 0.0152676 
0.774535 0.0849164 0.0796437 0.0096237 0.0193815 0.018431 0.0134687 
0.561617 0.0741464 0.27121 0.00161023 0.00591349 0.0699863 0.0155158 
0.525187 0.102319 0.230894 0.00281789 0.0107791 0.114128 0.0138753 
0.665448 0.0286333 0.20278 0.00297068 0.00657606 0.0849254 0.00866668 
0.744428 0.0213748 0.129175 0.0198592 0.00370304 0.0761414 0.00531843 
0.739071 0.0280494 0.0938991 0.0657665 0.00754586 0.0586822 0.00698637 
0.782599 0.0425518 0.103961 0.00802782 0.0101324 0.0374195 0.0153076 
0.764387 0.0578412 0.125525 0.00344652 0.00372282 0.0292098 0.0158677 
0.828386 0.0171606 0.102352 0.00847407 0.00294275 0.0315648 0.00911954 
0.841105 0.0201701 0.0970474 0.0113828 0.00313714 0.0199552 0.00720219 
0.803585 0.0690422 0.0717091 0.00625573 0.00878557 0.0302149 0.0104071 
0.790463 0.0610198 0.0779579 0.0086084 0.0175581 0.0298457 0.0145472 
0.775197 0.0804669 0.0657848 0.0082421 0.0135641 0.0436331 0.0131119 
0.828202 0.0420406 0.0680691 0.00641923 0.00925424 0.0305704 0.0154447 
0.86365 0.037988 0.0498752 0.00900942 0.00945601 0.0132549 0.0167665 
0.862459 0.0435035 0.0293356 0.0336819 0.0104104 0.00541772 0.0151922 
0.806254 0.03956 0.0136449 0.109941 0.0207072 0.00265433 0.00723811 
0.849272 0.0395298 0.0193475 0.070103 0.00966281 0.00215567 0.00992927 
0.890518 0.0226963 0.0264409 0.0413299 0.00651157 0.00221023 0.0102933 
0.881972 0.016049 0.0233356 0.0562039 0.014543 0.00139048 0.00650615 
0.859996 0.0234492 0.0202094 0.0735821 0.0140552 0.00141136 0.00729641 
0.892846 0.0302027 0.023693 0.0305144 0.00862205 0.00212815 0.0119941 
0.892889 0.0323714 0.0236357 0.0242796 0.00932633 0.00212931 0.0153689 
0.811769 0.0475917 0.0130366 0.0698022 0.0413248 0.00279723 0.0136787 
0.845599 0.0683064 0.0168138 0.0273667 0.0183975 0.00256949 0.0209472 
0.822924 0.0537165 0.0145424 0.0681039 0.0262943 0.00274945 0.0116695 
0.837602 0.0456498 0.0157986 0.0583244 0.0236908 0.00290182 0.0160323 
0.829777 0.0501779 0.0183122 0.0556314 0.0259628 0.00240886 0.0177302 
0.771999 0.0675507 0.0135058 0.0783624 0.0502242 0.00290568 0.0154519 
0.778575 0.0887643 0.0176717 0.044958 0.0389533 0.00362823 0.0274496 
0.823195 0.06283 0.0178133 0.046348 0.0333801 0.00416576 0.012268 
0.839265 0.0463808 0.0342985 0.0362834 0.0290155 0.00479215 0.00996496 
0.805015 0.0831717 0.0421707 0.0144112 0.0274599 0.016329 0.0114428 
0.791144 0.0829315 0.0521335 0.0128992 0.0181977 0.0334055 0.00928881 
0.780834 0.0906439 0.0689617 0.00622919 0.010343 0.0334953 0.009493 
0.797355 0.0312949 0.0654728 0.00936112 0.00452521 0.0855732 0.00641769 
0.744762 0.0341299 0.0725164 0.0108566 0.00324818 0.129451 0.00503632 
0.566957 0.0266 0.0577704 0.014976 0.0016338 0.326862 0.00520008 
0.538288 0.0264238 0.0643576 0.0308676 0.00192229 0.333185 0.00495602 
0.792803 0.032937 0.0637236 0.0210208 0.00405149 0.081461 0.00400291 
0.781355 0.0633972 0.0692038 0.0130404 0.0129108 0.0534177 0.00667537 
0.751643 0.0953873 0.0676067 0.00904502 0.0158863 0.0515727 0.00885862 
0.843403 0.0585972 0.0420142 0.00946871 0.0114691 0.0226443 0.0124033 
0.832581 0.0537467 0.0527294 0.0118946 0.012742 0.0218661 0.0144403 
0.828198 0.0585752 0.0577772 0.0137277 0.0124345 0.0152187 0.0140688 
0.856018 0.0268658 0.0791806 0.0221985 0.00746042 0.00217798 0.00609909 
0.870511 0.0296766 0.0447503 0.034293 0.00957241 0.00527326 0.00592317 
0.861987 0.0466756 0.0423004 0.024215 0.0115409 0.0066586 0.00662275 
0.851474 0.0452244 0.0391185 0.0387129 0.0123407 0.00578123 0.00734836 
0.798537 0.0966137 0.0446414 0.0271243 0.0157373 0.00627413 0.0110718 
0.79275 0.115903 0.0416457 0.0193867 0.00980515 0.00789307 0.0126168 
0.800871 0.0910376 0.0466544 0.0167958 0.0192066 0.0113011 0.0141333 
0.797039 0.0798484 0.057551 0.0227905 0.0119307 0.0168655 0.0139753 
0.794765 0.0847219 0.0598018 0.0143924 0.0189558 0.0151769 0.0121863 
0.809477 0.0625148 0.0767703 0.0151763 0.0056446 0.0147019 0.0157152 
0.789884 0.0694921 0.0744732 0.0147612 0.0140097 0.0180309 0.0193485 
0.816278 0.0611137 0.0623436 0.0232788 0.00952275 0.0121957 0.0152676 
0.774535 0.0849164 0.0796437 0.0096237 0.0193815 0.018431 0.0134687 
0.561617 0.0741464 0.27121 0.00161023 0.00591349 0.0699863 0.0155158 
0.525187 0.102319 0.230894 0.00281789 0.0107791 0.114128 0.0138753 
0.665448 0.0286333 0.20278 0.00297068 0.00657606 0.0849254 0.00866668 
0.744428 0.0213748 0.129175 0.0198592 0.00370304 0.0761414 0.00531843 
0.739071 0.0280494 0.0938991 0.0657665 0.00754586 0.0586822 0.00698637 
0.782599 0.0425518 0.103961 0.00802782 0.0101324 0.0374195 0.0153076 
0.764387 0.0578412 0.125525 0.00344652 0.00372282 0.0292098 0.0158677 
0.828386 0.0171606 0.102352 0.00847407 0.00294275 0.0315648 0.00911954 
0.841105 0.0201701 0.0970474 0.0113828 0.00313714 0.0199552 0.00720219 
0.803585 0.0690422 0.0717091 0.00625573 0.00878557 0.0302149 0.0104071 
0.790463 0.0610198 0.0779579 0.0086084 0.0175581 0.0298457 0.0145472 
0.775197 0.0804669 0.0657848 0.0082421 0.0135641 0.0436331 0.0131119 
0.828202 0.0420406 0.0680691 0.00641923 0.00925424 0.0305704 0.0154447 
0.86365 0.037988 0.0498752 0.00900942 0.00945601 0.0132549 0.0167665 
0.862459 0.0435035 0.0293356 0.0336819 0.0104104 0.00541772 0.0151922 
0.869968 0.0343402 0.0221656 0.0445759 0.016777 0.00134988 0.0108234 
0.881895 0.0334104 0.0264862 0.0316452 0.00887066 0.00179407 0.015898 
0.853015 0.0249407 0.0328656 0.00723259 0.00861677 0.00753279 0.065797 
0.884452 0.0151043 0.0337419 0.0272898 0.0137803 0.00302915 0.0226022 
0.844128 0.0145935 0.0417155 0.0546794 0.0122879 0.00161603 0.0309795 
0.875356 0.0204166 0.0366356 0.0379791 0.00645925 0.00141103 0.021742 
0.843171 0.0223041 0.0188448 0.0676716 0.034925 0.00174545 0.0113382 
0.839213 0.0206789 0.020123 0.0769732 0.0278472 0.00169071 0.0134741 
0.876027 0.0189784 0.0287791 0.0496805 0.0102871 0.00148592 0.0147621 
0.8758 0.019341 0.0200963 0.0459917 0.0259188 0.00187583 0.0109766 
0.890983 0.0193542 0.0280388 0.040017 0.0107939 0.00147048 0.00934306 
0.879058 0.0209252 0.0250568 0.0478037 0.0146567 0.00161421 0.0108852 
0.868206 0.0260037 0.0227682 0.0618636 0.012837 0.0014441 0.00687706 
0.867671 0.0331556 0.0192834 0.0440409 0.0216135 0.00237028 0.011865 
0.872157 0.0218719 0.0246164 0.0596826 0.0114444 0.00178045 0.00844765 
0.883113 0.0220166 0.0228204 0.0457915 0.0127852 0.0019225 0.0115506 
0.857533 0.0300523 0.0200368 0.0661427 0.0149306 0.00193434 0.00936979 
0.872802 0.038258 0.0171962 0.0316247 0.0266933 0.002638 0.0107873 
0.873915 0.0416421 0.0165352 0.0311726 0.0223361 0.0028592 0.0115394 
0.893976 0.0260735 0.0226742 0.0294078 0.0126419 0.00213453 0.0130919 
0.875605 0.0305163 0.0158492 0.0310369 0.0326019 0.00231854 0.0120717 
0.863531 0.0294817 0.0186663 0.0487002 0.0243518 0.00134177 0.013927 
0.848173 0.0554038 0.0174554 0.0359463 0.0188997 0.00239871 0.0217227 
0.880119 0.0269577 0.0218321 0.0458513 0.013244 0.00152823 0.0104675 
0.822728 0.0551587 0.0139122 0.0538713 0.0386293 0.00209459 0.013606 
0.859328 0.0575218 0.0136095 0.0320718 0.0189462 0.00284659 0.0156757 
0.902888 0.0248726 0.0192376 0.0291067 0.0105052 0.00183658 0.0115529 
0.86263 0.0492049 0.0174485 0.036807 0.0176282 0.00217402 0.0141077 
0.806254 0.03956 0.0136449 0.109941 0.0207072 0.00265433 0.00723811 
0.849272 0.0395298 0.0193475 0.070103 0.00966281 0.00215567 0.00992927 
0.890518 0.0226963 0.0264409 0.0413299 0.00651157 0.00221023 0.0102933 
0.881972 0.016049 0.0233356 0.0562039 0.014543 0.00139048 0.00650615 
0.859996 0.0234492 0.0202094 0.0735821 0.0140552 0.00141136 0.00729641 
0.892846 0.0302027 0.023693 0.0305144 0.00862205 0.00212815 0.0119941 
0.892889 0.0323714 0.0236357 0.0242796 0.00932633 0.00212931 0.0153689 
0.811769 0.0475917 0.0130366 0.0698022 0.0413248 0.00279723 0.0136787 
0.845599 0.0683064 0.0168138 0.0273667 0.0183975 0.00256949 0.0209472 
0.822924 0.0537165 0.0145424 0.0681039 0.0262943 0.00274945 0.0116695 
0.837602 0.0456498 0.0157986 0.0583244 0.0236908 0.00290182 0.0160323 
0.829777 0.0501779 0.0183122 0.0556314 0.0259628 0.00240886 0.0177302 
0.771999 0.0675507 0.0135058 0.0783624 0.0502242 0.00290568 0.0154519 
0.778575 0.0887643 0.0176717 0.044958 0.0389533 0.00362823 0.0274496 
0.823195 0.06283 0.0178133 0.046348 0.0333801 0.00416576 0.012268 
0.839265 0.0463808 0.0342985 0.0362834 0.0290155 0.00479215 0.00996496 
0.805015 0.0831717 0.0421707 0.0144112 0.0274599 0.016329 0.0114428 
0.791144 0.0829315 0.0521335 0.0128992 0.0181977 0.0334055 0.00928881 
0.780834 0.0906439 0.0689617 0.00622919 0.010343 0.0334953 0.009493 
0.797355 0.0312949 0.0654728 0.00936112 0.00452521 0.0855732 0.00641769 
0.744762 0.0341299 0.0725164 0.0108566 0.00324818 0.129451 0.00503632 
0.566957 0.0266 0.0577704 0.014976 0.0016338 0.326862 0.00520008 
0.538288 0.0264238 0.0643576 0.0308676 0.00192229 0.333185 0.00495602 
0.792803 0.032937 0.0637236 0.0210208 0.00405149 0.081461 0.00400291 
0.781355 0.0633972 0.0692038 0.0130404 0.0129108 0.0534177 0.00667537 
0.751643 0.0953873 0.0676067 0.00904502 0.0158863 0.0515727 0.00885862 
0.843403 0.0585972 0.0420142 0.00946871 0.0114691 0.0226443 0.0124033 
0.832581 0.0537467 0.0527294 0.0118946 0.012742 0.0218661 0.0144403 
0.828198 0.0585752 0.0577772 0.0137277 0.0124345 0.0152187 0.0140688 
0.856018 0.0268658 0.0791806 0.0221985 0.00746042 0.00217798 0.00609909 
0.870511 0.0296766 0.0447503 0.034293 0.00957241 0.00527326 0.00592317 
0.861987 0.0466756 0.0423004 0.024215 0.0115409 0.0066586 0.00662275 
0.851474 0.0452244 0.0391185 0.0387129 0.0123407 0.00578123 0.00734836 
0.798537 0.0966137 0.0446414 0.0271243 0.0157373 0.00627413 0.0110718 
0.79275 0.115903 0.0416457 0.0193867 0.00980515 0.00789307 0.0126168 
0.800871 0.0910376 0.0466544 0.0167958 0.0192066 0.0113011 0.0141333 
0.797039 0.0798484 0.057551 0.0227905 0.0119307 0.0168655 0.0139753 
0.794765 0.0847219 0.0598018 0.0143924 0.0189558 0.0151769 0.0121863 
0.809477 0.0625148 0.0767703 0.0151763 0.0056446 0.0147019 0.0157152 
0.789884 0.0694921 0.0744732 0.0147612 0.0140097 0.0180309 0.0193485 
0.816278 0.0611137 0.0623436 0.0232788 0.00952275 0.0121957 0.0152676 
0.774535 0.0849164 0.0796437 0.0096237 0.0193815 0.018431 0.0134687 
0.561617 0.0741464 0.27121 0.00161023 0.00591349 0.0699863 0.0155158 
0.525187 0.102319 0.230894 0.00281789 0.0107791 0.114128 0.0138753 
0.665448 0.0286333 0.20278 0.00297068 0.00657606 0.0849254 0.00866668 
0.744428 0.0213748 0.129175 0.0198592 0.00370304 0.0761414 0.00531843 
0.739071 0.0280494 0.0938991 0.0657665 0.00754586 0.0586822 0.00698637 
0.782599 0.0425518 0.103961 0.00802782 0.0101324 0.0374195 0.0153076 
0.764387 0.0578412 0.125525 0.00344652 0.00372282 0.0292098 0.0158677 
0.828386 0.0171606 0.102352 0.00847407 0.00294275 0.0315648 0.00911954 
0.841105 0.0201701 0.0970474 0.0113828 0.00313714 0.0199552 0.00720219 
0.803585 0.0690422 0.0717091 0.00625573 0.00878557 0.0302149 0.0104071 
0.790463 0.0610198 0.0779579 0.0086084 0.0175581 0.0298457 0.0145472 
0.775197 0.0804669 0.0657848 0.0082421 0.0135641 0.0436331 0.0131119 
0.828202 0.0420406 0.0680691 0.00641923 0.00925424 0.0305704 0.0154447 
0.86365 0.037988 0.0498752 0.00900942 0.00945601 0.0132549 0.0167665 
0.862459 0.0435035 0.0293356 0.0336819 0.0104104 0.00541772 0.0151922 
0.84186 0.0347761 0.017407 0.0788413 0.0183128 0.00161255 0.00718987 
0.804808 0.0592316 0.01693 0.0786789 0.0285822 0.00178065 0.00998902 
0.815914 0.0471809 0.017093 0.0868537 0.0219573 0.00207038 0.00893071 
0.822275 0.033787 0.0207527 0.0927521 0.01891 0.00159389 0.0099293 
0.843333 0.0308743 0.0216775 0.0771998 0.0171372 0.00149106 0.00828765 
0.817947 0.0432986 0.0173844 0.0767198 0.0332857 0.00215008 0.00921468 
0.786852 0.0483837 0.0165244 0.095792 0.0402812 0.0025648 0.00960171 
0.778766 0.0375223 0.0167345 0.12567 0.0317671 0.00167626 0.00786478 
0.752667 0.053124 0.015504 0.119625 0.0456954 0.00284519 0.0105394 
0.819558 0.0404798 0.018205 0.0775738 0.0323484 0.00221065 0.00962469 
0.829095 0.0348781 0.0186512 0.0819787 0.024932 0.00203002 0.00843551 
0.854378 0.0267958 0.0207083 0.059918 0.027059 0.00208438 0.0090569 
0.835485 0.0496077 0.0189053 0.0558972 0.0276244 0.00253386 0.0099467 
0.841768 0.0205132 0.0211023 0.0820939 0.0239515 0.00210577 0.00846522 
0.866335 0.0256731 0.0256935 0.0488318 0.019044 0.0019648 0.0124575 
0.863705 0.0192389 0.0293044 0.0622843 0.0133125 0.00179752 0.0103579 
0.832194 0.0222465 0.02596 0.0888153 0.0188874 0.00185313 0.0100435 
0.87237 0.0255925 0.030878 0.0440357 0.0125221 0.00237863 0.0122229 
0.843009 0.0181679 0.0392188 0.0756653 0.00875505 0.00143229 0.0137515 
0.855394 0.0214801 0.0404913 0.0544219 0.00921976 0.00162548 0.0173673 
0.882361 0.0185088 0.0410873 0.033975 0.00909462 0.00153545 0.0134376 
0.852161 0.0151962 0.0414934 0.0658967 0.00984389 0.00160213 0.0138068 
0.867809 0.0195614 0.0305823 0.0611726 0.00864212 0.00177119 0.0104618 
0.864091 0.0179156 0.0329215 0.0578958 0.0162535 0.00145605 0.00946644 
0.858042 0.0142436 0.0399051 0.0631327 0.0129246 0.00167321 0.0100786 
0.874917 0.0219337 0.0368831 0.0380241 0.0125087 0.00173644 0.0139966 
0.880954 0.0250485 0.0289702 0.0321638 0.017066 0.00199943 0.0137982 
0.894526 0.0278793 0.0275198 0.0264348 0.0118841 0.00181869 0.00993747 
0.89458 0.0189588 0.0265645 0.0330789 0.0140948 0.0023468 0.0103766 
0.864989 0.0238151 0.0218275 0.0500579 0.0276143 0.00221169 0.00948411 
0.885646 0.017239 0.0266836 0.0427142 0.0184336 0.00143904 0.00784427 
0.866136 0.0168969 0.0310287 0.0632756 0.0136814 0.00153376 0.00744809 
0.885173 0.0178552 0.0400288 0.0375942 0.00636182 0.00134673 0.0116406 
0.882401 0.0194703 0.0370528 0.0413437 0.00795185 0.00162921 0.0101509 
0.879534 0.0192198 0.0408654 0.0267509 0.00900117 0.00190537 0.0227231 
0.878934 0.0212992 0.0363021 0.028694 0.0114409 0.00206502 0.0212649 
0.869333 0.0169818 0.0555136 0.0231331 0.00438144 0.00179741 0.0288598 
0.852358 0.0132898 0.0671099 0.0308815 0.00675461 0.0016054 0.0280012 
0.874042 0.0159813 0.0640369 0.0167301 0.00453615 0.0023471 0.0223266 
0.874343 0.0200147 0.058022 0.0145152 0.00625284 0.00209503 0.0247573 
0.881614 0.0135567 0.0505883 0.0217854 0.00501589 0.00222777 0.0252123 
0.869062 0.0143702 0.0529342 0.0347705 0.00865658 0.00187388 0.0183328 
0.871343 0.0155797 0.0511971 0.0374113 0.00647386 9.98649E-4 0.0169969 
0.888366 0.0186424 0.0623759 0.00543796 0.0053408 0.00142696 0.0184098 
0.854063 0.0132332 0.0334449 0.0774942 0.0154473 0.00127206 0.00504506 
0.812278 0.0654328 0.0324701 0.01409 0.0334151 0.00220244 0.0401114 
0.851262 0.0210765 0.0305478 0.0719636 0.0149152 0.00130101 0.00893344 
0.874093 0.0186044 0.0291129 0.0441503 0.0210701 0.00156865 0.0114002 
0.880928 0.0191456 0.0387521 0.0420455 0.0087234 0.00123619 0.00916925 
0.87415 0.0130038 0.0411463 0.0472147 0.0122943 0.00177061 0.0104206 
0.873795 0.0181487 0.0456996 0.0279192 0.0168806 0.00149675 0.0160606 
0.857536 0.0279331 0.0492697 0.026618 0.00859936 0.00168707 0.0283566 
0.864269 0.0170596 0.0442815 0.0381417 0.0153849 0.00139967 0.0194636 
0.863722 0.017597 0.0425606 0.0405739 0.0149036 0.00150882 0.0191339 
0.866491 0.0238098 0.058982 0.0183139 0.00672008 0.00160416 0.0240791 
0.823527 0.0277329 0.0311164 0.0772634 0.0224431 0.00255223 0.015365 
0.859898 0.0236776 0.045179 0.0364095 0.0133792 0.00229828 0.0191581 
0.707337 0.0397154 0.0180123 0.184641 0.0402125 0.00149146 0.00858957 
0.191951 0.0260317 0.0121544 0.761124 0.0049655 8.57022E-4 0.00291587 
0.76897 0.0358658 0.0210547 0.137836 0.0278767 0.0011605 0.00723606 
0.244588 0.0122334 0.0154019 0.719054 0.00635753 3.27921E-4 0.00203715 
0.519019 0.012805 0.0292716 0.425747 0.00906639 5.4964E-4 0.0035407 
0.698536 0.022641 0.0286291 0.235069 0.00956941 7.93773E-4 0.00476241 
0.569778 0.022618 0.0231218 0.366555 0.0116705 7.84344E-4 0.00547248 
0.636945 0.0143167 0.0309522 0.298268 0.0123817 7.40786E-4 0.00639535 
0.697237 0.0139483 0.0391275 0.228166 0.0122326 5.64271E-4 0.00872396 
0.642903 0.0127094 0.031684 0.291971 0.0140475 6.05404E-4 0.00607921 
0.681038 0.0181579 0.0250141 0.253495 0.015489 8.97377E-4 0.00590827 
0.699528 0.0170162 0.0279313 0.227391 0.0197126 8.53488E-4 0.00756752 
0.507095 0.0225409 0.0187881 0.423881 0.0195744 9.42616E-4 0.00717804 
0.701311 0.0126176 0.0442441 0.219636 0.0110623 6.98807E-4 0.0104293 
0.597918 0.0104683 0.0455066 0.326544 0.00854375 6.50862E-4 0.0103689 
0.7096 0.0134971 0.0411209 0.214404 0.00993636 6.2713E-4 0.0108141 
0.698602 0.0137862 0.0327169 0.232837 0.011438 6.54821E-4 0.00996462 
0.600138 0.0131042 0.0320218 0.340398 0.00766742 5.7721E-4 0.00609274 
0.669106 0.0135405 0.0327572 0.270279 0.00773617 7.26308E-4 0.0058549 
0.629624 0.0212811 0.0319504 0.299674 0.00825115 7.92307E-4 0.00842728 
0.630031 0.0201678 0.0260691 0.304182 0.0103223 8.92137E-4 0.00833605 
0.700479 0.0150281 0.035239 0.22866 0.00980315 7.10259E-4 0.01008 
0.651545 0.013623 0.0328005 0.281954 0.010764 6.77836E-4 0.00863576 
0.714774 0.0137136 0.0287046 0.208765 0.0231152 8.26466E-4 0.0101012 
0.7088 0.0152052 0.0277421 0.225348 0.0140614 6.87227E-4 0.00815655 
0.744881 0.0172781 0.0313282 0.188294 0.0102726 6.35581E-4 0.00731038 
0.785837 0.0189333 0.0513814 0.122523 0.00592701 7.08877E-4 0.0146895 
0.737736 0.0199527 0.030851 0.1904 0.00999956 8.30972E-4 0.0102293 
0.714578 0.0277923 0.0262031 0.210205 0.0128364 7.56999E-4 0.00762758 
0.770385 0.0243538 0.0260688 0.149369 0.0190045 9.12146E-4 0.00990695 
0.820716 0.0257749 0.0333636 0.0853275 0.0145473 9.0444E-4 0.0193664 
0.852024 0.0254821 0.0350455 0.0624235 0.0126279 9.29849E-4 0.0114675 
0.848626 0.0238775 0.0512144 0.0553584 0.00737228 7.52733E-4 0.0127984 
0.83256 0.0245776 0.0480434 0.0759091 0.00440063 7.34562E-4 0.0137743 
0.834117 0.0204771 0.0367048 0.0859416 0.00901301 9.31951E-4 0.0128149 
0.865509 0.0216177 0.0299145 0.0549328 0.0137773 0.0011228 0.013126 
0.861938 0.0198028 0.0358793 0.0605099 0.0115272 0.0010179 0.00932492 
0.849437 0.012155 0.0548654 0.0627417 0.00997933 9.43035E-4 0.00987904 
0.868214 0.0147736 0.0450619 0.0504017 0.00930973 0.0011025 0.0111365 
0.843939 0.0133703 0.0574828 0.057181 0.00991749 8.3927E-4 0.0172705 
0.844436 0.00996787 0.0740237 0.0432892 0.00655365 8.79835E-4 0.0208493 
0.84326 0.0106193 0.064491 0.0607637 0.00532016 9.01571E-4 0.014644 
0.825143 0.00920865 0.068583 0.0730991 0.0054664 8.57938E-4 0.017642 
0.837315 0.0133617 0.0706372 0.0544042 0.00575263 8.97731E-4 0.0176312 
0.831073 0.0110372 0.0615525 0.0728721 0.00908698 6.79831E-4 0.0136988 
0.851816 0.0113967 0.0551243 0.0526627 0.00870964 9.52745E-4 0.0193375 
0.87511 0.0117141 0.0522816 0.0309808 0.0100793 0.00141813 0.018416 
0.833926 0.0111158 0.0672639 0.0605929 0.0131472 0.00131382 0.0126399 
0.675888 0.00519628 0.258707 0.0387714 0.00250511 0.00117233 0.0177604 
0.510715 0.00228165 0.435702 0.00464774 3.1337E-4 0.0023754 0.0439655 
0.553378 0.00264348 0.33777 4.3005E-4 3.87846E-4 0.00216521 0.103226 
0.629232 0.00508551 0.284923 6.9417E-4 4.66516E-4 0.00346816 0.0761301 
0.598415 0.00593335 0.267052 4.70849E-4 2.89411E-4 0.00336447 0.124475 
0.589988 0.00853036 0.185055 8.9908E-4 4.84064E-4 0.0019552 0.213088 
0.805891 0.00879582 0.141934 0.00855827 8.25253E-4 0.0012777 0.0327179 
0.861283 0.0115393 0.079208 0.0236914 0.00204978 8.10752E-4 0.0214177 
0.85943 0.0137856 0.0688517 0.0287001 0.00668078 9.60569E-4 0.021591 
