0.905595 0.027272 0.0289816 0.0124931 0.00793014 0.00184068 0.0158873 
0.901488 0.0217647 0.0328275 0.00892748 0.0104393 0.00166956 0.0228835 
0.873254 0.0194144 0.0502301 0.005901 0.00476779 0.00188384 0.0445489 
0.889185 0.0235683 0.0328388 0.0119439 0.0145438 0.00182786 0.0260922 
0.886716 0.0289224 0.0381908 0.0126335 0.00971902 0.00118316 0.0226355 
0.875441 0.029881 0.0291179 0.00887941 0.0159448 0.00249067 0.0382453 
0.893274 0.016521 0.0471951 0.0086501 0.00768649 0.00135632 0.0253165 
0.874219 0.0188207 0.0479342 0.00931119 0.0109943 0.00145585 0.0372652 
0.890793 0.0241823 0.0394727 0.00848007 0.00960061 0.00162746 0.0258434 
0.858496 0.0283828 0.0495286 0.0136766 0.00650698 0.00113912 0.0422697 
0.896008 0.0212637 0.0311951 0.0259108 0.0106321 0.00132143 0.013669 
0.892357 0.0213771 0.030754 0.0200257 0.0154845 0.00128673 0.0187149 
0.876602 0.02083 0.0400581 0.012808 0.0122034 0.00169313 0.0358049 
0.874044 0.0253799 0.0339164 0.0177338 0.0125598 0.00188464 0.0344818 
0.873897 0.0228417 0.0330237 0.0198489 0.0231801 0.0018023 0.0254065 
0.86136 0.027274 0.0318487 0.019511 0.0245406 0.00157862 0.0338874 
0.871107 0.0232766 0.031797 0.0204954 0.0173849 0.0016697 0.0342696 
0.868251 0.0165005 0.0349789 0.00979224 0.0254524 0.00251914 0.0425062 
0.865543 0.0211598 0.0430052 0.00795948 0.0121627 0.00156867 0.048601 
0.76434 0.0320817 0.0600374 0.0109369 0.0082469 0.00144105 0.122917 
0.746272 0.0335996 0.0599109 0.0100082 0.0076905 0.00171791 0.140801 
0.835313 0.0368722 0.041088 0.0205434 0.012898 0.00138933 0.0518964 
0.800658 0.0341499 0.0580433 0.0210296 0.00950686 0.00125922 0.075353 
0.781257 0.0421164 0.0527503 0.0176451 0.00733578 0.00152025 0.0973748 
0.827241 0.0383076 0.0459158 0.0129181 0.0135052 0.0017164 0.0603954 
0.845921 0.0218885 0.0510209 0.01106 0.0105132 0.00135791 0.0582382 
0.848845 0.0175458 0.0532838 0.014312 0.00572377 0.00113744 0.0591526 
0.858329 0.0159085 0.047937 0.0183256 0.00599762 0.00122508 0.052277 
0.846294 0.0156049 0.0585952 0.0172397 0.00539578 0.00110652 0.0557644 
0.78421 0.0213498 0.0694397 0.0204993 0.00547626 0.00104395 0.0979807 
0.722683 0.0225839 0.0764155 0.0199901 0.00929207 0.00116233 0.147873 
0.770323 0.0196267 0.0641101 0.0234115 0.00662558 0.001093 0.11481 
0.801161 0.0191484 0.0549164 0.0229019 0.00564838 0.00133201 0.0948916 
0.748074 0.0156762 0.0739758 0.0287838 0.00440995 0.00108921 0.127991 
0.824089 0.0106482 0.061763 0.0606403 0.00482615 7.9958E-4 0.0372339 
0.748931 0.0144517 0.08174 0.0509923 0.00387269 9.63964E-4 0.0990486 
0.797585 0.0127989 0.0808154 0.0332568 0.00348451 8.54142E-4 0.0712058 
0.78064 0.00943518 0.102474 0.0391191 0.00197365 9.48609E-4 0.06541 
0.726396 0.0173512 0.0927558 0.0312618 0.00193805 0.00133918 0.128958 
0.80192 0.00953378 0.0886031 0.0216331 0.00181568 9.84311E-4 0.0755097 
0.789914 0.0110789 0.0871473 0.0622985 0.00352815 9.01624E-4 0.0451312 
0.850062 0.0104572 0.0574167 0.0252626 0.00673933 8.6195E-4 0.0492002 
0.829396 0.0136789 0.0624453 0.0226802 0.00676774 8.48454E-4 0.0641837 
0.842505 0.0126409 0.0582033 0.0137185 0.0117893 0.00187325 0.0592702 
0.823411 0.0116207 0.0734121 0.00977796 0.00405219 0.0013878 0.0763383 
0.870872 0.012615 0.0492878 0.0139139 0.00889603 0.00150969 0.0429052 
0.700375 0.0136286 0.0835349 0.00887301 0.00385768 0.001323 0.188408 
0.72955 0.0170549 0.0777635 0.0118609 0.0091188 0.00133556 0.153316 
0.782397 0.0168264 0.0655302 0.0151207 0.0136775 0.00127278 0.105175 
0.708479 0.0219579 0.0827496 0.0104819 0.00664809 0.00144236 0.168241 
0.803725 0.0155001 0.0705132 0.0138464 0.0057423 0.00111319 0.08956 
0.874336 0.0118094 0.0418365 0.0233347 0.0191357 0.00108743 0.0284604 
0.874605 0.0110769 0.0404632 0.0236453 0.0231515 0.00149733 0.0255612 
0.842028 0.013941 0.0462538 0.0255132 0.0231864 0.00135563 0.0477216 
0.861349 0.0190152 0.0419012 0.00882134 0.0159573 0.00181923 0.0511366 
0.86358 0.0165372 0.0460062 0.00756963 0.0136388 0.00188681 0.0507812 
0.813487 0.0315587 0.0392042 0.0102068 0.0190955 0.00258418 0.0838639 
0.877943 0.0222102 0.03715 0.0118931 0.0144512 0.00196618 0.034386 
0.858493 0.0235549 0.0447614 0.00886674 0.0117993 0.00218107 0.0503434 
0.827124 0.0202487 0.0582369 0.00728704 0.00719545 0.00187813 0.0780297 
0.724292 0.0300628 0.0657374 0.00778492 0.00374429 0.00224836 0.166131 
0.705268 0.0387841 0.0556923 0.00600585 0.00593089 0.00288705 0.185432 
0.775911 0.0492864 0.0412825 0.00699388 0.0100424 0.00290488 0.113579 
0.825375 0.0339005 0.047327 0.00799995 0.00665129 0.00224144 0.076505 
0.829737 0.0261432 0.0576015 0.00947198 0.00491465 0.00143154 0.0707002 
0.854849 0.0205479 0.0495894 0.00580645 0.0115183 0.00223414 0.0554545 
0.847023 0.0181433 0.052681 0.0124923 0.0133201 0.00142901 0.0549116 
0.863246 0.0197112 0.040174 0.0112427 0.0150976 0.0019372 0.0485909 
0.842507 0.0283633 0.0444887 0.011204 0.0134748 0.00177678 0.0581859 
0.84367 0.0286794 0.0395513 0.0102354 0.0157831 0.00236526 0.0597151 
0.844461 0.0270388 0.0433867 0.00768403 0.0093974 0.00238038 0.0656519 
0.847445 0.0268241 0.0462588 0.00886784 0.00748906 0.00158806 0.061527 
0.855381 0.0262235 0.0455846 0.0106115 0.00885831 0.00161804 0.0517235 
0.815487 0.0160545 0.0672473 0.012332 0.00500071 0.00113495 0.0827431 
0.765455 0.021892 0.0615267 0.011247 0.00510829 0.00143557 0.133336 
0.674784 0.0181785 0.0703774 0.00803249 0.00310717 0.00185998 0.22366 
0.802049 0.0253628 0.0520739 0.00968898 0.00675501 0.00162957 0.102441 
0.793767 0.02382 0.0558167 0.0167812 0.00736565 0.00129734 0.101152 
0.814777 0.0255158 0.0516792 0.00991598 0.00556946 0.00181344 0.0907297 
0.769523 0.0408856 0.0483726 0.0101709 0.00990534 0.00178784 0.119355 
0.792839 0.0341449 0.0472471 0.0125584 0.0102528 0.00166866 0.101289 
0.798954 0.0287492 0.0469119 0.0222093 0.012417 0.00152376 0.0892344 
0.214169 0.00507482 0.0231629 0.73542 0.0137746 3.68301E-4 0.00803073 
0.483574 0.0104223 0.0433129 0.423399 0.0168544 0.00114232 0.0212941 
0.345852 0.00867844 0.0235949 0.567553 0.0382081 8.08275E-4 0.015306 
0.203003 0.00743285 0.0125771 0.728983 0.0401474 7.72553E-4 0.00708388 
0.0537162 0.00280631 0.00614163 0.906231 0.0262898 3.17773E-4 0.00449735 
0.121783 0.00481859 0.00687886 0.808835 0.0522732 5.53702E-4 0.00485749 
0.067781 0.00499161 0.005622 0.879988 0.0362108 4.90818E-4 0.00491534 
0.0654561 0.00403665 0.00591255 0.891041 0.0290467 4.48745E-4 0.00405872 
0.0394667 0.00261715 0.00338222 0.931433 0.020625 3.04029E-4 0.00217207 
0.0993147 0.00574603 0.00615761 0.819811 0.0626638 7.75077E-4 0.00553142 
0.140388 0.00505324 0.00845468 0.798218 0.0410708 5.80082E-4 0.00623533 
0.147126 0.00829047 0.00886745 0.773961 0.0542043 0.00102785 0.0065223 
0.0696835 0.00269148 0.00542511 0.893163 0.0260718 3.38437E-4 0.00262698 
0.0852928 0.0027827 0.0090724 0.88436 0.0146958 3.42369E-4 0.00345361 
0.0721629 0.00301069 0.00791406 0.90025 0.0121637 2.65793E-4 0.004233 
0.861349 0.0190152 0.0419012 0.00882134 0.0159573 0.00181923 0.0511366 
0.86358 0.0165372 0.0460062 0.00756963 0.0136388 0.00188681 0.0507812 
0.813487 0.0315587 0.0392042 0.0102068 0.0190955 0.00258418 0.0838639 
0.877943 0.0222102 0.03715 0.0118931 0.0144512 0.00196618 0.034386 
0.858493 0.0235549 0.0447614 0.00886674 0.0117993 0.00218107 0.0503434 
0.827124 0.0202487 0.0582369 0.00728704 0.00719545 0.00187813 0.0780297 
0.724292 0.0300628 0.0657374 0.00778492 0.00374429 0.00224836 0.166131 
0.705268 0.0387841 0.0556923 0.00600585 0.00593089 0.00288705 0.185432 
0.775911 0.0492864 0.0412825 0.00699388 0.0100424 0.00290488 0.113579 
0.825375 0.0339005 0.047327 0.00799995 0.00665129 0.00224144 0.076505 
0.829737 0.0261432 0.0576015 0.00947198 0.00491465 0.00143154 0.0707002 
0.854849 0.0205479 0.0495894 0.00580645 0.0115183 0.00223414 0.0554545 
0.847023 0.0181433 0.052681 0.0124923 0.0133201 0.00142901 0.0549116 
0.863246 0.0197112 0.040174 0.0112427 0.0150976 0.0019372 0.0485909 
0.842507 0.0283633 0.0444887 0.011204 0.0134748 0.00177678 0.0581859 
0.84367 0.0286794 0.0395513 0.0102354 0.0157831 0.00236526 0.0597151 
0.844461 0.0270388 0.0433867 0.00768403 0.0093974 0.00238038 0.0656519 
0.847445 0.0268241 0.0462588 0.00886784 0.00748906 0.00158806 0.061527 
0.855381 0.0262235 0.0455846 0.0106115 0.00885831 0.00161804 0.0517235 
0.815487 0.0160545 0.0672473 0.012332 0.00500071 0.00113495 0.0827431 
0.765455 0.021892 0.0615267 0.011247 0.00510829 0.00143557 0.133336 
0.674784 0.0181785 0.0703774 0.00803249 0.00310717 0.00185998 0.22366 
0.802049 0.0253628 0.0520739 0.00968898 0.00675501 0.00162957 0.102441 
0.793767 0.02382 0.0558167 0.0167812 0.00736565 0.00129734 0.101152 
0.814777 0.0255158 0.0516792 0.00991598 0.00556946 0.00181344 0.0907297 
0.769523 0.0408856 0.0483726 0.0101709 0.00990534 0.00178784 0.119355 
0.792839 0.0341449 0.0472471 0.0125584 0.0102528 0.00166866 0.101289 
0.798954 0.0287492 0.0469119 0.0222093 0.012417 0.00152376 0.0892344 
0.214169 0.00507482 0.0231629 0.73542 0.0137746 3.68301E-4 0.00803073 
0.483574 0.0104223 0.0433129 0.423399 0.0168544 0.00114232 0.0212941 
0.345852 0.00867844 0.0235949 0.567553 0.0382081 8.08275E-4 0.015306 
0.203003 0.00743285 0.0125771 0.728983 0.0401474 7.72553E-4 0.00708388 
0.0537162 0.00280631 0.00614163 0.906231 0.0262898 3.17773E-4 0.00449735 
0.121783 0.00481859 0.00687886 0.808835 0.0522732 5.53702E-4 0.00485749 
0.067781 0.00499161 0.005622 0.879988 0.0362108 4.90818E-4 0.00491534 
0.0654561 0.00403665 0.00591255 0.891041 0.0290467 4.48745E-4 0.00405872 
0.0394667 0.00261715 0.00338222 0.931433 0.020625 3.04029E-4 0.00217207 
0.0993147 0.00574603 0.00615761 0.819811 0.0626638 7.75077E-4 0.00553142 
0.140388 0.00505324 0.00845468 0.798218 0.0410708 5.80082E-4 0.00623533 
0.147126 0.00829047 0.00886745 0.773961 0.0542043 0.00102785 0.0065223 
0.0696835 0.00269148 0.00542511 0.893163 0.0260718 3.38437E-4 0.00262698 
0.0852928 0.0027827 0.0090724 0.88436 0.0146958 3.42369E-4 0.00345361 
0.0721629 0.00301069 0.00791406 0.90025 0.0121637 2.65793E-4 0.004233 
0.0845343 0.00305029 0.00725295 0.888151 0.0129132 2.21272E-4 0.00387739 
0.0627954 0.00288574 0.00465634 0.908543 0.0182891 2.84233E-4 0.00254613 
0.0738085 0.00316706 0.00301392 0.881298 0.0363078 4.28759E-4 0.00197616 
0.0745707 0.0030217 0.00324379 0.858629 0.0567183 5.41412E-4 0.0032753 
0.0675925 0.00268295 0.00335889 0.913532 0.00969152 2.45731E-4 0.00289638 
0.111147 0.00471107 0.00507422 0.856454 0.0141155 3.97056E-4 0.00810202 
0.225688 0.0173181 0.00568672 0.697999 0.041284 0.00123351 0.0107904 
0.174479 0.0100108 0.00492388 0.751177 0.048461 8.35606E-4 0.0101129 
0.699292 0.024373 0.018036 0.152527 0.0400994 0.00329934 0.0623738 
0.402015 0.0881185 0.00506612 0.401293 0.0948439 0.00339022 0.00527323 
0.0977655 0.151617 0.0163211 0.328598 0.368926 0.0190078 0.0177647 
0.0900118 0.152128 0.0164784 0.294975 0.407368 0.0235454 0.0154932 
0.0950437 0.178237 0.0121469 0.221466 0.458543 0.0201474 0.0144162 
0.300027 0.31392 0.0044904 0.21131 0.141388 0.0218149 0.00704952 
0.283309 0.226156 0.00425654 0.302211 0.159566 0.0180732 0.00642841 
0.234587 0.295474 0.0044964 0.17296 0.269143 0.0143717 0.00896743 
0.137912 0.25114 0.00575363 0.158957 0.42157 0.0158907 0.0087777 
0.125775 0.170733 0.0092372 0.203991 0.461354 0.0182919 0.0106176 
0.119154 0.357155 0.00641534 0.14541 0.346142 0.0173227 0.00840052 
0.119504 0.358145 0.00688109 0.175111 0.31381 0.0180802 0.00846959 
0.0657889 0.448464 0.00235249 0.0886884 0.377093 0.0135917 0.00402092 
0.0488635 0.494346 0.00149995 0.0744584 0.365909 0.0125769 0.00234566 
0.0583612 0.424751 0.00328327 0.115691 0.376328 0.0174716 0.00411464 
0.0581715 0.595114 0.00227128 0.105958 0.219681 0.01575 0.00305463 
0.0972715 0.530058 0.0032581 0.138403 0.211316 0.0155941 0.0040992 
0.0837734 0.143341 0.00478704 0.163487 0.5817 0.0173543 0.00555709 
0.126623 0.0891851 0.00264879 0.0954545 0.666461 0.0156701 0.00395784 
0.143029 0.0642531 0.00287864 0.112973 0.66292 0.0100394 0.00390728 
0.181824 0.0737497 0.00324423 0.132972 0.590144 0.013361 0.00470573 
0.235626 0.112721 0.00481315 0.228721 0.39765 0.0138404 0.0066283 
0.195872 0.102807 0.00475028 0.250794 0.426227 0.0136704 0.00588008 
0.215311 0.135723 0.00662707 0.25112 0.368087 0.0151143 0.00801789 
0.140248 0.112045 0.0059044 0.23083 0.492045 0.0114493 0.00747733 
0.164912 0.125369 0.00545572 0.462553 0.225523 0.0099614 0.00622651 
0.188555 0.112613 0.0055072 0.358863 0.3178 0.0103473 0.00631443 
0.154026 0.090646 0.00462095 0.241167 0.493612 0.0107638 0.00516415 
0.19782 0.0723274 0.0041368 0.278921 0.432454 0.00974295 0.00459729 
0.207883 0.085228 0.00413785 0.324595 0.364522 0.0087852 0.00484914 
0.290695 0.193959 0.00649703 0.185241 0.302346 0.0129555 0.00830685 
0.231611 0.180108 0.00753281 0.157242 0.400636 0.0133654 0.00950537 
0.188068 0.112306 0.00595806 0.128804 0.544975 0.0127198 0.00716908 
0.351851 0.272271 0.00555793 0.125585 0.224151 0.0120254 0.00855877 
0.315347 0.310719 0.00480244 0.108938 0.240573 0.0116645 0.00795544 
0.276466 0.298977 0.00490863 0.0736548 0.324655 0.0125303 0.00880825 
0.339529 0.227999 0.00582124 0.134956 0.270673 0.0131614 0.0078608 
0.229845 0.22883 0.00502533 0.105709 0.408691 0.0139207 0.00797935 
0.203111 0.218381 0.00457372 0.099306 0.452635 0.0147015 0.00729174 
0.196753 0.208203 0.00472877 0.0754655 0.493638 0.0136959 0.00751601 
0.159409 0.142806 0.0044282 0.0679425 0.607356 0.0111301 0.00692801 
0.182464 0.140615 0.00496432 0.0925993 0.560053 0.0119925 0.00731182 
0.144803 0.100675 0.00403258 0.0687174 0.666042 0.00937569 0.00635349 
0.194237 0.265019 0.00384389 0.0684109 0.448117 0.0133248 0.00704781 
0.268441 0.259634 0.00545236 0.0855127 0.35883 0.0125838 0.00954651 
0.268025 0.151917 0.00653873 0.0850859 0.466494 0.0122223 0.00971748 
0.199555 0.0874389 0.00506968 0.0879279 0.604387 0.00860218 0.0070201 
0.408487 0.222564 0.00705899 0.0959573 0.243968 0.0105727 0.0113927 
0.37644 0.170271 0.00785547 0.0935472 0.326702 0.0112014 0.0139827 
0.324683 0.27455 0.00836586 0.0655693 0.296411 0.0112105 0.0192103 
0.497972 0.368331 0.00642501 0.0409557 0.0597243 0.00753784 0.0190551 
0.620043 0.211873 0.00841702 0.0545134 0.0810835 0.00587271 0.0181977 
0.618407 0.248678 0.00799475 0.0488238 0.0573791 0.00512103 0.0135968 
0.532533 0.154854 0.00703588 0.0774594 0.206605 0.0110251 0.0104877 
0.608391 0.255843 0.00726043 0.0603658 0.0521312 0.00453318 0.0114752 
0.74372 0.116239 0.00957494 0.0770117 0.0413375 0.00536455 0.0067527 
0.646447 0.15598 0.00800163 0.12969 0.0490272 0.00405181 0.00680237 
0.56823 0.244643 0.0061712 0.0955279 0.0708069 0.00618325 0.00843765 
0.517435 0.180938 0.00655326 0.136451 0.142949 0.00801076 0.00766293 
0.477245 0.240883 0.00486868 0.172786 0.0907378 0.00813728 0.00534128 
0.376897 0.258585 0.00581245 0.17794 0.164157 0.0105182 0.00609023 
0.347232 0.404479 0.00367217 0.09522 0.13426 0.0106732 0.00446447 
0.38948 0.417187 0.00355618 0.0898675 0.084516 0.0109151 0.0044778 
0.497804 0.191028 0.00560771 0.207358 0.0843025 0.00894823 0.0049517 
0.585899 0.224006 0.00643465 0.112239 0.0536325 0.0100681 0.00772029 
0.701411 0.123351 0.00819564 0.0946124 0.0590874 0.00652699 0.00681573 
0.609985 0.141044 0.00683767 0.104914 0.118548 0.010145 0.0085266 
0.709402 0.129371 0.00872374 0.079501 0.0573507 0.00609342 0.00955888 
0.629084 0.158372 0.00791826 0.097446 0.0915415 0.0071422 0.00849601 
0.719758 0.110047 0.00929193 0.104054 0.0453296 0.00491641 0.0066028 
0.738941 0.100093 0.00976229 0.064568 0.0722549 0.00679678 0.00758455 
0.726662 0.110055 0.00961164 0.0831029 0.0560604 0.00645621 0.0080515 
0.705549 0.0990242 0.0108216 0.131894 0.0433708 0.00320426 0.00613526 
0.784506 0.0986619 0.016708 0.0583535 0.0292397 0.00348293 0.00904756 
0.83379 0.0373913 0.020812 0.0652453 0.0325357 0.0032181 0.00700707 
0.817919 0.0303643 0.0263918 0.0842183 0.0301013 0.00244735 0.00855811 
0.819774 0.0223235 0.0257805 0.0752905 0.0419183 0.00209827 0.0128153 
0.781375 0.0216621 0.0261238 0.119048 0.0374682 0.00245781 0.011865 
0.724268 0.0271507 0.0179638 0.147743 0.0699574 0.00207916 0.0108381 
0.745642 0.0290822 0.0151904 0.132953 0.0677279 0.00198376 0.00742144 
0.807755 0.038119 0.0135251 0.0718652 0.0587073 0.00276622 0.00726214 
0.824931 0.0410799 0.0163477 0.0456889 0.0596111 0.00276661 0.00957461 
0.809361 0.0258994 0.0165507 0.0758675 0.0628626 0.00195317 0.00750537 
0.701187 0.0431104 0.013796 0.126596 0.103932 0.00196212 0.00941644 
0.747309 0.031266 0.0173858 0.126912 0.0666803 0.00181123 0.00863615 
0.78608 0.0232747 0.0173057 0.0860641 0.0753137 0.00207091 0.00989058 
0.817954 0.0414328 0.0141202 0.0582911 0.0555063 0.0030914 0.00960419 
0.786669 0.0483468 0.0143365 0.0451755 0.0891644 0.00358134 0.0127261 
0.809692 0.0582479 0.0164282 0.0515401 0.0496256 0.00374575 0.0107201 
0.759531 0.075466 0.0122166 0.06454 0.0744577 0.00361552 0.0101728 
0.777934 0.0646653 0.0139417 0.0655618 0.0648704 0.0033949 0.00963133 
0.802277 0.0650144 0.015187 0.050061 0.0533815 0.00304094 0.0110385 
0.734631 0.0630172 0.0128952 0.126043 0.0521377 0.00267085 0.00860503 
0.70146 0.0979491 0.0110991 0.107709 0.0689612 0.00342075 0.0094017 
0.658222 0.112373 0.0106058 0.0975534 0.105323 0.00488572 0.0110366 
0.676939 0.115176 0.010322 0.0848251 0.0981695 0.00436194 0.0102063 
0.672702 0.100227 0.0118523 0.0868841 0.111426 0.00478316 0.0121257 
0.639456 0.0824532 0.00915054 0.0955101 0.159136 0.00534354 0.00895039 
0.701391 0.0544867 0.0102321 0.0896442 0.131702 0.00439676 0.00814748 
0.69811 0.0746306 0.0108438 0.075214 0.126872 0.00466718 0.00966238 
0.735882 0.0700706 0.0121068 0.0675791 0.101212 0.00325458 0.0098951 
0.801777 0.0532544 0.0127271 0.0454328 0.0738598 0.00379252 0.00915681 
0.785705 0.0657415 0.0124164 0.0519895 0.0723746 0.00307875 0.00869395 
0.705269 0.0773176 0.00974286 0.0545339 0.139498 0.00445649 0.00918224 
0.834578 0.0489714 0.0141949 0.0335831 0.0576425 0.003116 0.00791415 
0.880395 0.0217 0.0257659 0.0478473 0.0159347 0.00209594 0.00626098 
0.730424 0.0106359 0.0164928 0.198043 0.0379894 0.00197888 0.00443601 
0.843156 0.0322958 0.0182247 0.0739451 0.0268317 0.00151953 0.00402666 
0.839354 0.0508156 0.0180226 0.0431418 0.036326 0.00296467 0.00937495 
0.875241 0.0318553 0.0244507 0.0319806 0.0241271 0.00242117 0.00992388 
0.882251 0.0283349 0.0263061 0.0378968 0.0161375 0.00155781 0.00751555 
0.88064 0.0264951 0.0244124 0.0407485 0.018122 0.00136671 0.00821541 
0.89737 0.0204516 0.0299844 0.0285261 0.0144852 0.00141008 0.00777284 
0.882601 0.0228621 0.0315118 0.0325798 0.016992 0.00133563 0.012118 
0.859925 0.021457 0.0411276 0.0552658 0.00983038 0.00108484 0.0113092 
0.876509 0.018072 0.0465603 0.0340659 0.0102499 0.00115729 0.0133861 
0.878215 0.0187739 0.0383458 0.0379955 0.0157921 0.00138241 0.00949527 
0.875231 0.0259897 0.0284088 0.0308511 0.0258909 0.00156173 0.0120666 
0.866585 0.0201644 0.0418746 0.0375473 0.0169972 0.00149662 0.0153345 
0.866759 0.0317256 0.0312063 0.0320811 0.0220998 0.00167695 0.0144507 
0.867886 0.0209381 0.0424968 0.0331931 0.0179733 0.00161029 0.0159029 
0.885743 0.0190674 0.0500944 0.0164562 0.00673348 0.00148759 0.0204183 
0.864837 0.0192821 0.0654618 0.0184663 0.00592986 0.00134955 0.0246738 
0.868485 0.0229653 0.0519512 0.0143821 0.00706914 0.0015981 0.0335488 
0.891717 0.022218 0.0494089 0.0150353 0.0050357 0.00149549 0.0150892 
0.890762 0.012121 0.059537 0.015963 0.0023367 0.00121155 0.0180683 
0.885292 0.0184649 0.0415323 0.022373 0.0139661 0.00127511 0.0170963 
0.880664 0.0203713 0.0431721 0.0284459 0.00794114 0.00142451 0.0179813 
0.884884 0.0165704 0.0443622 0.0306706 0.00905718 0.00141311 0.0130429 
0.873167 0.0177153 0.039662 0.0478328 0.00890906 0.00168591 0.0110277 
0.871708 0.0166119 0.0410501 0.0440526 0.0140331 0.00153968 0.0110049 
0.884389 0.0148697 0.0400337 0.0411682 0.00825931 0.00209524 0.00918447 
0.893657 0.0235579 0.0388352 0.0180634 0.0113104 0.00175544 0.0128203 
0.878886 0.0250397 0.0380347 0.0226259 0.0183899 0.00147603 0.0155477 
0.883627 0.02499 0.0359112 0.0215142 0.0181866 0.00143082 0.0143401 
0.872336 0.0207364 0.0459582 0.0295394 0.0133518 0.00100352 0.0170746 
0.877286 0.0241739 0.0519163 0.0185184 0.0113963 0.00100891 0.0157004 
0.882096 0.0226873 0.0540244 0.0199032 0.00538023 0.00120392 0.0147049 
0.875509 0.00927874 0.0782352 0.0186032 0.00290165 0.00142244 0.01405 
0.448663 0.0157802 0.071154 0.411956 0.012965 0.0264036 0.0130777 
0.65026 0.00796646 0.221787 0.0564888 0.011112 0.0100497 0.0423356 
0.821097 0.0180229 0.120948 0.00488347 0.00523127 0.00505553 0.024762 
0.845253 0.00727481 0.0974311 0.00856747 0.0116329 0.0032266 0.0266142 
0.856489 0.0103245 0.086073 0.0094771 0.00323948 0.00322306 0.0311734 
0.825471 0.00792814 0.116563 0.00608415 0.00288044 0.00428265 0.0367903 
0.868468 0.0108024 0.0676148 0.0213476 0.0133002 0.00254026 0.015927 
0.784346 0.00561667 0.112146 0.0727149 0.00709021 0.00228157 0.0158044 
0.838734 0.0087711 0.0548574 0.062332 0.023656 0.00429516 0.00735392 
0.842681 0.00994494 0.108592 0.0125927 0.00380928 0.00213791 0.0202426 
0.88673 0.0168903 0.0333203 0.0341775 0.0199915 0.00169115 0.00719967 
0.881459 0.0126487 0.0516053 0.0269947 0.00643782 0.00184327 0.0190109 
0.883954 0.00951287 0.0516446 0.0321889 0.00548666 0.0015017 0.0157114 
0.876228 0.00983217 0.0498822 0.0413793 0.00441723 0.00164393 0.0166173 
0.878081 0.0122502 0.044368 0.0429703 0.0044107 0.00132871 0.016591 
0.88213 0.0196108 0.0222266 0.0461721 0.0144301 0.00144008 0.0139905 
0.873929 0.025463 0.0280937 0.0488977 0.00549146 0.0016273 0.0164978 
0.801748 0.0552941 0.0183484 0.0753445 0.028696 0.00145131 0.0191177 
0.70928 0.084713 0.0143831 0.133052 0.0449972 0.00181563 0.0117595 
0.751008 0.0728485 0.0170545 0.113529 0.0262406 0.00161599 0.0177037 
0.843968 0.031344 0.0196873 0.0701205 0.0192672 0.00107102 0.0145419 
0.723946 0.0193313 0.0335253 0.19834 0.00835621 0.0010705 0.0154305 
0.837035 0.0170027 0.0323173 0.0937983 0.00422205 0.00102047 0.0146042 
0.89975 0.0165809 0.0310329 0.0315843 0.00439407 0.00159988 0.015058 
0.89159 0.0172846 0.0256601 0.0468234 0.00703704 0.0014634 0.0101413 
0.893202 0.0148895 0.0364274 0.0327606 0.00453614 0.00121915 0.0169649 
0.881473 0.0127362 0.0396825 0.0366328 0.00445269 0.00186704 0.0231562 
0.866752 0.0189985 0.0438335 0.0300433 0.00657437 0.00143778 0.0323609 
0.835843 0.0122497 0.0643277 0.0249119 0.00838503 0.00111499 0.0531676 
0.864728 0.0202412 0.0430372 0.0195325 0.00717884 0.00110051 0.044182 
0.887082 0.0137549 0.035885 0.0276945 0.00593368 0.00130515 0.0283443 
0.873345 0.009626 0.0476425 0.0197884 0.00397547 0.0012964 0.044326 
0.875768 0.0168047 0.0397411 0.0309221 0.00850973 0.00108626 0.0271678 
0.876222 0.0104051 0.0485738 0.0311064 0.00672521 0.00128817 0.0256793 
0.884327 0.0136353 0.0383126 0.0376877 0.00820892 0.0013739 0.0164546 
0.889778 0.0162979 0.0362696 0.032983 0.00682632 0.00120028 0.0166445 
0.896979 0.0166728 0.0416995 0.0245003 0.00382352 0.00132674 0.0149982 
0.879239 0.0158526 0.037332 0.0421509 0.00822458 0.00128917 0.0159121 
0.872134 0.0133856 0.0495943 0.032311 0.00665459 8.50959E-4 0.0250693 
0.857442 0.0128884 0.0505126 0.0408761 0.00754066 7.90349E-4 0.0299494 
0.860229 0.0151562 0.0517501 0.0352191 0.00498753 8.821E-4 0.031776 
0.862926 0.0129431 0.0570625 0.0240423 0.00663163 0.00102183 0.0353727 
0.83996 0.0138191 0.0442155 0.0599854 0.00856799 9.82485E-4 0.0324693 
0.843465 0.0149728 0.0472029 0.043167 0.00913321 0.00128591 0.0407731 
0.855006 0.0168924 0.0465719 0.0570018 0.00491185 7.89359E-4 0.0188273 
0.851723 0.0119801 0.0547962 0.0546258 0.00326004 9.23109E-4 0.0226921 
0.843726 0.0131551 0.0552172 0.058274 0.00561834 9.13396E-4 0.0230958 
0.868262 0.0145029 0.0526817 0.0310307 0.00452879 8.48349E-4 0.0281455 
0.885555 0.018927 0.0440999 0.0219422 0.00504933 0.00126436 0.0231621 
0.868717 0.0130049 0.0469501 0.0417675 0.00369376 8.68065E-4 0.0249991 
0.879261 0.0117837 0.0510928 0.0272714 0.00353199 0.00132238 0.0257372 
0.881832 0.0116111 0.0512585 0.0174203 0.00345045 0.00128916 0.0331389 
0.867637 0.014849 0.0547088 0.0222214 0.00365469 9.96494E-4 0.035933 
0.857227 0.0117204 0.0587842 0.0334295 0.0046181 8.44706E-4 0.0333763 
0.859237 0.011487 0.0502039 0.0257832 0.00860104 0.00114647 0.0435413 
0.865432 0.0146557 0.0563324 0.0175139 0.00591614 0.00109932 0.0390504 
0.87187 0.0144769 0.0547841 0.0167208 0.00640186 0.00146646 0.0342803 
0.874585 0.0141946 0.0462436 0.028563 0.00789751 0.00130568 0.0272107 
0.874813 0.0182773 0.0414733 0.0277222 0.00773064 0.00104273 0.028941 
0.871449 0.0117652 0.0571094 0.0230658 0.00583869 9.5306E-4 0.0298192 
0.875582 0.0112858 0.0481099 0.0388721 0.0066721 0.00101221 0.0184663 
0.854481 0.0103113 0.0644261 0.0273416 0.0051807 9.50326E-4 0.0373089 
0.832693 0.0148862 0.0658641 0.0203516 0.00428215 0.00109183 0.0608314 
0.87486 0.0163532 0.0414261 0.0326172 0.00863504 9.97744E-4 0.0251107 
0.868289 0.0112759 0.0503742 0.027926 0.00951536 0.00132733 0.0312918 
0.869252 0.0184802 0.0487433 0.022429 0.00832492 0.00123031 0.0315399 
0.875349 0.0186481 0.0500634 0.0238808 0.00580385 0.00106379 0.0251912 
0.876643 0.0141511 0.0510432 0.0183721 0.0104694 0.0010761 0.0282452 
0.881222 0.0157825 0.039331 0.0302829 0.0136652 0.00129418 0.0184218 
0.878806 0.0159123 0.0516327 0.0283958 0.00795164 8.95049E-4 0.0164064 
0.881839 0.0120606 0.0456859 0.02654 0.0123157 9.83698E-4 0.0205749 
0.873668 0.0160155 0.0521688 0.0293896 0.0084875 8.79565E-4 0.0193911 
0.866102 0.017361 0.048803 0.0345726 0.0111599 0.00107074 0.020931 
0.872596 0.0164193 0.0419552 0.0316744 0.0134238 9.43082E-4 0.0229885 
0.868564 0.0166786 0.0524847 0.0279367 0.00764058 9.8006E-4 0.0257153 
0.856728 0.015322 0.0560375 0.0421456 0.00753449 0.00106752 0.0211646 
0.873219 0.0131039 0.0461851 0.0344662 0.0133208 0.00140374 0.0183012 
0.85756 0.0121611 0.0588213 0.0421599 0.009871 0.00120335 0.0182236 
0.822658 0.0160365 0.0765627 0.040848 0.00529189 0.00115558 0.0374474 
0.85643 0.0140582 0.0574617 0.0321335 0.00956079 8.81908E-4 0.0294742 
0.853916 0.0171865 0.0493941 0.0289581 0.0171357 0.00110918 0.0323005 
0.878663 0.0250177 0.0381964 0.0269706 0.0116557 0.00111585 0.0183805 
0.876623 0.0173654 0.0431158 0.0297735 0.00917064 0.00121425 0.0227377 
0.886052 0.0188882 0.0456688 0.0203976 0.00811495 0.00114475 0.0197333 
0.883624 0.0229297 0.0434774 0.0194485 0.0113521 0.00167232 0.0174963 
0.865588 0.0249785 0.0463118 0.0103835 0.00599584 0.00180253 0.0449401 
0.874375 0.0172403 0.0421023 0.0235311 0.0174288 0.00127276 0.0240501 
0.849173 0.0210916 0.0477618 0.0216548 0.0222662 0.00109989 0.0369527 
0.828539 0.0334969 0.0556045 0.0133077 0.0167973 0.00175684 0.0504977 
0.86721 0.0225174 0.0473532 0.0168912 0.0162056 0.00159081 0.0282323 
0.869491 0.0179441 0.057862 0.0156582 0.0131669 0.00134651 0.0245311 
0.867156 0.017534 0.0622866 0.0217 0.00907511 0.00107383 0.0211741 
0.863504 0.0182073 0.06231 0.024498 0.012115 0.00128964 0.0180758 
0.848256 0.0177847 0.0626672 0.0157461 0.0144356 0.00109277 0.0400174 
0.863072 0.0147748 0.0619565 0.0249401 0.0124712 0.00137512 0.0214108 
0.858113 0.010708 0.0636509 0.0302601 0.00984293 0.00156308 0.0258616 
0.8663 0.0172309 0.0524953 0.0192467 0.0147799 0.00118721 0.02876 
0.846887 0.0140452 0.0670445 0.0209858 0.0127652 0.00124213 0.0370304 
0.812741 0.00690559 0.0522439 0.107606 0.0102741 6.5972E-4 0.00956971 
0.847649 0.0140361 0.0665929 0.0426188 0.0049654 0.00120128 0.0229368 
0.865354 0.0111661 0.0657985 0.0300194 0.00565655 0.00102642 0.0209787 
0.842332 0.0123616 0.0878828 0.0191636 0.0029552 0.00148966 0.0338156 
0.827051 0.0089419 0.102385 0.0188946 0.0037648 7.64152E-4 0.0381988 
0.828931 0.0126922 0.0873064 0.0369685 0.00425803 0.00132507 0.028519 
0.855215 0.0150142 0.0639727 0.0199465 0.00635458 0.00180787 0.0376895 
0.854641 0.0179531 0.0622525 0.0161144 0.00452387 0.00204922 0.0424658 
0.833077 0.0212102 0.0611475 0.0128697 0.00729579 0.00153525 0.0628646 
0.843076 0.0194482 0.063807 0.0146765 0.00742708 0.0013002 0.0502648 
0.855632 0.0185597 0.062112 0.016899 0.00543271 0.00121283 0.0401515 
0.875863 0.0163372 0.0481668 0.0285823 0.00801733 0.00128376 0.0217501 
0.881456 0.0117668 0.0582513 0.0174035 0.00236824 0.00148645 0.0272675 
0.8723 0.011445 0.058258 0.0223995 0.00346259 0.00124742 0.0308879 
0.84845 0.00936487 0.0701733 0.00855163 0.00151099 0.00166624 0.0602828 
0.853157 0.0121001 0.0844697 0.0112044 0.00133192 0.00117093 0.0365664 
0.810656 0.0116121 0.0758505 0.0136077 0.00214827 0.00165833 0.0844673 
0.884007 0.0104838 0.0570812 0.017939 0.00265404 0.00127593 0.0265589 
0.877091 0.0104088 0.051934 0.0288055 0.00466901 0.00139278 0.0256985 
0.864181 0.014225 0.048461 0.0241045 0.00395177 0.00161839 0.0434588 
0.864001 0.0167371 0.0425005 0.0361271 0.0071079 0.00147483 0.0320518 
0.848841 0.0142586 0.0364617 0.0724089 0.0122725 0.0012372 0.0145197 
0.85731 0.0249109 0.0324187 0.0580557 0.013811 0.00143725 0.0120567 
0.803206 0.0355281 0.0284795 0.109687 0.0107903 0.00163371 0.010675 
0.714225 0.0235602 0.0204065 0.204515 0.0271914 0.00175955 0.00834259 
0.755843 0.0352038 0.0220445 0.161236 0.0167312 0.00189388 0.00704841 
0.644635 0.048735 0.0136561 0.200949 0.0780517 0.00475441 0.00921846 
0.661173 0.060252 0.0120644 0.108695 0.137296 0.00896759 0.0115524 
0.501727 0.0594983 0.00973718 0.26423 0.148967 0.00804308 0.00779773 
0.348693 0.0318936 0.0072323 0.405994 0.197011 0.0044647 0.00471188 
0.373467 0.0285645 0.00960208 0.503483 0.0764472 0.00407272 0.00436352 
0.310609 0.0493628 0.00736938 0.553724 0.0714701 0.00384739 0.00361746 
0.217971 0.0347529 0.00554735 0.652897 0.0823018 0.00407375 0.00245619 
0.226285 0.0453265 0.00622436 0.617814 0.0957174 0.0054252 0.00320743 
0.278201 0.0670913 0.00730145 0.525962 0.112605 0.00513614 0.00370378 
0.23193 0.0494837 0.004097 0.379665 0.326665 0.0055637 0.00259588 
0.409797 0.103086 0.0080509 0.239605 0.225786 0.0084036 0.00527121 
0.402242 0.10737 0.00875795 0.25059 0.215928 0.00931331 0.00579994 
0.39094 0.116643 0.00969677 0.321651 0.146171 0.00918596 0.00571304 
0.428426 0.154201 0.0079322 0.204728 0.189974 0.00842447 0.0063141 
0.366014 0.156458 0.00671176 0.199527 0.255637 0.00935917 0.00629236 
0.22093 0.106804 0.00588244 0.107906 0.542717 0.00974945 0.00601101 
0.299684 0.431318 0.00482197 0.0415923 0.206347 0.0101771 0.00605921 
0.356449 0.257976 0.00984721 0.0399581 0.313021 0.013267 0.00948206 
0.59806 0.275351 0.0135075 0.0161822 0.0742509 0.0097824 0.0128659 
0.803922 0.0913705 0.0187492 0.034245 0.0349398 0.0086032 0.00817065 
0.714191 0.0862402 0.0107542 0.0587127 0.113149 0.00716208 0.00979163 
0.740863 0.0963183 0.0119398 0.0515865 0.0834922 0.00812051 0.00767968 
0.641208 0.133417 0.00820057 0.0671492 0.133828 0.00977659 0.00642025 
0.610357 0.0779398 0.00943049 0.0685478 0.214887 0.0115142 0.00732328 
0.807995 0.0886696 0.0154309 0.0114089 0.0459958 0.020146 0.0103537 
0.855168 0.0763906 0.0202049 0.00238527 0.0124704 0.02213 0.0112509 
0.843481 0.0805812 0.0304402 0.00132209 0.00857814 0.0190421 0.0165557 
0.82841 0.0828238 0.0249373 0.00249828 0.0213155 0.0229191 0.0170964 
0.86329 0.0532662 0.0370549 0.00153716 0.00761209 0.0152753 0.0219644 
0.865149 0.051444 0.0391495 0.0015458 0.00878519 0.0122674 0.0216588 
0.794526 0.132918 0.0244218 0.00162435 0.00994339 0.016266 0.0203003 
0.822778 0.111121 0.0268307 0.00155299 0.00692402 0.0164691 0.0143248 
0.828851 0.0992726 0.0247629 0.00169645 0.0088695 0.0225297 0.0140178 
0.837229 0.0960286 0.0229743 0.00233005 0.0117733 0.0188786 0.0107856 
0.85456 0.0884469 0.0254618 0.00296856 0.00923096 0.0103764 0.00895524 
0.821663 0.103407 0.0322915 0.00272488 0.0114181 0.0102061 0.018289 
0.767377 0.132589 0.0347223 0.00191052 0.0112401 0.041569 0.0105917 
0.748675 0.14258 0.0339754 0.00176782 0.0112743 0.0520251 0.00970244 
0.824034 0.0881259 0.0451838 0.00170731 0.00676106 0.0208967 0.0132912 
0.891903 0.0215861 0.0565162 0.00484931 0.00865079 0.00214807 0.0143467 
0.841003 0.0436334 0.052312 0.00601274 0.031358 0.00567052 0.0200106 
0.629726 0.235914 0.0413696 0.00252929 0.0346478 0.0411016 0.0147116 
0.481217 0.188372 0.0752645 0.00139559 0.0182254 0.22618 0.00934566 
0.247021 0.306673 0.0771815 0.00119532 0.0198879 0.343136 0.00490479 
0.234777 0.165184 0.0784081 0.00100886 0.011277 0.504984 0.00436072 
0.446398 0.167868 0.0961715 0.00154931 0.0144827 0.269132 0.00439773 
0.689375 0.11357 0.0717883 0.002453 0.0116687 0.0993723 0.0117721 
0.867934 0.0228551 0.0743814 0.00216488 0.00282567 0.0134841 0.0163545 
0.900421 0.0218735 0.0550159 0.00322832 0.00221622 0.0059528 0.0112919 
0.883639 0.0153878 0.0688275 0.00264385 0.00197316 0.0044728 0.0230563 
0.881019 0.0234376 0.0600527 0.00277177 0.00426709 0.0120673 0.0163848 
0.907046 0.0176645 0.0442308 0.00679808 0.00547955 0.00459725 0.0141838 
0.835125 0.0899738 0.0188068 0.0166176 0.0121346 0.00765923 0.0196831 
0.690008 0.172379 0.00833661 0.0574173 0.0569097 0.00546332 0.00948584 
0.64386 0.158111 0.00923083 0.106609 0.0705458 0.00385633 0.00778693 
0.836901 0.0803042 0.035866 0.0177622 0.0119831 0.00809077 0.00909275 
0.758722 0.0819127 0.0720274 0.0070769 0.0353534 0.0338491 0.011059 
0.700168 0.193763 0.0337425 0.00596901 0.0192608 0.033483 0.0136136 
0.403876 0.454693 0.00629997 0.0330601 0.0884055 0.0052044 0.0084607 
0.641775 0.285849 0.0174833 0.0184666 0.0221382 0.00766259 0.00662529 
0.731174 0.183713 0.038863 0.00882367 0.0105598 0.0128058 0.0140606 
0.623777 0.091878 0.0697286 0.00545521 0.00883535 0.186541 0.0137849 
0.863416 0.0218971 0.0606061 0.0175283 0.0174461 0.00608035 0.0130261 
0.856244 0.0516447 0.051138 0.00968787 0.0148681 0.00536609 0.0110516 
0.780737 0.0555056 0.0629696 0.0021617 0.00463078 0.0830096 0.0109857 
0.829304 0.0279003 0.0551097 0.00340495 0.00276207 0.0653672 0.0161521 
0.718913 0.181662 0.034962 0.00711055 0.0136146 0.0110087 0.0327287 
0.607808 0.302902 0.0233612 0.00945304 0.0310306 0.00738834 0.0180565 
0.65395 0.264004 0.0230929 0.00884298 0.0270619 0.00985553 0.0131927 
0.422975 0.483996 0.0134468 0.00698708 0.0502408 0.0110754 0.011278 
0.428896 0.481736 0.0131773 0.00597172 0.0432663 0.0124364 0.0145159 
0.683047 0.214394 0.0321558 0.00706049 0.0279059 0.0186273 0.0168091 
0.896031 0.0156738 0.0492301 0.0172017 0.00649746 0.00577527 0.00959051 
0.822129 0.0231841 0.0837247 0.00752672 0.00561278 0.0382403 0.0195819 
0.574753 0.102002 0.138718 0.00508219 0.019101 0.142937 0.0174075 
0.684591 0.0648959 0.169585 0.00377909 0.00826632 0.0555307 0.0133513 
0.683195 0.0582498 0.177855 0.0056161 0.0152746 0.0319772 0.027832 
0.8441 0.0316137 0.084904 0.00499794 0.00443082 0.00924445 0.0207087 
0.881327 0.0207738 0.0464071 0.00844565 0.00578387 0.00345152 0.0338107 
0.863182 0.0194958 0.0442955 0.0211801 0.00655471 0.00107651 0.0442153 
0.829532 0.0208355 0.0592951 0.01671 0.00550164 0.0011691 0.0669564 
0.780953 0.0314089 0.0450023 0.0237078 0.0139257 0.00127697 0.103725 
0.818386 0.0357686 0.0263928 0.0234763 0.0283443 0.00175545 0.0658764 
0.869383 0.026188 0.0307606 0.0338076 0.0187858 0.00142697 0.0196477 
0.85687 0.0382686 0.0222892 0.0465681 0.0217707 0.0017543 0.012479 
0.871547 0.0396812 0.0256157 0.0350635 0.0121504 0.00188433 0.0140579 
0.889615 0.019805 0.0486275 0.0266868 0.00328828 0.00115442 0.0108227 
0.878693 0.0321814 0.0374596 0.0217747 0.00545985 0.00120679 0.0232248 
0.860112 0.0343291 0.0379802 0.0295481 0.00385549 0.00153097 0.0326444 
0.860129 0.0289546 0.0317868 0.022997 0.0213848 0.00175076 0.0329976 
0.879161 0.0215551 0.0328656 0.0295894 0.0145687 0.00109158 0.0211691 
0.865708 0.0198128 0.0494073 0.0164217 0.00618567 0.00114061 0.0413237 
0.886712 0.0164247 0.0454137 0.02396 0.00515376 0.00109032 0.0212459 
0.870391 0.0202241 0.0376466 0.0251483 0.0143627 0.0012633 0.0309643 
0.87162 0.0213041 0.0285029 0.0360232 0.015628 0.00177509 0.0251467 
0.883511 0.0204148 0.0278321 0.025489 0.0234961 0.00202731 0.0172293 
0.80567 0.054356 0.0145345 0.0808287 0.0301906 0.00241213 0.0120081 
0.749394 0.0841411 0.0119673 0.119952 0.0243663 0.00195687 0.00822207 
0.701146 0.122141 0.00972883 0.102427 0.0484305 0.00256344 0.0135636 
0.700346 0.141333 0.00920631 0.0898662 0.0437171 0.00285522 0.0126767 
0.614038 0.262308 0.00742116 0.0447169 0.0501742 0.00418835 0.0171535 
0.715217 0.163136 0.00890089 0.057491 0.0362339 0.00320811 0.0158136 
0.773931 0.121351 0.0106307 0.0643825 0.0151328 0.00247728 0.0120952 
0.771389 0.127081 0.0122148 0.0533339 0.0140579 0.00306761 0.0188556 
0.802115 0.0989099 0.0105712 0.0539319 0.021258 0.00221416 0.0109993 
0.736852 0.0835044 0.00911905 0.0692475 0.0838932 0.00324353 0.0141407 
0.829961 0.0617675 0.011332 0.0460762 0.0343528 0.00310362 0.0134065 
0.819585 0.0646817 0.0121824 0.05716 0.032235 0.00229488 0.0118614 
0.709929 0.0539287 0.00942515 0.0729145 0.133552 0.00392491 0.0163255 
0.832323 0.0448465 0.0138566 0.0531164 0.0370471 0.00243208 0.016378 
0.763253 0.049239 0.0122538 0.0781469 0.0733334 0.00321346 0.02056 
0.829624 0.0544555 0.0208271 0.0391729 0.0260837 0.004192 0.0256453 
0.812835 0.0273247 0.0221902 0.0319709 0.080853 0.00299988 0.0218261 
0.903478 0.0137293 0.0294329 0.0260335 0.0146384 0.00222404 0.0104643 
0.901289 0.0200605 0.029543 0.0152412 0.011988 0.0026448 0.0192339 
0.859825 0.0548628 0.0280055 0.0107454 0.00551232 0.00297715 0.0380715 
0.871906 0.039453 0.0219071 0.0146414 0.0170824 0.00274388 0.0322661 
0.863396 0.0465373 0.0249681 0.0124214 0.00968062 0.00262122 0.0403759 
0.851103 0.0441847 0.0240022 0.0132587 0.00922581 0.00288228 0.0553429 
0.881563 0.0320178 0.0274169 0.0134357 0.00805274 0.00295284 0.0345612 
0.883001 0.0303052 0.0254096 0.0133918 0.00783672 0.00332891 0.036727 
0.856289 0.0429282 0.0269092 0.0127975 0.00914566 0.00346471 0.0484662 
0.886337 0.0387416 0.0212459 0.0171879 0.00910185 0.00486938 0.0225159 
0.868293 0.0438227 0.0219822 0.0342037 0.0062004 0.00289272 0.0226055 
0.742381 0.105053 0.0105399 0.0711519 0.0500248 0.00592322 0.014926 
0.722736 0.124083 0.0103069 0.0628035 0.0596006 0.00572597 0.0147446 
0.720584 0.129925 0.00930524 0.0603154 0.0603931 0.00379792 0.0156801 
0.82752 0.0599031 0.0188534 0.0536919 0.0124535 0.00279622 0.0247819 
0.856177 0.0378899 0.0191782 0.0574172 0.00904817 0.00345825 0.0168317 
0.781114 0.0195819 0.0254554 0.145851 0.00490302 0.00451494 0.0185797 
0.815397 0.0191719 0.0254297 0.0982975 0.00559835 0.00612643 0.0299789 
0.82716 0.0290312 0.0192772 0.0748339 0.0104402 0.00576667 0.0334906 
0.863492 0.0365453 0.018813 0.0315798 0.0144203 0.00442684 0.0307223 
0.858811 0.0288347 0.018978 0.0429379 0.0155735 0.00318465 0.0316806 
0.861877 0.0162626 0.0247582 0.0695257 0.0069972 0.00256697 0.018012 
0.765148 0.0174402 0.0413853 0.132903 0.00319148 0.00153234 0.0383998 
0.836099 0.0165318 0.0240734 0.0956322 0.00732656 0.00173324 0.018604 
0.767269 0.0152055 0.0323497 0.150005 0.00582008 0.00126795 0.028083 
0.645194 0.0101426 0.0550622 0.259203 0.00391169 9.08426E-4 0.0255778 
0.689308 0.00790869 0.0769949 0.192212 0.00344153 0.00192926 0.0282054 
0.703537 0.0070044 0.0838275 0.182799 0.00455589 0.00121704 0.0170595 
0.752239 0.00826459 0.0777671 0.143381 0.00309601 0.00123358 0.0140196 
0.85675 0.00678041 0.0716352 0.0376944 0.00112469 9.50393E-4 0.0250647 
0.617725 0.00882388 0.219292 0.00170393 5.75619E-4 0.0030188 0.14886 
0.206643 0.0209286 0.526345 0.00950878 0.00752594 0.0246191 0.20443 
0.0802599 0.0062443 0.783282 0.00248972 0.00210799 0.0453362 0.0802798 
0.0701945 0.00757439 0.797919 0.00199032 0.00173347 0.0568285 0.0637601 
0.112515 0.0128088 0.67099 0.00488975 0.00417229 0.0409561 0.153668 
0.390757 0.0289104 0.230975 0.00721192 0.00383044 0.00681198 0.331504 
0.816961 0.0184322 0.0763732 0.023579 0.00246201 7.43441E-4 0.0614492 
0.844508 0.0105918 0.0675146 0.0292512 0.00248661 6.81969E-4 0.0449654 
0.840654 0.0129576 0.0773797 0.0430314 0.00242782 5.86739E-4 0.0229623 
0.848766 0.0207609 0.0701724 0.0115487 0.00787767 0.0013521 0.0395224 
0.840098 0.0116276 0.090669 0.0171513 0.00517623 0.00106346 0.0342139 
0.849896 0.0148649 0.0786536 0.0162913 0.00761169 0.00106295 0.0316193 
0.859758 0.015232 0.0728533 0.0110588 0.00695634 0.00115921 0.0329823 
0.867607 0.0167838 0.0648663 0.0161045 0.00866581 0.00118957 0.024783 
0.85087 0.0179469 0.0715002 0.0115923 0.00584915 0.00125158 0.0409895 
0.851591 0.0144022 0.083435 0.0139739 0.00261993 0.00114922 0.0328284 
0.848997 0.0233311 0.0728539 0.0161817 0.00582962 0.00146841 0.0313387 
0.853305 0.0227059 0.0635598 0.0163327 0.0105836 0.00129844 0.0322144 
0.863141 0.0155467 0.0557244 0.0354115 0.0102981 9.26359E-4 0.0189516 
0.868534 0.014859 0.06713 0.0157707 0.00837294 9.75897E-4 0.0243572 
0.871625 0.0126019 0.0625557 0.0127879 0.00974649 0.00128799 0.0293953 
0.854111 0.0131022 0.0739929 0.0177508 0.00790904 0.00108808 0.0320458 
0.851752 0.0202582 0.0674476 0.0185967 0.0139721 0.00130811 0.0266654 
0.801404 0.0174944 0.108153 0.028699 0.00572712 9.13172E-4 0.0376096 
0.864779 0.0151576 0.0684682 0.0306859 0.00664789 0.00117797 0.0130837 
0.842842 0.0260416 0.0865341 0.0130818 0.00274174 0.00108155 0.0276771 
0.849703 0.0166134 0.0773574 0.0133132 0.00977648 0.00114343 0.0320926 
0.864581 0.0238408 0.0517303 0.021723 0.0147001 0.0011151 0.02231 
0.861894 0.0162782 0.0701049 0.0107521 0.00535076 0.00116597 0.0344545 
0.876192 0.0196438 0.0503809 0.0252169 0.0103489 0.00127804 0.0169397 
0.866017 0.017261 0.064956 0.0118865 0.00558637 0.00127618 0.0330168 
0.865987 0.0136748 0.0617413 0.0112057 0.00415111 0.00150203 0.0417384 
0.856495 0.0175503 0.0653309 0.0129038 0.0066632 0.00146655 0.0395901 
0.863591 0.0127556 0.0582155 0.0284488 0.00465688 0.00112116 0.0312113 
0.838323 0.0146137 0.0754399 0.0360558 0.00600119 0.00102961 0.0285366 
0.848873 0.0493049 0.0420558 0.0124695 0.0170747 0.00215754 0.0280644 
0.862912 0.0516876 0.0338206 0.0149887 0.0135137 0.00214711 0.02093 
0.870056 0.0335968 0.0516206 0.0104554 0.00545197 0.00210505 0.0267144 
0.872252 0.0329574 0.0464103 0.0137394 0.00696701 0.0021611 0.0255128 
0.880166 0.0270053 0.0432682 0.0162428 0.00607624 0.00154907 0.0256924 
0.857967 0.0176525 0.0265686 0.0737089 0.0129685 9.15989E-4 0.010219 
0.821369 0.0186235 0.0216928 0.107816 0.0214022 9.60363E-4 0.00813613 
0.822571 0.0196303 0.0265716 0.0984079 0.0180953 9.86588E-4 0.0137371 
0.736617 0.0393075 0.0297153 0.176308 0.00507149 0.00167532 0.0113058 
0.805847 0.0180655 0.0375781 0.107483 0.00995602 0.00103986 0.0200304 
0.841545 0.0260952 0.0537402 0.0574348 0.00817324 7.04574E-4 0.012307 
0.628612 0.0248142 0.030607 0.296977 0.00523962 0.00165029 0.0120996 
0.851376 0.0193162 0.0424806 0.0635037 0.00600218 0.00165342 0.0156682 
0.819048 0.0196997 0.0359467 0.0975944 0.0133196 0.00145987 0.0129314 
0.743751 0.0165782 0.0274082 0.17666 0.0187824 0.00235023 0.0144696 
0.634238 0.0139782 0.0215376 0.293925 0.0240598 0.00142124 0.0108399 
0.737445 0.0196154 0.0276439 0.169904 0.0243253 0.00216045 0.0189059 
0.728109 0.0200072 0.019327 0.172369 0.0463075 0.00194611 0.0119338 
0.836646 0.0182598 0.026585 0.0833888 0.021008 0.00139078 0.012722 
0.673134 0.0176061 0.0230114 0.264252 0.0124223 0.00173775 0.00783701 
0.731954 0.0354185 0.0211288 0.169505 0.0225836 0.00443547 0.014974 
0.823852 0.0517481 0.0204919 0.058707 0.0285077 0.00383538 0.0128581 
0.687204 0.0502632 0.0142678 0.198684 0.0393716 0.00286404 0.00734542 
0.729212 0.0517568 0.0198111 0.157976 0.031237 0.00182662 0.008181 
0.466624 0.0442202 0.0156662 0.427314 0.0355216 0.00179067 0.0088635 
0.58261 0.0582827 0.0109875 0.211851 0.122995 0.00301488 0.0102588 
0.526344 0.0547967 0.0120917 0.316809 0.0770721 0.0025047 0.0103819 
0.491458 0.048896 0.0116277 0.367731 0.0695463 0.00192302 0.00881836 
0.663068 0.0682002 0.0163414 0.177149 0.0613868 0.0027379 0.0111171 
0.724566 0.0426612 0.0184601 0.161833 0.0400548 0.00166023 0.0107644 
0.873493 0.0454592 0.0235262 0.0333605 0.00680188 0.00184096 0.0155181 
0.86657 0.0469362 0.0223891 0.0447662 0.00752212 0.00152772 0.0102887 
0.861871 0.0382174 0.0260518 0.0575163 0.00552909 0.00159792 0.00921635 
0.839611 0.0352816 0.0273838 0.0803166 0.00655569 0.0015352 0.00931596 
0.881106 0.0221189 0.029 0.0485286 0.00517967 0.00206807 0.011999 
0.888526 0.0324016 0.0298375 0.0212056 0.00838999 0.00209509 0.0175438 
0.903067 0.020972 0.0330498 0.0205127 0.00419014 0.00162471 0.016584 
0.882479 0.0209771 0.0304961 0.0494319 0.00409407 0.00131999 0.0112021 
0.891203 0.0348161 0.0357087 0.0139392 0.00814008 0.00146928 0.0147233 
0.863639 0.0488922 0.0276586 0.0171833 0.0200302 0.00172299 0.0208742 
0.874239 0.0392153 0.032697 0.0196981 0.0125006 0.00180319 0.0198466 
0.873087 0.0241727 0.0487569 0.0220481 0.0117738 0.00111138 0.01905 
0.878206 0.0169533 0.0607243 0.0229509 0.00302128 7.81461E-4 0.017363 
0.890168 0.0260471 0.0375049 0.0265072 0.00555662 0.00109531 0.0131212 
0.892573 0.0244268 0.0408146 0.0209032 0.00540428 9.43627E-4 0.0149348 
0.886101 0.0186504 0.0441695 0.0322335 0.00371539 9.85275E-4 0.0141445 
0.877486 0.0184784 0.0406709 0.0407849 0.00696867 0.00137495 0.0142365 
0.876872 0.0222548 0.0419507 0.0213596 0.0160794 0.00171654 0.0197674 
0.865233 0.0231334 0.0591567 0.0180555 0.00536397 0.00142665 0.0276304 
0.874402 0.0167073 0.0483019 0.0224275 0.00666279 0.00104248 0.0304564 
0.885915 0.0117315 0.0383051 0.0327826 0.0176282 8.32604E-4 0.0128051 
0.868334 0.019285 0.0496906 0.0175558 0.0155552 9.16435E-4 0.0286625 
0.865982 0.0172585 0.0401596 0.0346014 0.0208863 9.59311E-4 0.0201525 
0.868592 0.0157202 0.0439758 0.0401049 0.0153897 0.00108059 0.0151369 
0.873741 0.0223909 0.0544602 0.0200119 0.00913844 0.00114956 0.0191081 
0.869781 0.013895 0.0502133 0.0383097 0.012044 0.00124769 0.0145092 
0.887798 0.014622 0.0316902 0.0337391 0.0175643 9.24593E-4 0.0136615 
0.867483 0.0126736 0.0490977 0.0376731 0.0129846 7.80505E-4 0.0193074 
0.867004 0.0159745 0.0518342 0.0435761 0.00609522 8.33357E-4 0.0146831 
0.901206 0.0151835 0.0400055 0.0334525 0.00444075 0.00168121 0.00403046 
0.897217 0.0204383 0.0311364 0.0407724 0.00389491 0.00198453 0.00455619 
0.87892 0.022466 0.0285705 0.0573622 0.00743735 0.0015055 0.00373876 
0.845678 0.0281858 0.0199087 0.0906684 0.010873 0.00165677 0.00302947 
0.836202 0.0463016 0.0135752 0.0677531 0.0291853 0.00205135 0.00493182 
0.814962 0.0738824 0.0127197 0.0604904 0.0282299 0.00218166 0.00753405 
0.712205 0.0982352 0.00998089 0.0718212 0.0908032 0.00314076 0.0138137 
0.726477 0.112778 0.0131891 0.0998696 0.0353684 0.00155007 0.0107672 
0.628621 0.120037 0.0106223 0.164281 0.0619903 0.00238957 0.0120588 
0.586556 0.124056 0.0126342 0.245061 0.0228793 0.00128791 0.00752593 
0.61088 0.167637 0.0120614 0.167698 0.0315747 0.00146992 0.00867942 
0.699344 0.044245 0.0189327 0.21604 0.0139608 0.00100432 0.00647382 
0.72746 0.0488413 0.00958296 0.161195 0.0450621 0.00236733 0.00549079 
0.730502 0.0796329 0.0137069 0.149411 0.0157241 0.00373774 0.00728543 
0.773053 0.0734414 0.0119991 0.0944871 0.0331629 0.00420362 0.0096525 
0.873493 0.0454592 0.0235262 0.0333605 0.00680188 0.00184096 0.0155181 
0.86657 0.0469362 0.0223891 0.0447662 0.00752212 0.00152772 0.0102887 
0.861871 0.0382174 0.0260518 0.0575163 0.00552909 0.00159792 0.00921635 
0.839611 0.0352816 0.0273838 0.0803166 0.00655569 0.0015352 0.00931596 
0.881106 0.0221189 0.029 0.0485286 0.00517967 0.00206807 0.011999 
0.888526 0.0324016 0.0298375 0.0212056 0.00838999 0.00209509 0.0175438 
0.903067 0.020972 0.0330498 0.0205127 0.00419014 0.00162471 0.016584 
0.882479 0.0209771 0.0304961 0.0494319 0.00409407 0.00131999 0.0112021 
0.891203 0.0348161 0.0357087 0.0139392 0.00814008 0.00146928 0.0147233 
0.863639 0.0488922 0.0276586 0.0171833 0.0200302 0.00172299 0.0208742 
0.874239 0.0392153 0.032697 0.0196981 0.0125006 0.00180319 0.0198466 
0.873087 0.0241727 0.0487569 0.0220481 0.0117738 0.00111138 0.01905 
0.878206 0.0169533 0.0607243 0.0229509 0.00302128 7.81461E-4 0.017363 
0.890168 0.0260471 0.0375049 0.0265072 0.00555662 0.00109531 0.0131212 
0.892573 0.0244268 0.0408146 0.0209032 0.00540428 9.43627E-4 0.0149348 
0.886101 0.0186504 0.0441695 0.0322335 0.00371539 9.85275E-4 0.0141445 
0.877486 0.0184784 0.0406709 0.0407849 0.00696867 0.00137495 0.0142365 
0.876872 0.0222548 0.0419507 0.0213596 0.0160794 0.00171654 0.0197674 
0.865233 0.0231334 0.0591567 0.0180555 0.00536397 0.00142665 0.0276304 
0.874402 0.0167073 0.0483019 0.0224275 0.00666279 0.00104248 0.0304564 
0.885915 0.0117315 0.0383051 0.0327826 0.0176282 8.32604E-4 0.0128051 
0.868334 0.019285 0.0496906 0.0175558 0.0155552 9.16435E-4 0.0286625 
0.865982 0.0172585 0.0401596 0.0346014 0.0208863 9.59311E-4 0.0201525 
0.868592 0.0157202 0.0439758 0.0401049 0.0153897 0.00108059 0.0151369 
0.873741 0.0223909 0.0544602 0.0200119 0.00913844 0.00114956 0.0191081 
0.869781 0.013895 0.0502133 0.0383097 0.012044 0.00124769 0.0145092 
0.887798 0.014622 0.0316902 0.0337391 0.0175643 9.24593E-4 0.0136615 
0.867483 0.0126736 0.0490977 0.0376731 0.0129846 7.80505E-4 0.0193074 
0.867004 0.0159745 0.0518342 0.0435761 0.00609522 8.33357E-4 0.0146831 
0.751193 0.104522 0.010394 0.066252 0.0537982 0.00654539 0.00729549 
0.651686 0.129599 0.0087518 0.065504 0.128995 0.00697544 0.00848893 
0.675769 0.135209 0.0108391 0.0709843 0.0874307 0.00498026 0.0147881 
0.748352 0.0890514 0.0117792 0.0755979 0.058859 0.00408706 0.0122734 
0.697091 0.144285 0.010701 0.0574315 0.0720681 0.0052951 0.0131282 
0.716654 0.144497 0.0115557 0.0577129 0.0540502 0.00422327 0.0113078 
0.685155 0.170265 0.0110639 0.0612479 0.0548915 0.00486491 0.0125116 
0.707505 0.136416 0.0112609 0.0522786 0.0745329 0.00403656 0.0139694 
0.609048 0.222024 0.00873514 0.052493 0.0872991 0.0044505 0.0159503 
0.490288 0.178332 0.0100221 0.109835 0.189305 0.0069506 0.0152676 
0.553851 0.2008 0.00789233 0.119389 0.101116 0.00466048 0.0122913 
0.536966 0.160761 0.00793185 0.104344 0.1705 0.00778954 0.0117078 
0.489382 0.313432 0.00729719 0.0728271 0.0960255 0.00530781 0.0157282 
0.734839 0.099904 0.0139945 0.0537463 0.0622456 0.00419306 0.0310773 
0.691545 0.111958 0.0102865 0.0963367 0.0661022 0.00582305 0.0179481 
0.581249 0.169091 0.00917708 0.0903607 0.122952 0.0155812 0.0115896 
0.39042 0.207061 0.00692998 0.162958 0.210743 0.0129084 0.00897865 
0.327063 0.12503 0.00756593 0.115542 0.405755 0.00961785 0.00942727 
0.151361 0.075419 0.00321787 0.0628763 0.694255 0.00846082 0.00441015 
0.0806008 0.0435673 0.00180322 0.0571367 0.80841 0.0060666 0.00241532 
0.10673 0.273757 0.00188986 0.0454864 0.555758 0.0137803 0.00259848 
0.0979112 0.27431 0.00193371 0.0579426 0.551442 0.0138607 0.0026002 
0.0856804 0.160069 0.00362423 0.0983664 0.633778 0.0143953 0.00408708 
0.0904062 0.14525 0.00588731 0.140814 0.595812 0.0156029 0.00622779 
0.0901531 0.221831 0.00209299 0.0585676 0.608608 0.0160793 0.0026687 
0.157219 0.282432 0.00341623 0.103123 0.427826 0.0220138 0.00396943 
0.142197 0.246582 0.00502165 0.138364 0.441349 0.0201999 0.00628686 
0.0820511 0.658677 0.00257082 0.015728 0.0278715 0.210785 0.00231669 
0.0204579 0.603332 0.00197762 0.00364087 0.0250155 0.344894 6.8151E-4 
0.0106847 0.930869 0.00110988 0.00340022 0.0105553 0.0428164 5.64099E-4 
0.0199755 0.929202 0.00204813 0.0100049 0.0218319 0.0157605 0.00117752 
0.0884984 0.706915 0.00456991 0.0238515 0.0947732 0.0795182 0.00187406 
0.442655 0.300822 0.00535701 0.0660424 0.153305 0.0268658 0.00495331 
0.376938 0.305919 0.00658841 0.0831243 0.13751 0.0862957 0.00362364 
0.0782627 0.0605191 0.00647877 0.0260413 0.0342705 0.792906 0.00152126 
0.159166 0.134109 0.00917682 0.0651117 0.0593349 0.569402 0.00369965 
0.136668 0.179537 0.00957557 0.0897319 0.0911952 0.487835 0.00545719 
0.236336 0.213518 0.0103037 0.119322 0.113071 0.301166 0.00628419 
0.288512 0.204009 0.0164958 0.210442 0.0360573 0.232936 0.0115491 
0.337685 0.351911 0.00800987 0.0892224 0.0241562 0.183846 0.00516959 
0.442026 0.297853 0.00817895 0.0568779 0.0233371 0.168138 0.00358904 
0.490361 0.279016 0.0093999 0.0354005 0.0300023 0.152241 0.00357923 
0.55576 0.202203 0.0123422 0.0600907 0.0511814 0.114088 0.00433413 
0.65634 0.158494 0.0150334 0.0431414 0.020233 0.103624 0.00313383 
0.6586 0.115783 0.0162486 0.090532 0.0240045 0.0895591 0.00527272 
0.735429 0.131682 0.0137964 0.0557422 0.0288856 0.0273907 0.0070742 
0.785491 0.0860556 0.0117332 0.0589633 0.0391249 0.0115908 0.00704156 
0.80696 0.0993402 0.0138467 0.0286037 0.036348 0.00586275 0.00903911 
0.599048 0.323177 0.0226829 0.00243336 0.015109 0.0302979 0.00725146 
0.621455 0.244069 0.0289736 0.00468032 0.0123813 0.0847828 0.00365761 
0.668689 0.0697412 0.049486 0.015168 0.00647855 0.181559 0.00887792 
0.794641 0.0789415 0.0545629 0.00902646 0.00689324 0.0457797 0.0101547 
0.791345 0.111735 0.039025 0.0131188 0.0109386 0.0183203 0.0155178 
0.8237 0.0943336 0.0292916 0.0187298 0.0144768 0.0127327 0.00673579 
0.800933 0.109816 0.0287398 0.0240429 0.0150042 0.0139704 0.00749391 
0.782747 0.113524 0.0363416 0.0191921 0.0206334 0.019003 0.0085583 
0.796531 0.099746 0.0402432 0.0187436 0.0168567 0.0168814 0.0109979 
0.826933 0.0734151 0.0437587 0.0183542 0.0137299 0.0158316 0.00797737 
0.851389 0.0393833 0.0583933 0.0109089 0.00987613 0.0202875 0.00976144 
0.844161 0.0346324 0.0493536 0.0129898 0.0192033 0.0277568 0.0119031 
0.853171 0.0233001 0.0462066 0.0353237 0.0146639 0.0186514 0.00868322 
0.849915 0.0135628 0.0539446 0.0571651 0.00374702 0.0141352 0.00753026 
0.874021 0.0150503 0.0492423 0.0393511 0.00584203 0.00764889 0.00884465 
0.882517 0.0229451 0.0338712 0.0408969 0.00627418 0.00358303 0.00991263 
0.887059 0.0154687 0.0363948 0.0426427 0.00726895 0.00311709 0.00804869 
0.873105 0.0289634 0.0228324 0.0384812 0.0234619 0.00329855 0.00985742 
0.868477 0.0293759 0.0236294 0.0458003 0.0190929 0.00186903 0.0117554 
0.876894 0.0293035 0.0202909 0.0456843 0.0190219 0.0022424 0.0065635 
0.888732 0.0188925 0.024321 0.0450186 0.0152101 0.00126813 0.00655807 
0.888177 0.0203036 0.022072 0.0454935 0.0155768 0.00139754 0.00697908 
0.812853 0.0221876 0.0282361 0.112765 0.0111423 0.00116319 0.011653 
0.847918 0.0228817 0.0240459 0.0852746 0.0113463 0.00119349 0.00733961 
0.873493 0.0454592 0.0235262 0.0333605 0.00680188 0.00184096 0.0155181 
0.86657 0.0469362 0.0223891 0.0447662 0.00752212 0.00152772 0.0102887 
0.861871 0.0382174 0.0260518 0.0575163 0.00552909 0.00159792 0.00921635 
0.839611 0.0352816 0.0273838 0.0803166 0.00655569 0.0015352 0.00931596 
0.881106 0.0221189 0.029 0.0485286 0.00517967 0.00206807 0.011999 
0.888526 0.0324016 0.0298375 0.0212056 0.00838999 0.00209509 0.0175438 
0.903067 0.020972 0.0330498 0.0205127 0.00419014 0.00162471 0.016584 
0.882479 0.0209771 0.0304961 0.0494319 0.00409407 0.00131999 0.0112021 
0.891203 0.0348161 0.0357087 0.0139392 0.00814008 0.00146928 0.0147233 
0.863639 0.0488922 0.0276586 0.0171833 0.0200302 0.00172299 0.0208742 
0.874239 0.0392153 0.032697 0.0196981 0.0125006 0.00180319 0.0198466 
0.873087 0.0241727 0.0487569 0.0220481 0.0117738 0.00111138 0.01905 
0.878206 0.0169533 0.0607243 0.0229509 0.00302128 7.81461E-4 0.017363 
0.890168 0.0260471 0.0375049 0.0265072 0.00555662 0.00109531 0.0131212 
0.892573 0.0244268 0.0408146 0.0209032 0.00540428 9.43627E-4 0.0149348 
0.886101 0.0186504 0.0441695 0.0322335 0.00371539 9.85275E-4 0.0141445 
0.877486 0.0184784 0.0406709 0.0407849 0.00696867 0.00137495 0.0142365 
0.876872 0.0222548 0.0419507 0.0213596 0.0160794 0.00171654 0.0197674 
0.865233 0.0231334 0.0591567 0.0180555 0.00536397 0.00142665 0.0276304 
0.874402 0.0167073 0.0483019 0.0224275 0.00666279 0.00104248 0.0304564 
0.885915 0.0117315 0.0383051 0.0327826 0.0176282 8.32604E-4 0.0128051 
0.868334 0.019285 0.0496906 0.0175558 0.0155552 9.16435E-4 0.0286625 
0.865982 0.0172585 0.0401596 0.0346014 0.0208863 9.59311E-4 0.0201525 
0.868592 0.0157202 0.0439758 0.0401049 0.0153897 0.00108059 0.0151369 
0.873741 0.0223909 0.0544602 0.0200119 0.00913844 0.00114956 0.0191081 
0.869781 0.013895 0.0502133 0.0383097 0.012044 0.00124769 0.0145092 
0.887798 0.014622 0.0316902 0.0337391 0.0175643 9.24593E-4 0.0136615 
0.867483 0.0126736 0.0490977 0.0376731 0.0129846 7.80505E-4 0.0193074 
0.867004 0.0159745 0.0518342 0.0435761 0.00609522 8.33357E-4 0.0146831 
0.842583 0.0544821 0.0210358 0.0368715 0.0278974 0.0068601 0.0102705 
0.881005 0.0300712 0.0495799 0.0129135 0.00668314 0.0137686 0.00597856 
0.889589 0.0196099 0.0442233 0.0230133 0.0105722 0.00643723 0.00655456 
0.879672 0.018633 0.0291588 0.055827 0.00893972 0.0015731 0.00619608 
0.865598 0.0310757 0.0166952 0.0638028 0.0144115 0.00162212 0.00679443 
0.794443 0.0557877 0.014309 0.11703 0.00996133 0.00133762 0.00713158 
0.735158 0.0584411 0.0182924 0.173257 0.00484127 0.00114184 0.00886813 
0.777249 0.0655856 0.0159976 0.118137 0.00888585 0.00118727 0.0129581 
0.813456 0.0362708 0.0194176 0.112609 0.00819572 7.81916E-4 0.0092688 
0.855449 0.0417927 0.0180432 0.0624104 0.00900408 0.00142452 0.0118756 
0.815058 0.0692948 0.012483 0.0573099 0.0323374 0.00216787 0.011349 
0.822229 0.0720476 0.0123791 0.0470173 0.0307021 0.00231795 0.0133074 
0.862978 0.0441187 0.0251973 0.048179 0.00454481 0.00141897 0.0135633 
0.88059 0.0395991 0.0206003 0.0404492 0.0078334 0.00160865 0.0093197 
0.856781 0.0570062 0.0133634 0.0323144 0.0249832 0.00300663 0.0125452 
0.856124 0.0595892 0.0141753 0.0402763 0.0165828 0.00230951 0.0109427 
0.878504 0.0397814 0.0135881 0.0298194 0.0238711 0.00222407 0.0122123 
0.885974 0.0271342 0.0178376 0.045401 0.0124327 0.00188226 0.00933854 
0.891457 0.0334531 0.018931 0.0317977 0.0107906 0.00150406 0.0120665 
0.910468 0.0266083 0.0178244 0.0190702 0.0112815 0.00241293 0.0123348 
0.890451 0.0395663 0.0176874 0.020615 0.0146199 0.00278797 0.0142726 
0.903602 0.0311558 0.0209927 0.0193677 0.00965178 0.00242624 0.0128039 
0.874942 0.0400696 0.0173944 0.0306347 0.0221746 0.00192149 0.0128633 
0.853716 0.0664345 0.01575 0.0360593 0.0165858 0.00182851 0.00962623 
0.885536 0.0436291 0.0200904 0.0227837 0.0100374 0.00187575 0.0160477 
0.889322 0.0340108 0.0242158 0.0212674 0.0130467 0.00217933 0.0159575 
0.903747 0.0325156 0.0209716 0.0178961 0.00875305 0.00272187 0.0133953 
0.903164 0.0316944 0.0273425 0.0199831 0.00449661 0.00211356 0.0112063 
0.918098 0.0245376 0.0247477 0.0197054 0.00529978 0.00136579 0.00624596 
0.896741 0.0243443 0.0204983 0.0378024 0.011557 0.00133251 0.00772442 
0.893627 0.0327584 0.0171728 0.0333118 0.0133812 0.00147075 0.00827809 
0.883078 0.0360412 0.0164003 0.0367328 0.015963 0.00207118 0.00971293 
0.884384 0.0336786 0.0170381 0.0330006 0.0199506 0.00203837 0.00991011 
0.855265 0.0392341 0.0115336 0.0406426 0.0403026 0.00215537 0.0108665 
0.880047 0.0323011 0.0226981 0.0426208 0.00861229 0.00129323 0.0124271 
0.89212 0.026106 0.0215137 0.0214253 0.0193399 0.00205047 0.0174444 
0.879768 0.0371285 0.0187416 0.0160069 0.0155126 0.00314853 0.0296941 
0.866993 0.0434284 0.0182989 0.0191791 0.019642 0.00395769 0.0285011 
0.854329 0.0276003 0.0192824 0.0275 0.0313855 0.00366087 0.0362416 
0.895046 0.0227924 0.0226687 0.0237051 0.0113801 0.00268604 0.0217214 
0.890365 0.0231564 0.0209528 0.0302703 0.0148076 0.0022216 0.0182267 
0.896038 0.0232955 0.0186694 0.0332937 0.0146036 0.0018905 0.0122096 
0.843118 0.0284582 0.0172259 0.0412621 0.0440571 0.00253022 0.0233489 
0.884961 0.032789 0.0173698 0.0287693 0.0212993 0.00289648 0.0119149 
0.87929 0.0207703 0.0185324 0.0302201 0.03681 0.00235881 0.0120183 
0.901256 0.0177298 0.0299598 0.0210969 0.00908489 0.00212306 0.0187493 
0.903112 0.0155151 0.033182 0.0122162 0.00490561 0.00307684 0.0279927 
0.898901 0.0246863 0.027343 0.0263065 0.00689558 0.00226045 0.0136073 
0.883201 0.0208961 0.0287894 0.0427884 0.00887435 0.00201772 0.0134328 
0.885688 0.031193 0.0285964 0.0250253 0.00689079 0.0018766 0.0207301 
0.863042 0.0417258 0.0305689 0.0166532 0.00655629 0.00213732 0.039316 
0.904787 0.0182675 0.0252011 0.0211854 0.0127327 0.00226883 0.0155579 
0.911134 0.0138727 0.0252115 0.0231136 0.0143886 0.00189109 0.0103888 
0.903164 0.0249828 0.0294599 0.0213449 0.00824396 0.00157068 0.0112339 
0.899233 0.0294999 0.0272098 0.0190345 0.0107354 0.00160287 0.0126846 
0.905275 0.0277725 0.0271708 0.0167214 0.00693824 0.00183849 0.0142836 
0.919357 0.0161605 0.0321346 0.0170005 0.00581805 0.00151573 0.00801311 
0.89442 0.0212903 0.0304312 0.0181898 0.00979755 0.00158782 0.024283 
0.899045 0.0252405 0.0244423 0.0179066 0.0133832 0.00221265 0.0177696 
0.909501 0.016256 0.0229727 0.0214682 0.0178176 0.00189564 0.0100892 
0.896302 0.0259016 0.0248791 0.0149229 0.0207032 0.00204941 0.0152413 
0.887106 0.0317099 0.0220745 0.0221306 0.0176156 0.00216619 0.0171971 
0.882446 0.0312698 0.0193017 0.0274513 0.0256736 0.00199705 0.0118606 
0.901265 0.0201234 0.0266797 0.0225142 0.0126839 0.00188975 0.014844 
0.893335 0.0204986 0.0331752 0.018344 0.0144949 0.00173004 0.0184218 
0.898925 0.0197255 0.0318713 0.0214867 0.00922237 0.00148695 0.0172822 
0.892061 0.0117843 0.0415581 0.0261665 0.00830727 0.00179968 0.0183233 
0.884245 0.0158658 0.0463173 0.0188125 0.00422678 0.00138844 0.0291438 
0.905536 0.0142258 0.0372136 0.0225014 0.00482763 0.00172438 0.0139709 
0.901315 0.0143072 0.0357824 0.0206676 0.00993917 0.00186498 0.0161235 
0.896758 0.0171065 0.0403689 0.0210435 0.00651287 0.00151409 0.0166961 
0.901639 0.0125016 0.0421384 0.0180828 0.00475417 0.00227765 0.0186065 
0.900285 0.0155327 0.0380175 0.0235496 0.00650072 0.00201884 0.0140958 
0.898541 0.0131384 0.0408674 0.0227472 0.00471338 0.00262471 0.0173675 
0.896668 0.0186101 0.0294665 0.0261642 0.00925906 0.00271199 0.0171201 
0.904472 0.0134998 0.0378707 0.023045 0.00436509 0.00202766 0.0147201 
0.903428 0.018677 0.0292591 0.0215195 0.0102434 0.00261285 0.0142596 
0.881574 0.0213529 0.0398588 0.0301773 0.00535964 0.00230058 0.0193773 
0.887117 0.0175855 0.0488796 0.0263344 0.00350112 0.00164242 0.0149402 
0.88222 0.0153272 0.0448253 0.034581 0.00954581 0.00203979 0.0114608 
0.858662 0.00910233 0.0739418 0.0377077 0.00674497 0.00176242 0.012079 
0.82156 0.00838892 0.0690606 0.0803141 0.00801063 0.00136333 0.0113023 
0.671625 0.0139349 0.054687 0.241672 0.00491436 0.00111231 0.0120544 
0.755111 0.0145036 0.100642 0.00294437 0.00406757 0.00250959 0.120222 
0.736905 0.0137005 0.0279475 0.19367 0.0183173 0.00171374 0.00774585 
0.860548 0.0119024 0.0377964 0.0342409 0.0306634 0.00171918 0.0231299 
0.747242 0.00877578 0.026192 0.176004 0.0305471 0.00201459 0.00922462 
0.844633 0.0221078 0.0274361 0.0794798 0.0163772 0.00148754 0.00847885 
0.874908 0.0155624 0.0373853 0.0537799 0.00646602 0.00193533 0.00996274 
0.889888 0.0240925 0.0358545 0.0242294 0.00861088 0.00229572 0.0150287 
0.877979 0.0110896 0.0551444 0.0421422 0.00305356 0.00143317 0.00915779 
0.856266 0.0162866 0.034262 0.0725598 0.00728527 0.00166301 0.0116773 
0.881299 0.0189915 0.0367703 0.0330616 0.00660321 0.00207344 0.0212006 
0.867767 0.0201441 0.0304547 0.0537558 0.0103443 0.00214299 0.0153907 
0.865262 0.0222997 0.0343563 0.0403107 0.0157359 0.00225897 0.019776 
0.774666 0.0210301 0.037242 0.137185 0.00691205 0.00594278 0.0170226 
0.911533 0.0189498 0.0297626 0.017567 0.00413273 0.00494402 0.0131106 
0.893182 0.0231231 0.029223 0.0306733 0.00763207 0.00309327 0.0130733 
0.872364 0.0481874 0.0220859 0.029294 0.0153228 0.00226774 0.0104782 
0.860792 0.0462377 0.0159689 0.0405159 0.0242872 0.00232754 0.00987023 
0.834807 0.0689164 0.0148118 0.0558168 0.015906 0.00229231 0.0074498 
0.782938 0.077016 0.0108819 0.0694828 0.0466487 0.0038587 0.00917415 
0.786794 0.0799108 0.0109825 0.0556072 0.0449743 0.00506983 0.0166614 
0.765078 0.0909775 0.0105278 0.0628355 0.050497 0.00612705 0.0139568 
0.72962 0.0707337 0.00906528 0.116092 0.0592947 0.00391281 0.0112816 
0.624561 0.142506 0.00797261 0.0724288 0.119836 0.0104683 0.022227 
0.683475 0.0672917 0.00974263 0.0773001 0.127081 0.00775919 0.0273504 
0.650804 0.0430374 0.00960863 0.20778 0.0737498 0.00385365 0.0111665 
0.555109 0.0578109 0.00856408 0.22704 0.13468 0.00509824 0.0116968 
0.57842 0.0583264 0.00893812 0.24157 0.0951147 0.00749179 0.0101391 
0.282748 0.0580325 0.00578675 0.468062 0.171183 0.0072677 0.00691948 
0.500998 0.142181 0.0078531 0.232551 0.099475 0.00722273 0.00971997 
0.223742 0.0928708 0.00694328 0.382076 0.277135 0.00857367 0.00865804 
0.311326 0.129861 0.0098512 0.268687 0.252983 0.0142258 0.0130654 
0.203349 0.115294 0.00897592 0.339924 0.30906 0.0121989 0.0111982 
0.193481 0.110073 0.00815216 0.439742 0.227403 0.0111728 0.00997666 
0.180963 0.107703 0.00824526 0.447749 0.232548 0.0128588 0.00993356 
0.254759 0.118696 0.00888291 0.387644 0.20861 0.0114648 0.00994363 
0.216067 0.129799 0.00841418 0.357249 0.263724 0.0139166 0.0108308 
0.116325 0.0478926 0.00221413 0.130703 0.696034 0.00379818 0.00303296 
0.177331 0.0845778 0.00507036 0.148602 0.569161 0.00898345 0.00627512 
0.400273 0.0964747 0.00725327 0.168332 0.303438 0.0155293 0.00869883 
0.312611 0.138437 0.0087921 0.237425 0.278789 0.0142427 0.00970258 
0.270736 0.0729824 0.00616464 0.323649 0.311634 0.00913699 0.00569694 
0.164279 0.0543989 0.00327284 0.406835 0.360674 0.00795334 0.00258659 
0.370537 0.102307 0.00717472 0.0978389 0.403944 0.0116628 0.006536 
0.190409 0.0932347 0.0063499 0.321849 0.368483 0.013882 0.00579274 
0.217135 0.104218 0.00713147 0.281268 0.37085 0.0130231 0.00637464 
0.223256 0.0905058 0.00562635 0.38583 0.276917 0.0130683 0.00479667 
0.169289 0.0780892 0.00517828 0.476262 0.25728 0.00987065 0.00403047 
0.15834 0.0912313 0.00632194 0.409307 0.31815 0.0111028 0.00554679 
0.144711 0.112895 0.00901626 0.412735 0.297966 0.0139641 0.00871322 
0.161493 0.102998 0.00929525 0.427352 0.278601 0.0116578 0.00860271 
0.215127 0.108815 0.00990822 0.334282 0.308953 0.0132841 0.00963091 
0.315841 0.119648 0.00925536 0.265351 0.268565 0.0124117 0.00892731 
0.278808 0.0771345 0.00537107 0.244909 0.382729 0.00558108 0.00546688 
0.384928 0.0876099 0.00744872 0.300852 0.206852 0.00524185 0.00706721 
0.119348 0.0536717 0.00295528 0.346887 0.470828 0.00334094 0.00296812 
0.32665 0.107618 0.00864453 0.184567 0.355085 0.00762456 0.00981049 
0.274398 0.107131 0.00874088 0.185241 0.406164 0.00825621 0.0100688 
0.259014 0.0910173 0.00677291 0.142688 0.485624 0.00697405 0.00790878 
0.18566 0.0836944 0.00709902 0.135517 0.572692 0.0074614 0.00787567 
0.187199 0.0746284 0.00584172 0.120086 0.598784 0.00647681 0.00698368 
0.206071 0.0841057 0.00719313 0.169601 0.51798 0.00774689 0.00730141 
0.167135 0.0554677 0.00308519 0.301004 0.466148 0.00346008 0.00370001 
0.422295 0.0642777 0.00619644 0.270785 0.224736 0.00506071 0.00664947 
0.693982 0.076459 0.00895217 0.138843 0.0695291 0.00358554 0.00864897 
0.675989 0.0863024 0.0107101 0.163911 0.0511651 0.00275581 0.00916685 
0.636018 0.057432 0.00892251 0.202599 0.0841401 0.00266604 0.00822221 
0.761457 0.0447105 0.0103961 0.128958 0.0455002 0.00196806 0.00701065 
0.678661 0.0565954 0.0111549 0.196417 0.0475695 0.00196304 0.00763985 
0.778113 0.0791383 0.0121933 0.0848834 0.0330223 0.00196214 0.0106875 
0.516183 0.0456729 0.010062 0.352986 0.0643148 0.00260474 0.00817629 
0.802819 0.0417652 0.0123955 0.0893297 0.0434903 0.00214245 0.00805819 
0.840324 0.0457876 0.0147848 0.0629949 0.0239391 0.00268365 0.00948592 
0.845666 0.0277821 0.0151813 0.0780443 0.0249159 0.00160635 0.00680365 
0.841628 0.0263111 0.015741 0.0832458 0.0255219 0.00172527 0.00582663 
0.72167 0.00821291 0.0623808 0.187805 0.00595436 8.16702E-4 0.0131602 
0.816799 0.00984747 0.0876537 0.05801 0.00675734 8.97195E-4 0.0200348 
0.815686 0.00944915 0.107783 0.0338263 0.0063325 7.75001E-4 0.0261476 
0.816935 0.00825273 0.110839 0.0289857 0.00694486 7.04561E-4 0.0273377 
0.846572 0.0137101 0.0831967 0.0306015 0.00950717 8.13835E-4 0.0155983 
0.829168 0.00921815 0.108466 0.024925 0.00356021 8.72491E-4 0.0237904 
0.768471 0.0114086 0.0673828 0.11651 0.0123899 0.00119684 0.0226402 
0.776759 0.0194192 0.130164 0.00376126 0.00212154 0.00160572 0.0661696 
0.810615 0.0116763 0.0651046 0.0930603 0.00567937 0.00121531 0.0126493 
0.841186 0.0100906 0.10023 0.0217763 0.00408871 7.67069E-4 0.0218607 
0.884645 0.0120709 0.0444327 0.0336061 0.0121047 0.00101759 0.0121227 
0.841651 0.0140798 0.0536547 0.0674453 0.010117 8.15546E-4 0.0122367 
0.790761 0.010272 0.0840695 0.0926483 0.00379221 7.55292E-4 0.0177021 
0.765665 0.0111982 0.0984222 0.105865 0.00264824 7.77672E-4 0.0154247 
0.812742 0.011931 0.0603429 0.0841823 0.0150466 0.00100854 0.0147466 
0.842284 0.013188 0.0664623 0.0363263 0.0158657 0.00116241 0.0247112 
0.835428 0.0237866 0.0412588 0.0760172 0.0133936 9.77064E-4 0.00913834 
0.827533 0.0248087 0.0492849 0.0810144 0.0080599 8.419E-4 0.00845727 
0.841704 0.0319096 0.0614416 0.038644 0.0109319 0.00101964 0.0143492 
0.850188 0.0222509 0.0627548 0.0452238 0.00652603 0.00107362 0.0119833 
0.842285 0.0207973 0.0687308 0.0419047 0.00885944 0.00137125 0.0160511 
0.835897 0.0167849 0.0634148 0.0605777 0.0130063 9.11435E-4 0.00940765 
0.797571 0.0152689 0.0566657 0.111442 0.00991488 8.72327E-4 0.008265 
0.778502 0.0116015 0.049444 0.139325 0.0120211 8.93715E-4 0.0082126 
0.7994 0.0183939 0.0480105 0.116641 0.00965986 0.00101051 0.0068834 
0.808931 0.0141267 0.0707411 0.0896258 0.00559456 8.92255E-4 0.0100886 
0.782649 0.0159254 0.0874064 0.096015 0.00564535 8.84586E-4 0.0114739 
0.800276 0.0122601 0.0734997 0.0874675 0.0116754 9.48755E-4 0.0138723 
0.809307 0.0151316 0.0790707 0.0781804 0.00776695 9.20923E-4 0.00962202 
0.841082 0.0199555 0.0754168 0.0388719 0.00951688 0.00112502 0.0140314 
0.794796 0.0112743 0.0886414 0.0769265 0.0149631 8.8498E-4 0.0125132 
0.808246 0.0101237 0.0821191 0.0795476 0.00877905 7.41954E-4 0.0104429 
0.835981 0.0130098 0.0820287 0.0471159 0.00624187 0.00121373 0.0144089 
0.747533 0.0108225 0.0450382 0.171415 0.0172349 9.92354E-4 0.0069638 
0.825986 0.0161778 0.0678034 0.0605309 0.0147499 0.00127141 0.0134802 
0.807986 0.0207805 0.0726828 0.0710763 0.0125819 0.00130404 0.0135887 
0.827589 0.0156926 0.0810565 0.0506302 0.00765847 0.00143542 0.0159376 
0.813967 0.0134069 0.0720318 0.0748487 0.0146685 0.0012725 0.00980447 
0.824972 0.0163218 0.0837401 0.0559583 0.00648198 9.90309E-4 0.0115351 
0.813665 0.0125439 0.0806541 0.0719706 0.00894448 0.00116623 0.011056 
0.806632 0.0148865 0.0911002 0.0594944 0.00917105 0.00132229 0.0173932 
0.835403 0.0163886 0.0838955 0.0401284 0.0107921 0.00110626 0.0122862 
0.811755 0.0172947 0.0883105 0.0578346 0.0084191 0.00121408 0.015172 
0.82294 0.0112535 0.0999788 0.0443189 0.00727782 8.15944E-4 0.0134149 
0.819818 0.00993567 0.0777156 0.0683677 0.00951069 0.00100954 0.0136427 
0.826336 0.0139162 0.0851776 0.0443776 0.0109505 0.00130631 0.0179359 
0.806077 0.0144767 0.068814 0.0864062 0.0111644 9.86656E-4 0.0120749 
0.834571 0.0100275 0.0855822 0.0472323 0.00661885 7.52447E-4 0.0152159 
0.80866 0.0122696 0.0986414 0.049198 0.00895445 7.61674E-4 0.0215147 
0.830833 0.0107315 0.0622197 0.0695016 0.0120485 8.29371E-4 0.0138363 
0.83893 0.00994702 0.0753338 0.0564825 0.00696237 7.345E-4 0.0116093 
0.831665 0.0120248 0.0750616 0.0666859 0.00561166 6.66441E-4 0.00828512 
0.783428 0.00772842 0.139136 0.055736 0.00191349 5.16811E-4 0.0115406 
0.796201 0.00985101 0.124819 0.0511555 0.00264765 5.37264E-4 0.0147887 
0.824023 0.010116 0.101642 0.0477349 0.00298763 6.13951E-4 0.0128826 
0.792026 0.00737851 0.123383 0.0598451 0.00248723 5.162E-4 0.0143643 
0.832828 0.0101875 0.0785945 0.0545463 0.00301484 6.80143E-4 0.020149 
