0.868657 0.0315343 0.0617481 0.0157973 0.00209976 0.00235322 0.0178102 
0.871208 0.0400789 0.0479006 0.0186929 0.00284775 0.00297505 0.0162967 
0.874007 0.0307821 0.0551533 0.016382 0.00292949 0.00242914 0.0183172 
0.851737 0.0398975 0.0632738 0.0192708 0.00269669 0.00214311 0.0209811 
0.875395 0.0250083 0.0615285 0.0190608 0.00177882 0.00233463 0.014894 
0.883674 0.0383346 0.0406245 0.0146333 0.00325062 0.00319465 0.016288 
0.887082 0.0237622 0.0535773 0.00962847 0.0022149 0.00325035 0.020485 
0.894641 0.0184785 0.055425 0.00696186 0.00179566 0.00322499 0.0194731 
0.888927 0.0257467 0.0483812 0.00724525 0.00199298 0.00373704 0.0239694 
0.86184 0.0376164 0.0523426 0.02444 0.00389235 0.00198413 0.0178845 
0.881504 0.0317522 0.0431676 0.0195374 0.00416513 0.00282109 0.0170524 
0.874438 0.0424334 0.0369922 0.0153647 0.00768715 0.00345406 0.0196304 
0.873565 0.045932 0.0364028 0.0167053 0.00624309 0.0045588 0.0165928 
0.847908 0.0569151 0.0339509 0.0355282 0.00825217 0.00265798 0.0147877 
0.855459 0.0562195 0.0390876 0.0152261 0.00480354 0.00374701 0.0254576 
0.869704 0.0405232 0.0342667 0.0202511 0.00988996 0.00318041 0.0221847 
0.851425 0.0550108 0.0347679 0.0252784 0.00886495 0.00297792 0.0216751 
0.872856 0.0330392 0.0351207 0.0279192 0.0115888 0.00245251 0.0170231 
0.887093 0.0247894 0.0418344 0.017663 0.0044928 0.00255424 0.0215727 
0.877676 0.0294927 0.0388385 0.0275052 0.00701226 0.00241693 0.0170588 
0.869811 0.0400591 0.0368428 0.0230723 0.00867313 0.00280574 0.0187358 
0.868564 0.0494956 0.0353484 0.0214366 0.00504633 0.00286649 0.0172421 
0.882153 0.0400401 0.0379264 0.0134142 0.00294458 0.00285174 0.0206695 
0.866305 0.0554525 0.0306563 0.0193299 0.00321469 0.0046647 0.020377 
0.831694 0.0812955 0.0227605 0.033138 0.0110681 0.00290907 0.0171345 
0.826335 0.0806748 0.0245902 0.0393242 0.00924587 0.00312003 0.0167103 
0.815755 0.0714128 0.0344695 0.0440946 0.00822506 0.00245626 0.0235871 
0.846781 0.0534666 0.0276035 0.0427559 0.00934111 0.00237061 0.0176815 
0.817701 0.0853658 0.0295104 0.0399237 0.0058687 0.00268669 0.0189443 
0.832009 0.052149 0.0250644 0.0662534 0.0109728 0.00187956 0.0116716 
0.8402 0.0450144 0.0258185 0.0553344 0.0176227 0.00207094 0.0139391 
0.833344 0.0683815 0.0251899 0.0349092 0.0141005 0.00227616 0.0217991 
0.833306 0.0661903 0.0274603 0.0401804 0.00980062 0.00208159 0.0209808 
0.849443 0.0650735 0.0260473 0.0317433 0.00884049 0.00257301 0.0162792 
0.830917 0.0834485 0.0250455 0.0283882 0.00965301 0.0030532 0.0194944 
0.844432 0.0654334 0.0310726 0.0261531 0.00624821 0.00280744 0.0238535 
0.832126 0.0759452 0.0343895 0.0267549 0.00702181 0.00278431 0.0209783 
0.85778 0.0502668 0.0403558 0.0253517 0.00395568 0.00245917 0.019831 
0.836453 0.066743 0.0323244 0.0373707 0.00727051 0.00243472 0.0174038 
0.856062 0.0511886 0.0334728 0.0272949 0.00836386 0.00220881 0.0214095 
0.81252 0.0811087 0.026606 0.0390905 0.0171589 0.00282146 0.0206947 
0.844516 0.0738401 0.0253807 0.0266278 0.00956176 0.00300157 0.017072 
0.823044 0.0979456 0.0237972 0.0245798 0.00883883 0.00354264 0.0182515 
0.846789 0.0661053 0.0290509 0.0321161 0.00800566 0.00299696 0.0149364 
0.874247 0.0352874 0.0332136 0.0234843 0.00578662 0.00282628 0.0251548 
0.860377 0.0452634 0.0296165 0.0247421 0.0120732 0.00281902 0.0251088 
0.850353 0.04637 0.0271185 0.0435654 0.0131002 0.00224936 0.0172433 
0.834877 0.0634298 0.0188587 0.0481082 0.0209527 0.00297228 0.0108015 
0.827864 0.0451259 0.0198884 0.0668875 0.0271569 0.00184878 0.0112289 
0.831125 0.0478565 0.0189143 0.0596636 0.0283169 0.00233163 0.0117917 
0.835446 0.0539365 0.0229326 0.0536523 0.0165463 0.00264987 0.0148368 
0.829448 0.0627535 0.0218244 0.0506575 0.0171825 0.00285796 0.0152757 
0.826626 0.063384 0.0237743 0.0553253 0.0142098 0.00224747 0.0144326 
0.804192 0.109138 0.0206751 0.0318625 0.0152844 0.00319878 0.0156498 
0.790037 0.101655 0.0228142 0.0572556 0.0102597 0.00376056 0.0142182 
0.801291 0.080215 0.0270611 0.0442048 0.0227031 0.0033258 0.0211991 
0.828599 0.0694463 0.0310163 0.0399141 0.0129924 0.00336554 0.0146668 
0.829052 0.0788958 0.0301859 0.0358652 0.00759452 0.00248143 0.0159249 
0.812248 0.0714402 0.026608 0.0632591 0.0118606 0.00219878 0.0123858 
0.772531 0.0447142 0.0338107 0.12397 0.0117006 0.00124386 0.0120298 
0.779404 0.0418003 0.0307712 0.124025 0.0116615 0.0012965 0.0110419 
0.781726 0.0485944 0.0297288 0.117226 0.0108753 0.00159741 0.010252 
0.758976 0.0441718 0.0204931 0.140786 0.0238852 0.00151111 0.0101765 
0.817263 0.0478056 0.0231857 0.0797927 0.0182658 0.00229219 0.0113947 
0.770165 0.0656419 0.0208923 0.100518 0.0264046 0.00212771 0.0142505 
0.822743 0.0446632 0.0226424 0.0700294 0.0251778 0.00217532 0.0125692 
0.740895 0.0907522 0.0208805 0.0993962 0.0319414 0.00233338 0.0138015 
0.790969 0.0796891 0.0284567 0.0775709 0.00775403 0.00179979 0.0137601 
0.744939 0.133476 0.0176629 0.0699642 0.0184341 0.00245644 0.0130674 
0.766441 0.096595 0.017583 0.0817129 0.0234666 0.00193502 0.0122662 
0.743291 0.0979773 0.0233011 0.10744 0.0135247 0.00221297 0.012253 
0.753507 0.0438399 0.0340173 0.138822 0.0130971 0.00122813 0.0154888 
0.801786 0.0584595 0.0293963 0.0788561 0.0137639 0.00169755 0.0160406 
0.78745 0.0828495 0.0245071 0.079846 0.0092119 0.0021577 0.0139774 
0.810163 0.0792699 0.0240722 0.0588408 0.0137445 0.00180841 0.0121011 
0.742258 0.0853965 0.0183174 0.102996 0.0366461 0.00207106 0.0123146 
0.793704 0.0614731 0.0279711 0.0843364 0.0185467 0.00145972 0.0125091 
0.779616 0.0502677 0.0257046 0.0953991 0.0328191 0.00161343 0.0145803 
0.721301 0.0930427 0.0275112 0.115595 0.0235639 0.00172365 0.0172631 
0.726231 0.0922355 0.0265598 0.126488 0.0133049 0.00130374 0.0138777 
0.685455 0.0734981 0.0224049 0.176043 0.0292699 0.00158048 0.0117491 
0.693018 0.048735 0.0228475 0.190545 0.0320298 0.00141936 0.0114049 
0.776317 0.0384721 0.0361515 0.11904 0.013409 0.00127893 0.0153315 
0.779527 0.0508917 0.0392864 0.103305 0.0079859 0.00164353 0.0173597 
0.795997 0.039491 0.0314997 0.101966 0.0177347 0.00181433 0.011497 
0.79567 0.0409319 0.0414808 0.0957182 0.0130675 0.00174041 0.0113909 
0.735957 0.0304184 0.0445961 0.150861 0.0233743 0.00129574 0.0134971 
0.815551 0.0322253 0.0494855 0.057435 0.025326 0.0021832 0.0177942 
0.799742 0.0264702 0.0474802 0.0895222 0.018753 0.00145263 0.0165801 
0.714537 0.0330979 0.0354759 0.184763 0.0194477 0.00131163 0.0113667 
0.790353 0.0347438 0.0899261 0.0526165 0.00410316 0.00172659 0.0265307 
0.806237 0.0410237 0.0556904 0.0728597 0.00713584 0.00150187 0.015551 
0.809065 0.0244738 0.0637574 0.0681368 0.0191519 0.0013838 0.014031 
0.802723 0.0331021 0.0364338 0.0782714 0.0331686 0.00188601 0.0144155 
0.813095 0.0425493 0.0321695 0.0709405 0.0288811 0.00187135 0.0104937 
0.77973 0.0507917 0.0269379 0.069791 0.0575788 0.00204943 0.013121 
0.772976 0.0297227 0.0376871 0.11542 0.0316683 0.00137515 0.0111513 
0.793982 0.0258777 0.0597915 0.0987566 0.0101622 0.00104831 0.0103818 
0.795403 0.0517749 0.0592167 0.0596889 0.00760308 0.00228126 0.0240326 
0.780986 0.0752002 0.0426681 0.0750737 0.010055 0.00246767 0.0135495 
0.775218 0.0462793 0.0382067 0.120051 0.00562025 0.00235941 0.0122653 
0.840549 0.0489546 0.0441388 0.0360317 0.00174716 0.00532854 0.0232504 
0.79562 0.0538062 0.0468925 0.0776857 0.00233938 0.00451465 0.0191413 
0.869215 0.0205444 0.0577211 0.020526 0.00174978 0.00279879 0.0274444 
0.841796 0.0311005 0.0569267 0.042549 0.00294124 0.00228147 0.0224051 
0.842059 0.0341382 0.0686768 0.027847 0.00167426 0.00191416 0.0236902 
0.87722 0.0325007 0.0507157 0.0135403 0.0037028 0.0018372 0.0204829 
0.865544 0.0291334 0.0706968 0.016083 0.00110312 0.00329394 0.0141455 
0.870839 0.0226789 0.0779586 0.0106376 0.00128825 0.00255848 0.0140387 
0.867332 0.0189914 0.0804498 0.00993347 0.00195384 0.00190556 0.0194338 
0.857373 0.0172272 0.0915145 0.00765676 0.00164702 0.00173287 0.0228484 
0.839671 0.022296 0.0985238 0.00867309 0.00174928 0.00181123 0.0272759 
0.843586 0.0273421 0.0855842 0.00962956 0.00545129 0.00160234 0.0268048 
0.856246 0.0349797 0.067371 0.0177719 0.00393189 0.00147012 0.0182289 
0.859953 0.0233778 0.0774294 0.0158469 0.00241821 0.00194999 0.0190251 
0.864815 0.0334709 0.0664717 0.0137106 0.00228835 0.00195697 0.0172868 
0.88155 0.0322413 0.055408 0.00908405 0.00273802 0.00214124 0.0168377 
0.87267 0.0314259 0.0612127 0.0116275 0.00214308 0.0019815 0.018939 
0.883715 0.0293275 0.0523413 0.0137851 0.00374647 0.00185218 0.0152323 
0.875276 0.0250064 0.0700533 0.0113034 0.00213752 0.00181427 0.0144089 
0.830865 0.0252609 0.10825 0.00406438 8.727E-4 0.00269239 0.0279953 
0.847114 0.0273396 0.0912703 0.0113367 0.00129137 0.00226459 0.0193838 
0.859952 0.0280141 0.0756582 0.00704283 0.00154074 0.0025826 0.0252097 
0.848202 0.0175793 0.102232 0.00542839 7.22351E-4 0.00242137 0.0234148 
0.857074 0.0180255 0.0881869 0.0125219 0.002365 0.00193542 0.0198907 
0.832653 0.0120171 0.121023 0.00816403 9.22222E-4 0.00223488 0.0229854 
0.850738 0.0134981 0.0933763 0.0139603 0.00226885 0.00202276 0.0241362 
0.873375 0.0155117 0.0791943 0.00805628 0.00200322 0.00262082 0.0192385 
0.843161 0.0161611 0.0993168 0.00946565 0.001835 0.00248983 0.0275702 
0.856468 0.0135844 0.0915206 0.00985244 0.00157691 0.00240378 0.0245937 
0.867895 0.0123979 0.0838782 0.00990124 0.00273935 0.0028794 0.0203091 
0.869397 0.0198841 0.0746087 0.0156284 0.00318956 0.00168023 0.0156119 
0.853276 0.0197802 0.0896054 0.0078005 0.00166281 0.00243916 0.0254359 
0.862306 0.0207923 0.0770478 0.0126003 0.00332612 0.00164435 0.022283 
0.842392 0.0141461 0.103602 0.00648712 0.00139318 0.00255633 0.0294232 
0.863087 0.016403 0.0818243 0.00810199 0.00224752 0.00221976 0.0261164 
0.875765 0.0238311 0.066736 0.00936964 0.00290897 0.00250742 0.0188821 
0.868108 0.0224168 0.0715863 0.0064479 0.00355086 0.00271938 0.0251711 
0.852099 0.0178358 0.0930612 0.00387083 0.00166741 0.00379068 0.0276747 
0.856915 0.0185095 0.0828684 0.00699369 0.00222108 0.00319046 0.0293017 
0.851553 0.0272173 0.0828216 0.00682192 0.00161222 0.00389996 0.0260744 
0.876896 0.0235574 0.0674919 0.0108161 0.00196812 0.0027563 0.0165145 
0.871781 0.0209624 0.0707714 0.01474 0.00224605 0.00240086 0.0170982 
0.865444 0.02554 0.07518 0.00944813 0.00337146 0.00295463 0.0180622 
0.881336 0.0292471 0.0525656 0.0111374 0.00499054 0.00257694 0.0181467 
0.867748 0.0354696 0.056409 0.0155743 0.00378105 0.00332485 0.0176933 
0.872397 0.0394603 0.0508438 0.0147881 0.00275036 0.00409406 0.0156665 
0.870453 0.0435286 0.0503084 0.0114906 0.00335341 0.00465842 0.0162078 
0.862177 0.0515057 0.0472405 0.0136699 0.00410717 0.00384724 0.0174525 
0.864012 0.0271917 0.0646091 0.0224444 0.00529948 0.00167188 0.0147717 
0.856117 0.0483268 0.0489741 0.0226433 0.00480644 0.00248003 0.0166524 
0.8549 0.0292921 0.0696622 0.0184456 0.00305551 0.00293766 0.0217073 
0.850918 0.042139 0.0553925 0.0136175 0.0130829 0.00337966 0.0214706 
0.869865 0.0266839 0.0549996 0.010927 0.0102726 0.00260504 0.0246464 
0.848703 0.0195497 0.0810699 0.0212068 0.00598332 0.001761 0.0217261 
0.872221 0.0195819 0.0704087 0.0119657 0.00347513 0.00309992 0.0192477 
0.872431 0.0201749 0.0708973 0.00824802 0.00306583 0.00357457 0.0216086 
0.868393 0.0251608 0.07035 0.0106474 0.00254759 0.00498651 0.0179151 
0.853014 0.0444079 0.0536612 0.0218069 0.00545719 0.00262051 0.0190327 
0.873448 0.0306054 0.0561727 0.0155991 0.00357626 0.00218757 0.0184105 
0.867577 0.032886 0.0518844 0.014917 0.0107444 0.00262634 0.0193648 
0.863683 0.0245711 0.0731362 0.00588494 0.00290561 0.00330845 0.0265105 
0.860233 0.0412309 0.0537742 0.0121728 0.00654169 0.00310801 0.0229389 
0.875211 0.0398155 0.0428928 0.00982771 0.00506801 0.00378023 0.0234048 
0.859861 0.0513138 0.047296 0.0129442 0.00512845 0.00343593 0.0200208 
0.866356 0.0511604 0.041943 0.0163634 0.0059088 0.00369016 0.0145785 
0.852335 0.0440923 0.0660913 0.0109026 0.00345521 0.00301691 0.020107 
0.877829 0.0239134 0.0597208 0.0153843 0.00389576 0.00175007 0.0175068 
0.875808 0.035321 0.055638 0.0106643 0.00357533 0.00291515 0.0160784 
0.815302 0.104531 0.0332003 0.0143617 0.00990157 0.00535522 0.0173482 
0.861786 0.0633577 0.0381816 0.00804377 0.0046935 0.00460544 0.0193316 
0.857507 0.0656601 0.0374513 0.014611 0.00572626 0.00318187 0.0158629 
0.833523 0.0825852 0.0397203 0.0220979 0.00388751 0.00309823 0.0150881 
0.858394 0.0573335 0.0396939 0.0220976 0.00657062 0.00205486 0.0138554 
0.861134 0.0397188 0.0479054 0.0209436 0.00884085 0.00181606 0.0196415 
0.848769 0.051675 0.04946 0.0310417 0.00536965 0.0017115 0.0119733 
0.868994 0.0416792 0.0536394 0.01296 0.00456262 0.00243643 0.0157282 
0.83284 0.0707319 0.0490134 0.0186509 0.00646973 0.00189446 0.0204 
0.832464 0.0819043 0.0424368 0.0227005 0.00488903 0.00233901 0.0132664 
0.829785 0.0851549 0.044171 0.014739 0.00378962 0.00258565 0.0197746 
0.836277 0.0768295 0.0391186 0.0174245 0.0101589 0.00226752 0.0179241 
0.880073 0.0306822 0.0540161 0.0135183 0.0033964 0.0036075 0.0147068 
0.845086 0.0440503 0.0605196 0.030266 0.0027655 0.00205463 0.015258 
0.860196 0.0343793 0.0547273 0.028957 0.00746344 0.00199972 0.0122776 
0.834455 0.0458117 0.0500416 0.0413301 0.0115237 0.00203986 0.0147985 
0.821062 0.0476948 0.0618491 0.0323439 0.0143904 0.00220935 0.0204508 
0.843117 0.0415959 0.065558 0.0192989 0.00438338 0.00226375 0.0237835 
0.854913 0.0264158 0.0719798 0.0149277 0.00555199 0.00278707 0.0234248 
0.835977 0.0369873 0.0615997 0.0325217 0.0132468 0.00211808 0.0175496 
0.830003 0.0272555 0.0892127 0.0189434 0.00833684 0.00275665 0.0234914 
0.823232 0.0475197 0.0758517 0.0288194 0.0038205 0.0025071 0.0182492 
0.813993 0.0824277 0.0326222 0.0205304 0.0309153 0.00487358 0.0146378 
0.840135 0.0696689 0.0472321 0.0131426 0.00688218 0.00563911 0.0173003 
0.830748 0.0544186 0.0526471 0.0185339 0.0169054 0.00561967 0.0211277 
0.869623 0.0340787 0.0466441 0.017363 0.0116619 0.00314053 0.0174882 
0.870077 0.0365388 0.0484781 0.0148645 0.0112718 0.00310791 0.0156623 
0.814319 0.0718738 0.0359384 0.0257034 0.0309704 0.00491105 0.0162837 
0.85199 0.0463609 0.0382383 0.0260075 0.0150232 0.00305513 0.0193252 
0.859069 0.0470078 0.042518 0.0276412 0.00808401 0.00240279 0.0132776 
0.86473 0.0429957 0.0484489 0.0156098 0.0044457 0.00266735 0.0211025 
0.856521 0.0477426 0.0474978 0.0245185 0.0029359 0.00483341 0.0159503 
0.860078 0.0403908 0.0475069 0.0231896 0.00813077 0.00216016 0.0185438 
0.858154 0.0444743 0.0442133 0.0244359 0.0082426 0.00291219 0.0175673 
0.854395 0.0367092 0.0443038 0.0394713 0.00650755 0.00248294 0.0161306 
0.857045 0.0361228 0.0530206 0.0254959 0.00503475 0.00245542 0.0208251 
0.878553 0.0280428 0.0503832 0.0136821 0.00529207 0.0028098 0.0212366 
0.863755 0.0383168 0.0372129 0.0305278 0.0139445 0.0027477 0.0134949 
0.833968 0.075522 0.0348253 0.0196946 0.0133627 0.00339843 0.0192293 
0.85618 0.0507839 0.0414494 0.0221627 0.00816347 0.00219772 0.0190624 
0.864333 0.041832 0.041342 0.0225648 0.00927162 0.00224771 0.0184092 
0.882003 0.0320534 0.0404973 0.0161398 0.00889454 0.0022148 0.0181974 
0.867931 0.0393196 0.0406543 0.0240061 0.0092489 0.00221805 0.0166224 
0.871441 0.0352105 0.0480038 0.0185183 0.00456059 0.00165943 0.0206062 
0.898857 0.0247278 0.0411658 0.0105937 0.0048778 0.00243557 0.0173424 
0.864617 0.0588395 0.0355512 0.014424 0.00564454 0.00285228 0.0180719 
0.856288 0.0574225 0.04073 0.0203197 0.00582366 0.00246819 0.0169483 
0.855161 0.05228 0.0417211 0.0208485 0.00744218 0.00233094 0.0202159 
0.842016 0.0568714 0.0280421 0.0415511 0.0166797 0.00216177 0.0126783 
0.858696 0.0401375 0.0338403 0.0413772 0.0125838 0.00161119 0.0117538 
0.837883 0.0611126 0.0259283 0.0410265 0.0195451 0.00200495 0.0124996 
0.848323 0.070206 0.0286381 0.0284292 0.00794077 0.00230761 0.014155 
0.835026 0.0667228 0.038568 0.0406118 0.00473284 0.00191669 0.0124215 
0.875437 0.0458433 0.0380288 0.0211185 0.00421877 0.00219063 0.0131626 
0.852039 0.0706488 0.0281522 0.0273693 0.00785573 0.00296139 0.0109738 
0.851585 0.0620362 0.026479 0.0301142 0.0160229 0.00214639 0.0116162 
0.854661 0.0575564 0.0254038 0.0360707 0.0116255 0.00258656 0.0120963 
0.847962 0.0536137 0.0271877 0.0397796 0.0157951 0.00205371 0.0136084 
0.837152 0.0790129 0.0250515 0.0287481 0.0156412 0.00244086 0.0119533 
0.80813 0.0921152 0.0288515 0.0443626 0.00947154 0.00191983 0.0151497 
0.836459 0.0600441 0.0308962 0.0396544 0.0134268 0.00210409 0.0174151 
0.833402 0.0735166 0.0271232 0.0374791 0.0146952 0.00194157 0.011842 
0.864249 0.0446658 0.0386116 0.0279893 0.00593871 0.00184707 0.016698 
0.818869 0.0805177 0.0289258 0.0464171 0.00988379 0.00236991 0.0130163 
0.839509 0.0620051 0.0275327 0.0351675 0.0198857 0.00240321 0.013497 
0.73751 0.0620849 0.0198957 0.108773 0.0563809 0.00244836 0.012908 
0.816779 0.0565432 0.0268832 0.061102 0.0233612 0.0019008 0.0134302 
0.818953 0.0552898 0.0245071 0.0583145 0.0273211 0.00238908 0.0132256 
0.831842 0.0428287 0.0232708 0.0624821 0.0254316 0.00192913 0.0122152 
0.81056 0.0520215 0.032623 0.075646 0.0150345 0.00177667 0.0123381 
0.844881 0.0540677 0.0347722 0.0407542 0.0083197 0.00219658 0.0150086 
0.854949 0.0352565 0.0490884 0.0297307 0.0064497 0.00201718 0.0225084 
0.836581 0.0655465 0.0302335 0.043053 0.0106492 0.00198131 0.0119559 
0.780449 0.097995 0.0231997 0.0551595 0.0238335 0.00320647 0.0161571 
0.830625 0.0577839 0.0290215 0.0373153 0.0238248 0.00272517 0.0187045 
0.803542 0.0942302 0.0236016 0.0350529 0.019455 0.00307813 0.02104 
0.838026 0.056932 0.0260621 0.0426604 0.0173297 0.00230275 0.016687 
0.838713 0.065052 0.0258171 0.0369695 0.0141271 0.00300186 0.0163194 
0.82601 0.0799692 0.0293815 0.0339715 0.0108258 0.00341779 0.0164244 
0.826487 0.0725107 0.0312706 0.0383528 0.0117555 0.00272564 0.0168975 
0.841274 0.0593459 0.030451 0.0404163 0.00995041 0.00256167 0.0160005 
0.807499 0.068871 0.0241181 0.0609722 0.0221527 0.00202755 0.0143599 
0.777502 0.0984878 0.0233103 0.0588269 0.0235608 0.00210103 0.0162109 
0.81875 0.0798014 0.0234072 0.0418073 0.0172616 0.00274087 0.0162318 
0.832773 0.0503832 0.0337495 0.0525637 0.011111 0.00184827 0.0175712 
0.815481 0.0504415 0.0269522 0.0585588 0.0308825 0.00191457 0.0157694 
0.843387 0.0426771 0.0338825 0.0529633 0.0128391 0.0017918 0.0124596 
0.821223 0.0522844 0.0264293 0.0676697 0.0206408 0.00188034 0.00987257 
0.815646 0.0531548 0.0270972 0.0605333 0.0265062 0.001896 0.0151661 
0.816161 0.0543046 0.0293761 0.062945 0.0198268 0.00203046 0.015356 
0.805677 0.045575 0.0324778 0.0800885 0.0193283 0.00195567 0.0148982 
0.790268 0.0509502 0.027568 0.0957943 0.0190637 0.00197125 0.0143841 
0.777073 0.0763913 0.0204412 0.0701784 0.0379088 0.00284053 0.0151667 
0.816091 0.0627241 0.0276969 0.0505379 0.0241513 0.00216907 0.0166293 
0.744895 0.105278 0.0236484 0.0827754 0.0295289 0.00247473 0.0113996 
0.77777 0.0628502 0.0327584 0.0851408 0.0245628 0.00195036 0.014967 
0.771424 0.0810879 0.0233675 0.0599562 0.0453783 0.00299113 0.0157947 
0.853541 0.0358991 0.0411651 0.035293 0.0153719 0.00243447 0.0162953 
0.82114 0.0617471 0.0271754 0.0541004 0.0200036 0.00251854 0.0133152 
0.806654 0.0372051 0.0297199 0.0847046 0.028218 0.00173921 0.0117588 
0.852569 0.0394522 0.0343916 0.0384556 0.0186759 0.00196788 0.014488 
0.863555 0.0440243 0.0330879 0.0259338 0.0146573 0.00252636 0.016215 
0.841967 0.0542988 0.0363472 0.0334744 0.0126499 0.0021148 0.0191476 
0.801595 0.0653787 0.0342072 0.0609401 0.0191436 0.00169712 0.0170383 
0.809187 0.0416801 0.0371168 0.0689707 0.0218701 0.0017361 0.0194395 
0.823526 0.0595865 0.0255726 0.0404107 0.0361799 0.00268234 0.0120421 
0.849415 0.039342 0.0547483 0.0288425 0.00669368 0.00164233 0.0193165 
0.800049 0.0867782 0.0300628 0.0400385 0.0254027 0.00218656 0.0154826 
0.806637 0.0879361 0.0271292 0.0452454 0.0176831 0.00195864 0.0134104 
0.801586 0.0713687 0.0250717 0.0619145 0.0262513 0.00197623 0.0118315 
0.778201 0.0628181 0.0187791 0.0796925 0.0464602 0.00207655 0.011973 
0.829963 0.0279218 0.0192918 0.0562132 0.0535828 0.00202197 0.0110052 
0.840443 0.0391634 0.0292632 0.0576955 0.0185409 0.00166723 0.0132268 
0.835933 0.0287897 0.0298619 0.0568742 0.0302503 0.00162481 0.0166659 
0.776195 0.0477348 0.027565 0.0981774 0.0341329 0.00199802 0.0141968 
0.798117 0.064407 0.0290855 0.0630605 0.0236921 0.00217516 0.0194632 
0.808221 0.0410798 0.0387253 0.0765413 0.0176966 0.00189498 0.0158412 
0.788187 0.0635387 0.0331961 0.0656959 0.0276361 0.00235468 0.0193913 
0.746718 0.0436979 0.0234518 0.1081 0.0624614 0.00193902 0.0136319 
0.856968 0.0358794 0.0378835 0.0321922 0.0198484 0.00183545 0.0153931 
0.859663 0.0512254 0.0308966 0.0261203 0.0140082 0.00342104 0.0146657 
0.794131 0.0355193 0.0396779 0.0899852 0.0207138 0.00145184 0.0185208 
0.838612 0.0278339 0.044136 0.0527884 0.0147882 0.00156424 0.020277 
0.809711 0.0668752 0.0303214 0.051516 0.0230024 0.00257131 0.0160027 
0.811812 0.0403026 0.0342385 0.0718134 0.0267768 0.00203284 0.013024 
0.802059 0.0516636 0.0242475 0.0541337 0.0502852 0.0026021 0.0150092 
0.815935 0.0326301 0.0490475 0.0605027 0.0173346 0.00173733 0.0228127 
0.812232 0.0361158 0.0293267 0.0638873 0.0387426 0.0019511 0.0177447 
0.836745 0.039484 0.0397947 0.0518225 0.0139273 0.00178741 0.0164388 
0.832113 0.0415571 0.0308514 0.056222 0.0232166 0.00236269 0.0136769 
0.820412 0.0363805 0.0276189 0.0793847 0.0231816 0.00203864 0.0109841 
0.835388 0.0388563 0.0319423 0.0513806 0.0234444 0.002445 0.0165431 
0.80428 0.0537467 0.0238756 0.0522239 0.0455537 0.00310503 0.0172147 
0.755562 0.0535992 0.0194982 0.0974256 0.0602387 0.00291502 0.0107613 
0.780686 0.0514258 0.0243877 0.0618789 0.0638089 0.00267505 0.0151375 
0.768683 0.0780449 0.0221693 0.0500858 0.0600621 0.00381189 0.0171428 
0.772456 0.0631023 0.023845 0.0717421 0.0496145 0.00288068 0.0163595 
0.784187 0.0493786 0.0234087 0.0790857 0.0485453 0.00240191 0.0129929 
0.833826 0.0537693 0.0296454 0.0365398 0.0274471 0.00280285 0.0159692 
0.810106 0.0680116 0.0339401 0.0442865 0.0199121 0.00330163 0.0204416 
0.792592 0.0883508 0.0345871 0.0482879 0.0154042 0.00302863 0.0177495 
0.788208 0.08436 0.0304732 0.0586843 0.0192297 0.00245378 0.0165912 
0.79869 0.0377003 0.0297818 0.0683968 0.0451143 0.00211644 0.0182008 
0.778748 0.0742979 0.0225116 0.0570154 0.0486224 0.00286631 0.0159384 
0.771834 0.0799077 0.0249116 0.0697172 0.0364104 0.00254883 0.0146699 
0.81793 0.0766962 0.0350272 0.0345657 0.0159793 0.00262678 0.0171746 
0.807502 0.0668166 0.0364819 0.0655908 0.010158 0.00206572 0.0113852 
0.793757 0.0835726 0.0274311 0.0516151 0.0270115 0.00257788 0.0140349 
0.78501 0.0855576 0.0239332 0.0596924 0.0307324 0.0028036 0.0122705 
0.738828 0.0892186 0.0181111 0.0782307 0.0603467 0.00307274 0.0121923 
0.800361 0.0609531 0.0248816 0.0668055 0.0328066 0.00258309 0.0116087 
0.810993 0.0716794 0.0280335 0.0487104 0.0257873 0.00262946 0.0121672 
0.775187 0.117487 0.0260309 0.0358222 0.0267829 0.00328789 0.0154021 
0.7839 0.119579 0.0262664 0.0332884 0.0179497 0.003049 0.0159685 
0.861647 0.0435859 0.0389382 0.0265593 0.0115518 0.00190281 0.0158149 
0.839551 0.0558302 0.029581 0.0325167 0.0206977 0.00241905 0.0194046 
0.772362 0.112774 0.0263902 0.0389867 0.0270671 0.00290601 0.0195141 
0.758076 0.109936 0.0199492 0.0548196 0.0405557 0.00268326 0.0139804 
0.75127 0.111739 0.0213805 0.0651764 0.0351594 0.00273401 0.01254 
0.764617 0.0802128 0.0269538 0.095348 0.0214268 0.00232856 0.00911313 
0.815156 0.0605605 0.0307728 0.0616588 0.0168913 0.00270988 0.0122507 
0.774058 0.0784741 0.0259542 0.0761029 0.0305026 0.00251373 0.0123948 
0.757071 0.0995146 0.0220732 0.0488764 0.0548335 0.00291167 0.0147196 
0.813854 0.0522422 0.0309039 0.057814 0.0295996 0.00188682 0.0137 
0.797124 0.0613074 0.0283085 0.057997 0.0398448 0.00209546 0.0133232 
0.827099 0.0582715 0.0311708 0.0370394 0.0295664 0.00229761 0.0145551 
0.825904 0.0616667 0.0284885 0.0357987 0.0316263 0.00246172 0.0140541 
0.785385 0.0474075 0.0332913 0.0942291 0.0241568 0.00207146 0.0134586 
0.779542 0.0788449 0.0315973 0.075328 0.0201358 0.00225717 0.0122948 
0.819968 0.0566385 0.0307313 0.055702 0.0229224 0.00231864 0.0117192 
0.772692 0.0517288 0.0319855 0.0998587 0.0297443 0.00192032 0.0120702 
0.812195 0.0478007 0.0358446 0.0547531 0.0279309 0.00165654 0.0198194 
0.792172 0.0433702 0.0908821 0.0481234 0.00296487 0.0010673 0.0214206 
0.813907 0.018767 0.0871042 0.0639536 0.00396269 8.15745E-4 0.0114897 
0.800486 0.0396666 0.0816787 0.0550995 0.00248924 0.00102263 0.019557 
0.827813 0.0446326 0.0612486 0.0458573 0.00333731 0.00155984 0.0155511 
0.813886 0.0586343 0.0377205 0.0655137 0.0116563 0.00173424 0.0108555 
0.777489 0.0397929 0.0461154 0.107058 0.0142242 0.00216148 0.0131587 
0.823812 0.0433852 0.0364064 0.0637833 0.0209105 0.00196402 0.00973845 
0.808301 0.0128 0.0883823 0.0661593 0.00814879 0.0012105 0.0149983 
0.793099 0.0187762 0.0553097 0.110618 0.0138776 9.31752E-4 0.00738754 
0.835234 0.0249147 0.0479385 0.0599433 0.0176685 0.00129327 0.0130079 
0.802152 0.0292922 0.0420038 0.0865728 0.0242141 0.00152008 0.0142451 
0.744975 0.0329085 0.0364815 0.153653 0.020115 0.00145516 0.0104118 
0.832546 0.0339587 0.0623968 0.0369351 0.00864406 0.00187133 0.0236482 
0.813416 0.0289543 0.0424411 0.0779837 0.0226333 0.00149937 0.0130721 
0.831641 0.0326725 0.0445813 0.065693 0.0114542 0.00160568 0.0123523 
0.820599 0.0355353 0.0385934 0.0810335 0.0127863 0.00147866 0.00997416 
0.853396 0.0410057 0.0369481 0.0356584 0.0148988 0.00234641 0.0157468 
0.819367 0.042449 0.0398239 0.0776436 0.00620884 0.0019497 0.0125581 
0.815481 0.0504415 0.0269522 0.0585588 0.0308825 0.00191457 0.0157694 
0.843387 0.0426771 0.0338825 0.0529633 0.0128391 0.0017918 0.0124596 
0.821223 0.0522844 0.0264293 0.0676697 0.0206408 0.00188034 0.00987257 
0.815646 0.0531548 0.0270972 0.0605333 0.0265062 0.001896 0.0151661 
0.816161 0.0543046 0.0293761 0.062945 0.0198268 0.00203046 0.015356 
0.805677 0.045575 0.0324778 0.0800885 0.0193283 0.00195567 0.0148982 
0.790268 0.0509502 0.027568 0.0957943 0.0190637 0.00197125 0.0143841 
0.777073 0.0763913 0.0204412 0.0701784 0.0379088 0.00284053 0.0151667 
0.816091 0.0627241 0.0276969 0.0505379 0.0241513 0.00216907 0.0166293 
0.744895 0.105278 0.0236484 0.0827754 0.0295289 0.00247473 0.0113996 
0.77777 0.0628502 0.0327584 0.0851408 0.0245628 0.00195036 0.014967 
0.771424 0.0810879 0.0233675 0.0599562 0.0453783 0.00299113 0.0157947 
0.853541 0.0358991 0.0411651 0.035293 0.0153719 0.00243447 0.0162953 
0.82114 0.0617471 0.0271754 0.0541004 0.0200036 0.00251854 0.0133152 
0.806654 0.0372051 0.0297199 0.0847046 0.028218 0.00173921 0.0117588 
0.852569 0.0394522 0.0343916 0.0384556 0.0186759 0.00196788 0.014488 
0.863555 0.0440243 0.0330879 0.0259338 0.0146573 0.00252636 0.016215 
0.841967 0.0542988 0.0363472 0.0334744 0.0126499 0.0021148 0.0191476 
0.801595 0.0653787 0.0342072 0.0609401 0.0191436 0.00169712 0.0170383 
0.809187 0.0416801 0.0371168 0.0689707 0.0218701 0.0017361 0.0194395 
0.823526 0.0595865 0.0255726 0.0404107 0.0361799 0.00268234 0.0120421 
0.849415 0.039342 0.0547483 0.0288425 0.00669368 0.00164233 0.0193165 
0.800049 0.0867782 0.0300628 0.0400385 0.0254027 0.00218656 0.0154826 
0.806637 0.0879361 0.0271292 0.0452454 0.0176831 0.00195864 0.0134104 
0.801586 0.0713687 0.0250717 0.0619145 0.0262513 0.00197623 0.0118315 
0.778201 0.0628181 0.0187791 0.0796925 0.0464602 0.00207655 0.011973 
0.829963 0.0279218 0.0192918 0.0562132 0.0535828 0.00202197 0.0110052 
0.840443 0.0391634 0.0292632 0.0576955 0.0185409 0.00166723 0.0132268 
0.835933 0.0287897 0.0298619 0.0568742 0.0302503 0.00162481 0.0166659 
0.776195 0.0477348 0.027565 0.0981774 0.0341329 0.00199802 0.0141968 
0.798117 0.064407 0.0290855 0.0630605 0.0236921 0.00217516 0.0194632 
0.808221 0.0410798 0.0387253 0.0765413 0.0176966 0.00189498 0.0158412 
0.788187 0.0635387 0.0331961 0.0656959 0.0276361 0.00235468 0.0193913 
0.746718 0.0436979 0.0234518 0.1081 0.0624614 0.00193902 0.0136319 
0.856968 0.0358794 0.0378835 0.0321922 0.0198484 0.00183545 0.0153931 
0.859663 0.0512254 0.0308966 0.0261203 0.0140082 0.00342104 0.0146657 
0.794131 0.0355193 0.0396779 0.0899852 0.0207138 0.00145184 0.0185208 
0.838612 0.0278339 0.044136 0.0527884 0.0147882 0.00156424 0.020277 
0.809711 0.0668752 0.0303214 0.051516 0.0230024 0.00257131 0.0160027 
0.811812 0.0403026 0.0342385 0.0718134 0.0267768 0.00203284 0.013024 
0.802059 0.0516636 0.0242475 0.0541337 0.0502852 0.0026021 0.0150092 
0.815935 0.0326301 0.0490475 0.0605027 0.0173346 0.00173733 0.0228127 
0.812232 0.0361158 0.0293267 0.0638873 0.0387426 0.0019511 0.0177447 
0.836745 0.039484 0.0397947 0.0518225 0.0139273 0.00178741 0.0164388 
0.832113 0.0415571 0.0308514 0.056222 0.0232166 0.00236269 0.0136769 
0.820412 0.0363805 0.0276189 0.0793847 0.0231816 0.00203864 0.0109841 
0.835388 0.0388563 0.0319423 0.0513806 0.0234444 0.002445 0.0165431 
0.80428 0.0537467 0.0238756 0.0522239 0.0455537 0.00310503 0.0172147 
0.755562 0.0535992 0.0194982 0.0974256 0.0602387 0.00291502 0.0107613 
0.780686 0.0514258 0.0243877 0.0618789 0.0638089 0.00267505 0.0151375 
0.768683 0.0780449 0.0221693 0.0500858 0.0600621 0.00381189 0.0171428 
0.772456 0.0631023 0.023845 0.0717421 0.0496145 0.00288068 0.0163595 
0.784187 0.0493786 0.0234087 0.0790857 0.0485453 0.00240191 0.0129929 
0.833826 0.0537693 0.0296454 0.0365398 0.0274471 0.00280285 0.0159692 
0.810106 0.0680116 0.0339401 0.0442865 0.0199121 0.00330163 0.0204416 
0.792592 0.0883508 0.0345871 0.0482879 0.0154042 0.00302863 0.0177495 
0.788208 0.08436 0.0304732 0.0586843 0.0192297 0.00245378 0.0165912 
0.79869 0.0377003 0.0297818 0.0683968 0.0451143 0.00211644 0.0182008 
0.778748 0.0742979 0.0225116 0.0570154 0.0486224 0.00286631 0.0159384 
0.771834 0.0799077 0.0249116 0.0697172 0.0364104 0.00254883 0.0146699 
0.81793 0.0766962 0.0350272 0.0345657 0.0159793 0.00262678 0.0171746 
0.807502 0.0668166 0.0364819 0.0655908 0.010158 0.00206572 0.0113852 
0.793757 0.0835726 0.0274311 0.0516151 0.0270115 0.00257788 0.0140349 
0.78501 0.0855576 0.0239332 0.0596924 0.0307324 0.0028036 0.0122705 
0.738828 0.0892186 0.0181111 0.0782307 0.0603467 0.00307274 0.0121923 
0.800361 0.0609531 0.0248816 0.0668055 0.0328066 0.00258309 0.0116087 
0.810993 0.0716794 0.0280335 0.0487104 0.0257873 0.00262946 0.0121672 
0.775187 0.117487 0.0260309 0.0358222 0.0267829 0.00328789 0.0154021 
0.7839 0.119579 0.0262664 0.0332884 0.0179497 0.003049 0.0159685 
0.861647 0.0435859 0.0389382 0.0265593 0.0115518 0.00190281 0.0158149 
0.839551 0.0558302 0.029581 0.0325167 0.0206977 0.00241905 0.0194046 
0.772362 0.112774 0.0263902 0.0389867 0.0270671 0.00290601 0.0195141 
0.758076 0.109936 0.0199492 0.0548196 0.0405557 0.00268326 0.0139804 
0.75127 0.111739 0.0213805 0.0651764 0.0351594 0.00273401 0.01254 
0.764617 0.0802128 0.0269538 0.095348 0.0214268 0.00232856 0.00911313 
0.815156 0.0605605 0.0307728 0.0616588 0.0168913 0.00270988 0.0122507 
0.774058 0.0784741 0.0259542 0.0761029 0.0305026 0.00251373 0.0123948 
0.757071 0.0995146 0.0220732 0.0488764 0.0548335 0.00291167 0.0147196 
0.813854 0.0522422 0.0309039 0.057814 0.0295996 0.00188682 0.0137 
0.797124 0.0613074 0.0283085 0.057997 0.0398448 0.00209546 0.0133232 
0.827099 0.0582715 0.0311708 0.0370394 0.0295664 0.00229761 0.0145551 
0.825904 0.0616667 0.0284885 0.0357987 0.0316263 0.00246172 0.0140541 
0.785385 0.0474075 0.0332913 0.0942291 0.0241568 0.00207146 0.0134586 
0.779542 0.0788449 0.0315973 0.075328 0.0201358 0.00225717 0.0122948 
0.819968 0.0566385 0.0307313 0.055702 0.0229224 0.00231864 0.0117192 
0.772692 0.0517288 0.0319855 0.0998587 0.0297443 0.00192032 0.0120702 
0.812195 0.0478007 0.0358446 0.0547531 0.0279309 0.00165654 0.0198194 
0.792172 0.0433702 0.0908821 0.0481234 0.00296487 0.0010673 0.0214206 
0.813907 0.018767 0.0871042 0.0639536 0.00396269 8.15745E-4 0.0114897 
0.800486 0.0396666 0.0816787 0.0550995 0.00248924 0.00102263 0.019557 
0.827813 0.0446326 0.0612486 0.0458573 0.00333731 0.00155984 0.0155511 
0.813886 0.0586343 0.0377205 0.0655137 0.0116563 0.00173424 0.0108555 
0.777489 0.0397929 0.0461154 0.107058 0.0142242 0.00216148 0.0131587 
0.823812 0.0433852 0.0364064 0.0637833 0.0209105 0.00196402 0.00973845 
0.808301 0.0128 0.0883823 0.0661593 0.00814879 0.0012105 0.0149983 
0.793099 0.0187762 0.0553097 0.110618 0.0138776 9.31752E-4 0.00738754 
0.835234 0.0249147 0.0479385 0.0599433 0.0176685 0.00129327 0.0130079 
0.802152 0.0292922 0.0420038 0.0865728 0.0242141 0.00152008 0.0142451 
0.744975 0.0329085 0.0364815 0.153653 0.020115 0.00145516 0.0104118 
0.832546 0.0339587 0.0623968 0.0369351 0.00864406 0.00187133 0.0236482 
0.813416 0.0289543 0.0424411 0.0779837 0.0226333 0.00149937 0.0130721 
0.831641 0.0326725 0.0445813 0.065693 0.0114542 0.00160568 0.0123523 
0.820599 0.0355353 0.0385934 0.0810335 0.0127863 0.00147866 0.00997416 
0.853396 0.0410057 0.0369481 0.0356584 0.0148988 0.00234641 0.0157468 
0.819367 0.042449 0.0398239 0.0776436 0.00620884 0.0019497 0.0125581 
0.861918 0.0456338 0.0449503 0.0147128 0.0055935 0.00336277 0.023829 
0.839957 0.0829317 0.0334252 0.0130843 0.00441926 0.0047356 0.0214467 
0.848458 0.0589021 0.0416926 0.0173839 0.00268124 0.00409491 0.026787 
0.8581 0.0512191 0.039174 0.0210474 0.00842203 0.00302057 0.0190164 
0.85347 0.0359123 0.0483876 0.0281794 0.00517323 0.00186858 0.0270092 
0.853671 0.0381539 0.048797 0.0276702 0.00484156 0.0019663 0.0249 
0.857702 0.025611 0.039216 0.0399908 0.0159373 0.00174974 0.0197929 
0.864703 0.022562 0.0562081 0.0222093 0.00548737 0.00195894 0.0268715 
0.869596 0.0212578 0.0551092 0.0207267 0.0063426 0.00185838 0.0251095 
0.872061 0.0262879 0.0522575 0.020766 0.0054316 0.00203182 0.0211637 
0.879559 0.0268518 0.0486363 0.0193113 0.00569505 0.00221531 0.0177315 
0.863313 0.0320908 0.0545712 0.017206 0.00303012 0.00238253 0.027406 
0.877785 0.0253087 0.0554416 0.0100756 0.00319913 0.0024652 0.0257244 
0.864662 0.0235732 0.0618902 0.0122674 0.0037488 0.00218417 0.0316745 
0.879172 0.0192726 0.0549236 0.017738 0.0059351 0.00164014 0.021319 
0.868118 0.0385887 0.0493236 0.0175364 0.0038316 0.00288792 0.0197134 
0.869805 0.0329074 0.0517222 0.0134711 0.00343107 0.00305084 0.0256125 
0.85905 0.0340724 0.0483481 0.0189827 0.00889947 0.00255284 0.028095 
0.859115 0.0357236 0.0561963 0.0135921 0.0035944 0.00312739 0.0286514 
0.868841 0.0241953 0.060704 0.0194434 0.00280931 0.00172065 0.0222868 
0.853803 0.0469132 0.042589 0.0291792 0.00567999 0.00296854 0.0188668 
0.840215 0.0296614 0.0519767 0.0471233 0.00682163 0.00221543 0.0219865 
0.858985 0.0176591 0.0684413 0.0249167 0.00371561 0.00220378 0.0240785 
0.859906 0.024656 0.0611488 0.0285368 0.00431052 0.00213809 0.019304 
0.858468 0.022468 0.0644417 0.0331674 0.00304587 0.00201682 0.0163919 
0.855967 0.0290846 0.0474591 0.0445104 0.00548517 0.00234169 0.0151519 
0.845865 0.0311738 0.0562031 0.0434176 0.00544524 0.0018493 0.0160458 
0.859903 0.0310788 0.0521868 0.0334501 0.0048076 0.00177074 0.0168026 
0.845391 0.0255207 0.0522181 0.0526868 0.00584062 0.00192035 0.0164227 
0.848715 0.0372551 0.0489022 0.0389059 0.00549906 0.00193976 0.0187827 
0.877201 0.0229041 0.0529973 0.0195131 0.00466359 0.0016128 0.0211081 
0.875296 0.0252959 0.047389 0.0269319 0.00531213 0.00187041 0.0179045 
0.854205 0.0238406 0.0512155 0.0401267 0.0111707 0.00155578 0.0178861 
0.8545 0.0347534 0.0500501 0.0296879 0.0103078 0.00173662 0.0189639 
0.834057 0.0445378 0.0367223 0.0555057 0.0107144 0.0021083 0.0163545 
0.836183 0.0551756 0.0443414 0.040039 0.00438094 0.0023817 0.0174981 
0.846975 0.0337025 0.0442796 0.0510962 0.00562048 0.00237327 0.0159528 
0.843107 0.0284549 0.0525728 0.0433004 0.00728376 0.00195758 0.0233231 
0.862948 0.0421162 0.0460668 0.0198985 0.00422809 0.00404962 0.0206925 
0.878953 0.0317891 0.0435965 0.024921 0.00344272 0.00304683 0.0142511 
0.874674 0.0242992 0.0488787 0.0282909 0.00412734 0.00203034 0.0176997 
0.867577 0.0247993 0.0552804 0.027485 0.0042945 0.00201198 0.0185516 
0.866948 0.0239395 0.0593359 0.0181511 0.00609923 0.00180265 0.0237236 
0.843262 0.0304037 0.054545 0.0425829 0.00767878 0.00129048 0.0202374 
0.850556 0.0417053 0.0518466 0.0285678 0.00575484 0.00233767 0.019232 
0.869404 0.027998 0.0514353 0.0209896 0.00462766 0.00240021 0.0231448 
0.856215 0.0252791 0.0591647 0.0201255 0.00317896 0.00213236 0.0339043 
0.851898 0.0393143 0.0443041 0.032522 0.00934957 0.00204765 0.0205639 
0.85274 0.0295486 0.0454361 0.0309686 0.0177465 0.00280534 0.0207546 
0.83913 0.0259637 0.0476619 0.0560512 0.010976 0.00184548 0.0183719 
0.881087 0.0264428 0.045729 0.0194771 0.00496909 0.00294923 0.0193459 
0.865727 0.0320048 0.0406589 0.0350085 0.00982722 0.00201863 0.0147553 
0.851854 0.0394407 0.0457389 0.0372012 0.00496719 0.00239672 0.0184012 
0.830246 0.0372646 0.0549868 0.0476874 0.00415735 0.00206535 0.0235926 
0.852637 0.0220446 0.0479609 0.0461956 0.00587013 0.00183373 0.0234576 
0.855406 0.0333514 0.0402498 0.0375768 0.0111574 0.00251822 0.0197406 
0.847235 0.0626117 0.0391749 0.0242969 0.00477757 0.00373771 0.0181664 
0.862361 0.0480839 0.040445 0.0136325 0.00814149 0.00377756 0.0235589 
0.856445 0.0439819 0.0371223 0.0235508 0.014866 0.00282176 0.0212118 
0.870326 0.0417307 0.0439409 0.0163519 0.00480304 0.00326736 0.0195801 
0.860408 0.0351998 0.0440442 0.0304986 0.00709804 0.00220978 0.0205416 
0.861385 0.0341078 0.0382595 0.0335376 0.00985937 0.00216546 0.0206856 
0.859476 0.0409522 0.0378199 0.0278218 0.0120792 0.00233842 0.0195127 
0.781117 0.113248 0.0344233 0.0367963 0.00549976 0.00486534 0.0240501 
0.852825 0.0492376 0.0462891 0.0179084 0.00498215 0.00279496 0.0259629 
0.863463 0.040822 0.0459452 0.0154221 0.00717925 0.00291344 0.0242554 
0.828025 0.0277636 0.0500545 0.0627182 0.0112449 0.00161554 0.0185782 
0.835152 0.0431455 0.0376857 0.0385582 0.0252327 0.00240053 0.0178255 
0.850241 0.0395484 0.0310606 0.0473565 0.0169833 0.00214151 0.0126689 
0.8445 0.0652365 0.0342153 0.0287207 0.00767454 0.00375436 0.0158982 
0.857769 0.0401861 0.0423742 0.0231159 0.0110812 0.00299661 0.022477 
0.864028 0.0455222 0.0380606 0.0243721 0.00702145 0.00346732 0.0175288 
0.864435 0.0318986 0.0421987 0.0308211 0.00699986 0.00270583 0.0209408 
0.860327 0.0255144 0.058813 0.0333927 0.00391732 0.00214288 0.0158926 
0.849632 0.0294044 0.0553051 0.0401632 0.00654852 0.00193605 0.0170104 
0.851297 0.0228313 0.0445937 0.054892 0.0114781 0.00190463 0.0130033 
0.859589 0.0448965 0.0338905 0.0327121 0.0126276 0.00339569 0.0128889 
0.853774 0.0453795 0.0377454 0.023194 0.0184089 0.00275669 0.018742 
0.864915 0.0269918 0.0369665 0.028371 0.0231835 0.00233693 0.0172348 
0.849605 0.0398487 0.0371358 0.0284325 0.0174201 0.00445795 0.0231002 
0.83502 0.0268355 0.0768486 0.0213772 0.00367199 0.00116173 0.0350846 
0.836039 0.0344076 0.0593003 0.0336425 0.00502888 0.0025866 0.0289949 
0.841678 0.025966 0.0583491 0.0257719 0.00763046 0.00270837 0.037896 
0.830828 0.0455832 0.042228 0.0367771 0.0119713 0.00207386 0.0305385 
0.79597 0.0566079 0.0440946 0.0719564 0.00927556 0.00175704 0.0203383 
0.838175 0.0467868 0.0496707 0.034149 0.00593877 0.00257233 0.0227073 
0.821357 0.0438971 0.0743412 0.0251668 0.00254635 0.00266394 0.0300272 
0.812926 0.0498448 0.0496956 0.0441286 0.0127304 0.00213871 0.028536 
0.811964 0.0307663 0.0591992 0.0733687 0.00888192 0.00164999 0.0141694 
0.786262 0.0415377 0.0452955 0.0899318 0.0211132 0.00184077 0.0140193 
0.830774 0.0280029 0.0510856 0.0586477 0.0126024 0.0015505 0.0173372 
0.78903 0.0269507 0.0465143 0.109718 0.0134638 0.00158225 0.0127413 
0.823542 0.0347966 0.0502599 0.0598055 0.00729814 0.00233075 0.0219669 
0.780406 0.0349343 0.048588 0.103782 0.0151045 0.00198726 0.0151984 
0.843235 0.0367935 0.0453712 0.0401272 0.0117118 0.00243862 0.0203231 
0.81798 0.0630533 0.0360879 0.0545902 0.013266 0.00200289 0.0130193 
0.814416 0.0544263 0.0468925 0.0553174 0.00992215 0.0018757 0.0171495 
0.779624 0.107319 0.0321844 0.0507591 0.0103442 0.00252922 0.01724 
0.807984 0.0344523 0.0382609 0.0945261 0.0108658 0.00153176 0.0123794 
0.795096 0.0560459 0.0303389 0.0957946 0.0104676 0.00193054 0.0103268 
0.789381 0.0737148 0.0262598 0.0707661 0.0249281 0.00269122 0.012259 
0.833854 0.0547757 0.0390269 0.0435975 0.00843131 0.00199004 0.0183245 
0.828976 0.029893 0.0518488 0.0515374 0.0152467 0.0014024 0.0210962 
0.806202 0.0477979 0.0384447 0.0690154 0.0198371 0.00205918 0.0166432 
0.835085 0.0412564 0.0433253 0.0367098 0.0196576 0.00216309 0.0218027 
0.8219 0.0445232 0.0326496 0.0590752 0.0264758 0.00211588 0.0132601 
0.819227 0.0543202 0.0407595 0.0580962 0.00932905 0.00181981 0.0164483 
0.846411 0.0439238 0.0306403 0.0492028 0.0149768 0.00190569 0.0129392 
0.842455 0.0384569 0.0323398 0.0577882 0.0160974 0.00199442 0.0108681 
0.849645 0.0293506 0.0561938 0.0389699 0.00730378 0.00163979 0.0168969 
0.820945 0.0191575 0.0595719 0.0652585 0.0168231 0.0018778 0.0163663 
0.831971 0.0317509 0.0537336 0.0532841 0.00732977 0.00210069 0.0198298 
0.831992 0.0409522 0.0515735 0.0463112 0.00742426 0.00252977 0.0192174 
0.800522 0.0342795 0.0502506 0.0881601 0.00840916 0.00162117 0.0167577 
0.835877 0.0373298 0.0472505 0.0580584 0.00667156 0.0021224 0.0126899 
0.863823 0.0364152 0.0433926 0.0308152 0.00703593 0.00202105 0.016497 
0.814806 0.0505876 0.0418394 0.0677003 0.00953226 0.00187232 0.0136618 
0.825891 0.0461977 0.0481632 0.0508056 0.00970748 0.00183209 0.0174033 
0.815951 0.0451304 0.0422452 0.0697363 0.0110913 0.00222601 0.01362 
0.815481 0.0504415 0.0269522 0.0585588 0.0308825 0.00191457 0.0157694 
0.843387 0.0426771 0.0338825 0.0529633 0.0128391 0.0017918 0.0124596 
0.821223 0.0522844 0.0264293 0.0676697 0.0206408 0.00188034 0.00987257 
0.815646 0.0531548 0.0270972 0.0605333 0.0265062 0.001896 0.0151661 
0.816161 0.0543046 0.0293761 0.062945 0.0198268 0.00203046 0.015356 
0.805677 0.045575 0.0324778 0.0800885 0.0193283 0.00195567 0.0148982 
0.790268 0.0509502 0.027568 0.0957943 0.0190637 0.00197125 0.0143841 
0.777073 0.0763913 0.0204412 0.0701784 0.0379088 0.00284053 0.0151667 
0.816091 0.0627241 0.0276969 0.0505379 0.0241513 0.00216907 0.0166293 
0.744895 0.105278 0.0236484 0.0827754 0.0295289 0.00247473 0.0113996 
0.77777 0.0628502 0.0327584 0.0851408 0.0245628 0.00195036 0.014967 
0.771424 0.0810879 0.0233675 0.0599562 0.0453783 0.00299113 0.0157947 
0.853541 0.0358991 0.0411651 0.035293 0.0153719 0.00243447 0.0162953 
0.82114 0.0617471 0.0271754 0.0541004 0.0200036 0.00251854 0.0133152 
0.806654 0.0372051 0.0297199 0.0847046 0.028218 0.00173921 0.0117588 
0.852569 0.0394522 0.0343916 0.0384556 0.0186759 0.00196788 0.014488 
0.863555 0.0440243 0.0330879 0.0259338 0.0146573 0.00252636 0.016215 
0.841967 0.0542988 0.0363472 0.0334744 0.0126499 0.0021148 0.0191476 
0.801595 0.0653787 0.0342072 0.0609401 0.0191436 0.00169712 0.0170383 
0.809187 0.0416801 0.0371168 0.0689707 0.0218701 0.0017361 0.0194395 
0.823526 0.0595865 0.0255726 0.0404107 0.0361799 0.00268234 0.0120421 
0.849415 0.039342 0.0547483 0.0288425 0.00669368 0.00164233 0.0193165 
0.800049 0.0867782 0.0300628 0.0400385 0.0254027 0.00218656 0.0154826 
0.806637 0.0879361 0.0271292 0.0452454 0.0176831 0.00195864 0.0134104 
0.801586 0.0713687 0.0250717 0.0619145 0.0262513 0.00197623 0.0118315 
0.778201 0.0628181 0.0187791 0.0796925 0.0464602 0.00207655 0.011973 
0.829963 0.0279218 0.0192918 0.0562132 0.0535828 0.00202197 0.0110052 
0.840443 0.0391634 0.0292632 0.0576955 0.0185409 0.00166723 0.0132268 
0.835933 0.0287897 0.0298619 0.0568742 0.0302503 0.00162481 0.0166659 
0.776195 0.0477348 0.027565 0.0981774 0.0341329 0.00199802 0.0141968 
0.798117 0.064407 0.0290855 0.0630605 0.0236921 0.00217516 0.0194632 
0.808221 0.0410798 0.0387253 0.0765413 0.0176966 0.00189498 0.0158412 
0.788187 0.0635387 0.0331961 0.0656959 0.0276361 0.00235468 0.0193913 
0.746718 0.0436979 0.0234518 0.1081 0.0624614 0.00193902 0.0136319 
0.856968 0.0358794 0.0378835 0.0321922 0.0198484 0.00183545 0.0153931 
0.859663 0.0512254 0.0308966 0.0261203 0.0140082 0.00342104 0.0146657 
0.794131 0.0355193 0.0396779 0.0899852 0.0207138 0.00145184 0.0185208 
0.838612 0.0278339 0.044136 0.0527884 0.0147882 0.00156424 0.020277 
0.809711 0.0668752 0.0303214 0.051516 0.0230024 0.00257131 0.0160027 
0.811812 0.0403026 0.0342385 0.0718134 0.0267768 0.00203284 0.013024 
0.802059 0.0516636 0.0242475 0.0541337 0.0502852 0.0026021 0.0150092 
0.815935 0.0326301 0.0490475 0.0605027 0.0173346 0.00173733 0.0228127 
0.812232 0.0361158 0.0293267 0.0638873 0.0387426 0.0019511 0.0177447 
0.836745 0.039484 0.0397947 0.0518225 0.0139273 0.00178741 0.0164388 
0.832113 0.0415571 0.0308514 0.056222 0.0232166 0.00236269 0.0136769 
0.820412 0.0363805 0.0276189 0.0793847 0.0231816 0.00203864 0.0109841 
0.835388 0.0388563 0.0319423 0.0513806 0.0234444 0.002445 0.0165431 
0.80428 0.0537467 0.0238756 0.0522239 0.0455537 0.00310503 0.0172147 
0.755562 0.0535992 0.0194982 0.0974256 0.0602387 0.00291502 0.0107613 
0.780686 0.0514258 0.0243877 0.0618789 0.0638089 0.00267505 0.0151375 
0.768683 0.0780449 0.0221693 0.0500858 0.0600621 0.00381189 0.0171428 
0.772456 0.0631023 0.023845 0.0717421 0.0496145 0.00288068 0.0163595 
0.784187 0.0493786 0.0234087 0.0790857 0.0485453 0.00240191 0.0129929 
0.833826 0.0537693 0.0296454 0.0365398 0.0274471 0.00280285 0.0159692 
0.810106 0.0680116 0.0339401 0.0442865 0.0199121 0.00330163 0.0204416 
0.792592 0.0883508 0.0345871 0.0482879 0.0154042 0.00302863 0.0177495 
0.788208 0.08436 0.0304732 0.0586843 0.0192297 0.00245378 0.0165912 
0.79869 0.0377003 0.0297818 0.0683968 0.0451143 0.00211644 0.0182008 
0.778748 0.0742979 0.0225116 0.0570154 0.0486224 0.00286631 0.0159384 
0.771834 0.0799077 0.0249116 0.0697172 0.0364104 0.00254883 0.0146699 
0.81793 0.0766962 0.0350272 0.0345657 0.0159793 0.00262678 0.0171746 
0.807502 0.0668166 0.0364819 0.0655908 0.010158 0.00206572 0.0113852 
0.793757 0.0835726 0.0274311 0.0516151 0.0270115 0.00257788 0.0140349 
0.78501 0.0855576 0.0239332 0.0596924 0.0307324 0.0028036 0.0122705 
0.738828 0.0892186 0.0181111 0.0782307 0.0603467 0.00307274 0.0121923 
0.800361 0.0609531 0.0248816 0.0668055 0.0328066 0.00258309 0.0116087 
0.810993 0.0716794 0.0280335 0.0487104 0.0257873 0.00262946 0.0121672 
0.775187 0.117487 0.0260309 0.0358222 0.0267829 0.00328789 0.0154021 
0.7839 0.119579 0.0262664 0.0332884 0.0179497 0.003049 0.0159685 
0.861647 0.0435859 0.0389382 0.0265593 0.0115518 0.00190281 0.0158149 
0.839551 0.0558302 0.029581 0.0325167 0.0206977 0.00241905 0.0194046 
0.772362 0.112774 0.0263902 0.0389867 0.0270671 0.00290601 0.0195141 
0.758076 0.109936 0.0199492 0.0548196 0.0405557 0.00268326 0.0139804 
0.75127 0.111739 0.0213805 0.0651764 0.0351594 0.00273401 0.01254 
0.764617 0.0802128 0.0269538 0.095348 0.0214268 0.00232856 0.00911313 
0.815156 0.0605605 0.0307728 0.0616588 0.0168913 0.00270988 0.0122507 
0.774058 0.0784741 0.0259542 0.0761029 0.0305026 0.00251373 0.0123948 
0.757071 0.0995146 0.0220732 0.0488764 0.0548335 0.00291167 0.0147196 
0.813854 0.0522422 0.0309039 0.057814 0.0295996 0.00188682 0.0137 
0.797124 0.0613074 0.0283085 0.057997 0.0398448 0.00209546 0.0133232 
0.827099 0.0582715 0.0311708 0.0370394 0.0295664 0.00229761 0.0145551 
0.825904 0.0616667 0.0284885 0.0357987 0.0316263 0.00246172 0.0140541 
0.785385 0.0474075 0.0332913 0.0942291 0.0241568 0.00207146 0.0134586 
0.779542 0.0788449 0.0315973 0.075328 0.0201358 0.00225717 0.0122948 
0.819968 0.0566385 0.0307313 0.055702 0.0229224 0.00231864 0.0117192 
0.772692 0.0517288 0.0319855 0.0998587 0.0297443 0.00192032 0.0120702 
0.812195 0.0478007 0.0358446 0.0547531 0.0279309 0.00165654 0.0198194 
0.792172 0.0433702 0.0908821 0.0481234 0.00296487 0.0010673 0.0214206 
0.813907 0.018767 0.0871042 0.0639536 0.00396269 8.15745E-4 0.0114897 
0.800486 0.0396666 0.0816787 0.0550995 0.00248924 0.00102263 0.019557 
0.827813 0.0446326 0.0612486 0.0458573 0.00333731 0.00155984 0.0155511 
0.813886 0.0586343 0.0377205 0.0655137 0.0116563 0.00173424 0.0108555 
0.777489 0.0397929 0.0461154 0.107058 0.0142242 0.00216148 0.0131587 
0.823812 0.0433852 0.0364064 0.0637833 0.0209105 0.00196402 0.00973845 
0.808301 0.0128 0.0883823 0.0661593 0.00814879 0.0012105 0.0149983 
0.793099 0.0187762 0.0553097 0.110618 0.0138776 9.31752E-4 0.00738754 
0.835234 0.0249147 0.0479385 0.0599433 0.0176685 0.00129327 0.0130079 
0.802152 0.0292922 0.0420038 0.0865728 0.0242141 0.00152008 0.0142451 
0.744975 0.0329085 0.0364815 0.153653 0.020115 0.00145516 0.0104118 
0.832546 0.0339587 0.0623968 0.0369351 0.00864406 0.00187133 0.0236482 
0.813416 0.0289543 0.0424411 0.0779837 0.0226333 0.00149937 0.0130721 
0.831641 0.0326725 0.0445813 0.065693 0.0114542 0.00160568 0.0123523 
0.820599 0.0355353 0.0385934 0.0810335 0.0127863 0.00147866 0.00997416 
0.853396 0.0410057 0.0369481 0.0356584 0.0148988 0.00234641 0.0157468 
0.819367 0.042449 0.0398239 0.0776436 0.00620884 0.0019497 0.0125581 
0.815881 0.0570844 0.0298142 0.0695475 0.00938763 0.00211315 0.0161722 
0.805328 0.070554 0.0322058 0.0670619 0.00700857 0.00189448 0.0159471 
0.736765 0.0889908 0.022128 0.12313 0.0166319 0.0020337 0.0103211 
0.730545 0.0631793 0.0267578 0.15349 0.0123051 0.00171976 0.012003 
0.770365 0.0576315 0.0248038 0.113347 0.0170223 0.00148558 0.0153445 
0.780129 0.0665041 0.0269289 0.0967178 0.0117818 0.00181195 0.016126 
0.742081 0.0654919 0.0273805 0.144639 0.00625244 0.00168164 0.0124735 
0.739958 0.0839274 0.0300982 0.121595 0.00590483 0.00198564 0.0165304 
0.663843 0.082807 0.0206161 0.197637 0.019266 0.00164046 0.0141898 
0.655243 0.16576 0.019966 0.125978 0.0159704 0.00269331 0.014388 
0.727179 0.0892548 0.0232603 0.115672 0.0282399 0.0018975 0.0144967 
0.75756 0.045755 0.0258298 0.138075 0.0196322 0.00154511 0.0116036 
0.790119 0.0432536 0.025792 0.104648 0.0211566 0.0019867 0.0130439 
0.721828 0.0530874 0.0222313 0.162268 0.0276539 0.00171768 0.0112133 
0.611556 0.0553778 0.0218158 0.286029 0.0149951 0.00129433 0.00893182 
0.808098 0.0577618 0.0255672 0.0771277 0.0164154 0.0019036 0.013126 
0.708607 0.0755752 0.029481 0.164645 0.00668633 0.00220806 0.012797 
0.631455 0.107371 0.0195581 0.208629 0.0211924 0.00201876 0.00977548 
0.705016 0.135509 0.0169096 0.0856858 0.0413557 0.00296781 0.0125562 
0.769801 0.093566 0.0190094 0.0725288 0.0295181 0.00292233 0.0126541 
0.706079 0.136517 0.0179477 0.0690218 0.0506403 0.00322863 0.0165656 
0.684823 0.120805 0.0195992 0.123336 0.0342199 0.00253009 0.0146873 
0.658782 0.108897 0.0200637 0.16495 0.0325793 0.00266901 0.0120588 
0.71727 0.0925917 0.0224122 0.117243 0.0319554 0.0022871 0.0162406 
0.751889 0.134475 0.0187307 0.0538428 0.0255596 0.00341942 0.0120835 
0.81622 0.0507648 0.0241855 0.0725995 0.0234174 0.00244776 0.0103648 
0.702138 0.0707425 0.0218401 0.169971 0.02475 0.00163646 0.00892152 
0.721743 0.078503 0.0237908 0.142005 0.0211142 0.00185499 0.0109896 
0.760113 0.0675225 0.027472 0.111337 0.0196492 0.00159105 0.0123151 
0.719127 0.0673367 0.0213261 0.13622 0.0428079 0.00204834 0.0111341 
0.640139 0.106488 0.0203513 0.190574 0.0294611 0.00213002 0.0108567 
0.731103 0.100346 0.0225174 0.106556 0.0252002 0.00215647 0.0121209 
0.698099 0.119745 0.0223508 0.109927 0.0346965 0.00216128 0.0130208 
0.562851 0.237471 0.0130227 0.13477 0.0382364 0.00267708 0.0109723 
0.663423 0.125468 0.0144179 0.112392 0.0667321 0.00319936 0.0143684 
0.550471 0.163475 0.0142782 0.204281 0.0535084 0.00263511 0.0113514 
0.636464 0.0804604 0.0177745 0.199143 0.0518365 0.00209586 0.012226 
0.724444 0.0814741 0.0218468 0.0925994 0.0559596 0.00266745 0.0210085 
0.731436 0.115434 0.0273146 0.0847974 0.0216593 0.00225694 0.0171014 
0.793537 0.0875844 0.0218001 0.0617984 0.0208559 0.00255536 0.0118685 
0.728142 0.101679 0.0178099 0.0923928 0.0448991 0.00243598 0.0126414 
0.780265 0.0837578 0.0237414 0.0772792 0.0202649 0.00216662 0.012525 
0.774875 0.0732817 0.0236426 0.095055 0.0204035 0.00220319 0.0105392 
0.70558 0.0969426 0.0209904 0.139702 0.0240535 0.00244093 0.0102901 
0.755069 0.10769 0.0212362 0.0769784 0.024151 0.00253313 0.012342 
0.664141 0.120317 0.0187332 0.146681 0.0366316 0.00228219 0.0112135 
0.683914 0.07758 0.0199358 0.177878 0.0293956 0.00181978 0.00947647 
0.6219 0.100263 0.0158749 0.21844 0.0335636 0.00163121 0.00832748 
0.796086 0.0586506 0.0309409 0.0865431 0.0143978 0.00148138 0.0118999 
0.743715 0.0847897 0.0245421 0.110752 0.022858 0.00191373 0.0114296 
0.797628 0.0708975 0.0228648 0.0643081 0.0295962 0.00218681 0.0125182 
0.730022 0.0773195 0.019754 0.0976473 0.0596331 0.00233406 0.0132898 
0.669119 0.112851 0.0184281 0.119721 0.0629469 0.00265418 0.0142802 
0.799105 0.0545245 0.0278577 0.0826599 0.0225901 0.00165425 0.011608 
0.712087 0.111637 0.0183735 0.130135 0.0177391 0.00150021 0.00852809 
0.718784 0.0906459 0.024129 0.144704 0.0103817 0.00151574 0.00983897 
0.771163 0.0777755 0.0245738 0.0951015 0.0181934 0.00154218 0.0116508 
0.747628 0.0927358 0.0243971 0.0970247 0.0229258 0.00186535 0.0134235 
0.747748 0.133979 0.0201944 0.0588759 0.0245786 0.00220789 0.0124169 
0.680637 0.0906615 0.0232017 0.17748 0.0171994 0.00156059 0.00925978 
0.553907 0.047291 0.0268031 0.272529 0.0812576 0.00295544 0.0152569 
0.742325 0.0621171 0.0234993 0.0953675 0.0579173 0.00298661 0.015787 
0.694635 0.0623478 0.0260124 0.163219 0.0377557 0.00208485 0.013945 
0.776081 0.0637727 0.027078 0.0758659 0.0399094 0.00223652 0.0150567 
0.742108 0.0500491 0.0262375 0.115193 0.0489265 0.00202238 0.0154644 
0.734885 0.102382 0.0222021 0.0893094 0.0347552 0.00238358 0.0140826 
0.752759 0.10269 0.0216361 0.0656464 0.0421424 0.00230794 0.0128188 
0.709967 0.092074 0.0228918 0.129982 0.0317521 0.00183029 0.0115027 
0.661114 0.101817 0.0219156 0.183517 0.0203445 0.00177902 0.00951327 
0.753492 0.0954496 0.025721 0.0875571 0.0237961 0.00203582 0.0119479 
0.723653 0.0709509 0.0278723 0.13589 0.0276478 0.00189591 0.01209 
0.788426 0.0656368 0.0325401 0.0692673 0.0263419 0.00222428 0.0155639 
0.72684 0.0626743 0.027847 0.134287 0.0346526 0.00181806 0.0118804 
0.75683 0.0486283 0.0262939 0.116893 0.0364428 0.00178123 0.0131306 
0.791003 0.0620131 0.028525 0.0795139 0.0241035 0.00190561 0.0129364 
0.801893 0.0650629 0.0281504 0.0721217 0.019053 0.00227594 0.0114428 
0.713417 0.0584107 0.024044 0.160426 0.0291999 0.00205301 0.0124497 
0.753603 0.066276 0.0280416 0.10073 0.0321891 0.00264102 0.0165186 
0.784677 0.0730744 0.0258691 0.0728188 0.0274043 0.00268042 0.0134757 
0.751768 0.0676186 0.0213797 0.116524 0.0299108 0.00250573 0.0102938 
0.800231 0.044775 0.0286032 0.0920919 0.0214789 0.00193344 0.0108865 
0.707736 0.0798117 0.0214082 0.143293 0.0341891 0.00238094 0.0111814 
0.799944 0.0565852 0.0296167 0.0804268 0.018803 0.0024135 0.0122111 
0.741962 0.0378354 0.0230071 0.158741 0.0280897 0.00162845 0.00873712 
0.726116 0.073538 0.0295495 0.151235 0.00801691 0.00203591 0.00950877 
0.689016 0.06281 0.0318539 0.188941 0.0126779 0.00166341 0.0130378 
0.571119 0.0531196 0.0401857 0.314452 0.00612817 0.00135976 0.0136356 
0.711401 0.0894396 0.0374859 0.140682 0.00557031 0.00201516 0.0134061 
0.766744 0.0565438 0.0318184 0.112959 0.0149071 0.00218181 0.0148452 
0.782588 0.0583348 0.031928 0.105146 0.00786768 0.0023358 0.0117996 
0.7698 0.0651114 0.0346491 0.104154 0.0110281 0.00231852 0.0129394 
0.774374 0.0934608 0.0364657 0.0764033 0.0049371 0.00256349 0.0117959 
0.813407 0.0436139 0.0405536 0.0814687 0.00611268 0.00226164 0.0125826 
0.818009 0.0393207 0.0350746 0.0883398 0.00749639 0.00191694 0.00984263 
0.836207 0.0320761 0.0362488 0.0768565 0.00643118 0.00259016 0.00959012 
0.842073 0.0418427 0.0356765 0.0590099 0.00867917 0.00181576 0.0109034 
0.743121 0.0864281 0.0261059 0.120475 0.0118019 0.00182548 0.010242 
0.722412 0.0394699 0.0284294 0.182613 0.0162366 0.00155501 0.00928359 
0.770106 0.0538609 0.0266235 0.118712 0.0194342 0.00238269 0.00888049 
0.808367 0.05221 0.0386215 0.0778133 0.00599555 0.00305619 0.0139368 
0.752769 0.0415493 0.0378368 0.141875 0.0128757 0.00153215 0.0115616 
0.732311 0.0412668 0.0389717 0.16311 0.0127915 0.00137575 0.0101728 
0.747111 0.0452435 0.0240587 0.15286 0.0210364 0.00175927 0.00793156 
0.806368 0.0332513 0.0340074 0.105109 0.0100795 0.00195776 0.00922741 
0.848987 0.0253673 0.0476216 0.0558389 0.00815745 0.00199516 0.0120327 
0.821726 0.048411 0.0342132 0.0660521 0.0160579 0.00238229 0.011157 
0.774574 0.0713406 0.031316 0.0974786 0.013443 0.00178123 0.0100663 
0.769547 0.0515417 0.0250353 0.123455 0.0205113 0.00202643 0.0078833 
0.778778 0.055554 0.0306298 0.110638 0.0120063 0.00172724 0.0106672 
0.760916 0.0630172 0.0290641 0.121836 0.0123949 0.00196849 0.0108032 
0.761151 0.0630218 0.0344894 0.118822 0.00937591 0.00153759 0.0116025 
0.779448 0.0993577 0.0258736 0.0675087 0.0119178 0.00222765 0.013667 
0.818361 0.0476108 0.0320312 0.0773248 0.0123859 0.0015988 0.0106876 
0.784126 0.0663615 0.0258803 0.0859519 0.0229878 0.00207361 0.0126191 
0.743841 0.0556627 0.0247408 0.134926 0.0267635 0.00216899 0.0118966 
0.755131 0.0524882 0.026245 0.124276 0.0277862 0.00202935 0.0120445 
0.78401 0.0619612 0.0282829 0.08224 0.0274724 0.00225207 0.0137814 
0.782112 0.0481077 0.0275504 0.0966485 0.0310652 0.00200115 0.012515 
0.777993 0.0487309 0.0297387 0.101651 0.0271974 0.00179561 0.0128933 
0.713904 0.0696366 0.0292548 0.164378 0.0107419 0.00168394 0.0104 
0.692959 0.0667347 0.023465 0.190214 0.0156798 0.00144279 0.0095045 
0.562394 0.106146 0.0226708 0.287401 0.0121379 0.00120109 0.00804978 
0.702266 0.0764243 0.026746 0.16253 0.019799 0.00168864 0.0105456 
0.599653 0.0785899 0.0273493 0.267386 0.0150127 0.00137367 0.0106351 
0.694361 0.0538874 0.0390447 0.189364 0.0102748 0.00165271 0.0114153 
0.730578 0.0938619 0.0449324 0.100724 0.00878114 0.00226605 0.0188568 
0.737309 0.111884 0.0285163 0.0718998 0.0316569 0.00295919 0.0157755 
0.729813 0.102345 0.0316027 0.0913752 0.0252137 0.00262038 0.0170306 
0.73248 0.072337 0.0262959 0.117703 0.0369404 0.00229182 0.0119517 
0.761576 0.102452 0.0267973 0.0753674 0.0182385 0.00317318 0.012396 
0.705462 0.139956 0.0207368 0.0867934 0.0311031 0.00302851 0.0129204 
0.70856 0.0771689 0.0274563 0.150688 0.0228471 0.00188761 0.0113923 
0.74454 0.0826341 0.0292823 0.111463 0.0194975 0.00224199 0.010342 
0.75595 0.0639184 0.0403079 0.105456 0.0203286 0.00276722 0.011272 
0.736978 0.0763585 0.0575849 0.0899098 0.0198643 0.00623584 0.0130687 
0.64743 0.0409008 0.0641409 0.212592 0.0206505 0.00344767 0.0108379 
0.744568 0.0594821 0.0678186 0.0863878 0.022874 0.00616774 0.0127018 
0.751742 0.0553916 0.0726063 0.0787711 0.0240707 0.00531639 0.0121019 
0.743491 0.0702223 0.0663024 0.0684226 0.0305875 0.00502783 0.0159461 
0.713378 0.112534 0.0758462 0.0470335 0.0259794 0.00619582 0.0190332 
0.672934 0.1626 0.0840332 0.0314738 0.0191841 0.00537922 0.0243954 
0.689763 0.115792 0.0609965 0.059925 0.0518361 0.00381619 0.0178714 
0.687055 0.0958348 0.0574774 0.111273 0.031974 0.00320821 0.0131771 
0.64466 0.0959222 0.034886 0.0920967 0.113709 0.00454031 0.0141859 
0.696566 0.140238 0.0554453 0.0652792 0.0216536 0.00346321 0.0173551 
0.62147 0.166732 0.0387634 0.119378 0.0340032 0.0031358 0.0165167 
0.674472 0.100882 0.0397945 0.13362 0.0347204 0.00250608 0.0140041 
0.632821 0.148269 0.0253044 0.141303 0.037772 0.00291821 0.0116125 
0.648719 0.176436 0.0208569 0.0861476 0.0509296 0.00370271 0.0132081 
0.751697 0.119862 0.0288747 0.0544062 0.028229 0.0031012 0.0138304 
0.590407 0.0770522 0.0258827 0.256301 0.0386351 0.00212188 0.00960014 
0.709165 0.0599247 0.0300679 0.143515 0.0426265 0.00227665 0.0124238 
0.70647 0.0828066 0.0296336 0.143512 0.0237217 0.00256371 0.0112919 
0.815481 0.0504415 0.0269522 0.0585588 0.0308825 0.00191457 0.0157694 
0.843387 0.0426771 0.0338825 0.0529633 0.0128391 0.0017918 0.0124596 
0.821223 0.0522844 0.0264293 0.0676697 0.0206408 0.00188034 0.00987257 
0.815646 0.0531548 0.0270972 0.0605333 0.0265062 0.001896 0.0151661 
0.816161 0.0543046 0.0293761 0.062945 0.0198268 0.00203046 0.015356 
0.805677 0.045575 0.0324778 0.0800885 0.0193283 0.00195567 0.0148982 
0.790268 0.0509502 0.027568 0.0957943 0.0190637 0.00197125 0.0143841 
0.777073 0.0763913 0.0204412 0.0701784 0.0379088 0.00284053 0.0151667 
0.816091 0.0627241 0.0276969 0.0505379 0.0241513 0.00216907 0.0166293 
0.744895 0.105278 0.0236484 0.0827754 0.0295289 0.00247473 0.0113996 
0.77777 0.0628502 0.0327584 0.0851408 0.0245628 0.00195036 0.014967 
0.771424 0.0810879 0.0233675 0.0599562 0.0453783 0.00299113 0.0157947 
0.853541 0.0358991 0.0411651 0.035293 0.0153719 0.00243447 0.0162953 
0.82114 0.0617471 0.0271754 0.0541004 0.0200036 0.00251854 0.0133152 
0.806654 0.0372051 0.0297199 0.0847046 0.028218 0.00173921 0.0117588 
0.852569 0.0394522 0.0343916 0.0384556 0.0186759 0.00196788 0.014488 
0.863555 0.0440243 0.0330879 0.0259338 0.0146573 0.00252636 0.016215 
0.841967 0.0542988 0.0363472 0.0334744 0.0126499 0.0021148 0.0191476 
0.801595 0.0653787 0.0342072 0.0609401 0.0191436 0.00169712 0.0170383 
0.809187 0.0416801 0.0371168 0.0689707 0.0218701 0.0017361 0.0194395 
0.823526 0.0595865 0.0255726 0.0404107 0.0361799 0.00268234 0.0120421 
0.849415 0.039342 0.0547483 0.0288425 0.00669368 0.00164233 0.0193165 
0.800049 0.0867782 0.0300628 0.0400385 0.0254027 0.00218656 0.0154826 
0.806637 0.0879361 0.0271292 0.0452454 0.0176831 0.00195864 0.0134104 
0.801586 0.0713687 0.0250717 0.0619145 0.0262513 0.00197623 0.0118315 
0.778201 0.0628181 0.0187791 0.0796925 0.0464602 0.00207655 0.011973 
0.829963 0.0279218 0.0192918 0.0562132 0.0535828 0.00202197 0.0110052 
0.840443 0.0391634 0.0292632 0.0576955 0.0185409 0.00166723 0.0132268 
0.835933 0.0287897 0.0298619 0.0568742 0.0302503 0.00162481 0.0166659 
0.776195 0.0477348 0.027565 0.0981774 0.0341329 0.00199802 0.0141968 
0.798117 0.064407 0.0290855 0.0630605 0.0236921 0.00217516 0.0194632 
0.808221 0.0410798 0.0387253 0.0765413 0.0176966 0.00189498 0.0158412 
0.788187 0.0635387 0.0331961 0.0656959 0.0276361 0.00235468 0.0193913 
0.746718 0.0436979 0.0234518 0.1081 0.0624614 0.00193902 0.0136319 
0.856968 0.0358794 0.0378835 0.0321922 0.0198484 0.00183545 0.0153931 
0.859663 0.0512254 0.0308966 0.0261203 0.0140082 0.00342104 0.0146657 
0.794131 0.0355193 0.0396779 0.0899852 0.0207138 0.00145184 0.0185208 
0.838612 0.0278339 0.044136 0.0527884 0.0147882 0.00156424 0.020277 
0.809711 0.0668752 0.0303214 0.051516 0.0230024 0.00257131 0.0160027 
0.811812 0.0403026 0.0342385 0.0718134 0.0267768 0.00203284 0.013024 
0.802059 0.0516636 0.0242475 0.0541337 0.0502852 0.0026021 0.0150092 
0.815935 0.0326301 0.0490475 0.0605027 0.0173346 0.00173733 0.0228127 
0.812232 0.0361158 0.0293267 0.0638873 0.0387426 0.0019511 0.0177447 
0.836745 0.039484 0.0397947 0.0518225 0.0139273 0.00178741 0.0164388 
0.832113 0.0415571 0.0308514 0.056222 0.0232166 0.00236269 0.0136769 
0.81793 0.0766962 0.0350272 0.0345657 0.0159793 0.00262678 0.0171746 
0.807502 0.0668166 0.0364819 0.0655908 0.010158 0.00206572 0.0113852 
0.793757 0.0835726 0.0274311 0.0516151 0.0270115 0.00257788 0.0140349 
0.78501 0.0855576 0.0239332 0.0596924 0.0307324 0.0028036 0.0122705 
0.738828 0.0892186 0.0181111 0.0782307 0.0603467 0.00307274 0.0121923 
0.800361 0.0609531 0.0248816 0.0668055 0.0328066 0.00258309 0.0116087 
0.810993 0.0716794 0.0280335 0.0487104 0.0257873 0.00262946 0.0121672 
0.775187 0.117487 0.0260309 0.0358222 0.0267829 0.00328789 0.0154021 
0.7839 0.119579 0.0262664 0.0332884 0.0179497 0.003049 0.0159685 
0.861647 0.0435859 0.0389382 0.0265593 0.0115518 0.00190281 0.0158149 
0.839551 0.0558302 0.029581 0.0325167 0.0206977 0.00241905 0.0194046 
0.772362 0.112774 0.0263902 0.0389867 0.0270671 0.00290601 0.0195141 
0.758076 0.109936 0.0199492 0.0548196 0.0405557 0.00268326 0.0139804 
0.75127 0.111739 0.0213805 0.0651764 0.0351594 0.00273401 0.01254 
0.764617 0.0802128 0.0269538 0.095348 0.0214268 0.00232856 0.00911313 
0.815156 0.0605605 0.0307728 0.0616588 0.0168913 0.00270988 0.0122507 
0.774058 0.0784741 0.0259542 0.0761029 0.0305026 0.00251373 0.0123948 
0.757071 0.0995146 0.0220732 0.0488764 0.0548335 0.00291167 0.0147196 
0.813854 0.0522422 0.0309039 0.057814 0.0295996 0.00188682 0.0137 
0.797124 0.0613074 0.0283085 0.057997 0.0398448 0.00209546 0.0133232 
0.827099 0.0582715 0.0311708 0.0370394 0.0295664 0.00229761 0.0145551 
0.825904 0.0616667 0.0284885 0.0357987 0.0316263 0.00246172 0.0140541 
0.785385 0.0474075 0.0332913 0.0942291 0.0241568 0.00207146 0.0134586 
0.779542 0.0788449 0.0315973 0.075328 0.0201358 0.00225717 0.0122948 
0.819968 0.0566385 0.0307313 0.055702 0.0229224 0.00231864 0.0117192 
0.772692 0.0517288 0.0319855 0.0998587 0.0297443 0.00192032 0.0120702 
0.812195 0.0478007 0.0358446 0.0547531 0.0279309 0.00165654 0.0198194 
0.792172 0.0433702 0.0908821 0.0481234 0.00296487 0.0010673 0.0214206 
0.813907 0.018767 0.0871042 0.0639536 0.00396269 8.15745E-4 0.0114897 
0.800486 0.0396666 0.0816787 0.0550995 0.00248924 0.00102263 0.019557 
0.827813 0.0446326 0.0612486 0.0458573 0.00333731 0.00155984 0.0155511 
0.813886 0.0586343 0.0377205 0.0655137 0.0116563 0.00173424 0.0108555 
0.777489 0.0397929 0.0461154 0.107058 0.0142242 0.00216148 0.0131587 
0.823812 0.0433852 0.0364064 0.0637833 0.0209105 0.00196402 0.00973845 
0.808301 0.0128 0.0883823 0.0661593 0.00814879 0.0012105 0.0149983 
0.793099 0.0187762 0.0553097 0.110618 0.0138776 9.31752E-4 0.00738754 
0.835234 0.0249147 0.0479385 0.0599433 0.0176685 0.00129327 0.0130079 
0.802152 0.0292922 0.0420038 0.0865728 0.0242141 0.00152008 0.0142451 
0.744975 0.0329085 0.0364815 0.153653 0.020115 0.00145516 0.0104118 
0.832546 0.0339587 0.0623968 0.0369351 0.00864406 0.00187133 0.0236482 
0.813416 0.0289543 0.0424411 0.0779837 0.0226333 0.00149937 0.0130721 
0.831641 0.0326725 0.0445813 0.065693 0.0114542 0.00160568 0.0123523 
0.820599 0.0355353 0.0385934 0.0810335 0.0127863 0.00147866 0.00997416 
0.853396 0.0410057 0.0369481 0.0356584 0.0148988 0.00234641 0.0157468 
0.819367 0.042449 0.0398239 0.0776436 0.00620884 0.0019497 0.0125581 
0.740877 0.0867312 0.0427891 0.102233 0.0122086 0.00231276 0.0128482 
0.756863 0.067134 0.0507745 0.0985411 0.0126359 0.00224473 0.0118067 
0.814323 0.0576945 0.0469323 0.051301 0.0143271 0.00253394 0.0128883 
0.79663 0.0425102 0.0434447 0.0878613 0.0176095 0.00242279 0.00952147 
0.761072 0.0625518 0.034327 0.0857522 0.0401076 0.00320456 0.0129849 
0.776812 0.085334 0.0382688 0.0617324 0.0197265 0.00334573 0.0147809 
0.797757 0.0471787 0.0383942 0.0609508 0.0387699 0.0031001 0.0138493 
0.732368 0.0565364 0.0272646 0.100089 0.0681751 0.00299955 0.0125674 
0.768517 0.0487278 0.029701 0.0884526 0.0505305 0.00294723 0.0111239 
0.797176 0.0315418 0.0337274 0.0756085 0.0490041 0.00201474 0.0109273 
0.828423 0.0352996 0.0333236 0.0574839 0.0331596 0.00228485 0.0100256 
0.778979 0.0831677 0.0357518 0.0502586 0.0342509 0.00306363 0.0145287 
0.735035 0.0774747 0.0354203 0.109727 0.0275565 0.00265307 0.0121333 
0.794454 0.0712323 0.0452407 0.0530006 0.0173981 0.00253773 0.0161366 
0.761513 0.0745489 0.0389088 0.0838444 0.0242707 0.00247278 0.0144414 
0.774807 0.0839678 0.0359503 0.0446247 0.0405804 0.00332802 0.0167418 
0.77472 0.0549511 0.0360146 0.0908981 0.0305633 0.00143477 0.011418 
0.717702 0.118571 0.030505 0.0620153 0.0491962 0.00277826 0.019233 
0.757477 0.122819 0.036007 0.0478436 0.0156596 0.00294621 0.0172475 
0.777017 0.0700551 0.0366747 0.0821458 0.0219516 0.00174656 0.0104089 
0.784713 0.0597457 0.0421474 0.0738691 0.0242322 0.00247659 0.0128156 
0.79392 0.0486538 0.0414417 0.0803536 0.0225744 0.00204515 0.0110111 
0.687255 0.025265 0.0305997 0.183792 0.0609013 0.00145937 0.0107272 
0.592673 0.0568225 0.031097 0.273399 0.0325354 0.00148787 0.0119845 
0.751955 0.0314412 0.0560429 0.1348 0.0132336 0.00115137 0.0113759 
0.559706 0.0659172 0.0342231 0.307434 0.0216509 0.00141834 0.00965045 
0.442476 0.0303281 0.0305808 0.459785 0.0267803 8.71798E-4 0.00917782 
0.51127 0.0309777 0.0276419 0.377124 0.0420677 9.45201E-4 0.00997365 
0.576607 0.0459474 0.0286888 0.311805 0.0272081 0.0011014 0.00864271 
0.619309 0.061138 0.0262094 0.256911 0.025777 0.00141095 0.00924419 
0.601679 0.0508229 0.0243703 0.284102 0.0284318 0.00137151 0.00922269 
0.710867 0.0651899 0.0291671 0.150631 0.0307386 0.0016291 0.0117774 
0.696327 0.112748 0.0243208 0.12131 0.0307159 0.00226516 0.0123139 
0.710314 0.0605544 0.0337605 0.173915 0.0106469 0.00153821 0.00927075 
0.648951 0.157724 0.0254265 0.142367 0.00844459 0.0034787 0.0136079 
0.686424 0.177967 0.0291385 0.0782539 0.00715781 0.00689921 0.0141593 
0.751856 0.146285 0.0464373 0.0182285 0.00326521 0.0106696 0.0232589 
0.685641 0.231995 0.0291926 0.0176254 0.00629275 0.0129461 0.0163077 
0.808087 0.100048 0.0364779 0.0286841 0.00321062 0.0138772 0.00961439 
0.811128 0.101257 0.0401771 0.0260868 0.00269412 0.0114907 0.00716667 
0.746383 0.160945 0.0377485 0.0243795 0.00266144 0.0181586 0.00972426 
0.700353 0.186899 0.0355954 0.0122977 0.0032188 0.0353387 0.0262976 
0.698672 0.207881 0.0356577 0.0193308 0.00423658 0.015233 0.0189892 
0.589358 0.337061 0.0229825 0.0177194 0.00705533 0.0130581 0.0127657 
0.185633 0.694117 0.020421 0.0634039 0.00419017 0.0297315 0.00250315 
0.084378 0.855359 0.00707812 0.0224714 0.00304788 0.0266751 9.90901E-4 
0.0320322 0.937615 0.00203181 0.00877417 0.0022693 0.0169913 2.86628E-4 
0.0049809 0.98631 2.90228E-4 0.00143445 8.54913E-4 0.00608956 4.00238E-5 
0.001025 0.994633 9.33919E-5 4.61917E-4 3.42369E-4 0.00343375 1.04726E-5 
6.89888E-4 0.995401 1.02843E-4 3.20739E-4 1.89599E-4 0.00328997 5.96954E-6 
6.50655E-4 0.996229 1.07491E-4 2.39799E-4 1.53294E-4 0.00261233 7.29054E-6 
0.00138702 0.993618 2.21833E-4 7.81331E-4 1.89983E-4 0.00378702 1.44101E-5 
0.00714688 0.976866 0.00184907 0.00518705 2.06264E-4 0.00869896 4.61686E-5 
0.0600801 0.804075 0.0219214 0.0890909 0.00159536 0.0217931 0.00144376 
0.153953 0.726037 0.0151161 0.0769518 0.00320668 0.0227216 0.00201436 
0.262845 0.529272 0.0220769 0.135133 0.00767419 0.0385589 0.00444016 
0.400922 0.399485 0.0155511 0.156287 0.0135071 0.0111285 0.00312034 
0.479056 0.332847 0.0168635 0.140363 0.0149515 0.0119966 0.00392289 
0.57097 0.250606 0.0203155 0.13964 0.00831987 0.00650165 0.0036465 
0.442308 0.343368 0.0117787 0.157839 0.0313959 0.00915278 0.0041576 
0.608678 0.219136 0.0160003 0.122593 0.0201796 0.00720027 0.00621347 
0.536779 0.226063 0.016103 0.185141 0.0228612 0.00687064 0.00618297 
0.504629 0.298347 0.0165565 0.149901 0.0144287 0.0092675 0.00686968 
0.530425 0.305465 0.0141221 0.100532 0.0338208 0.0094158 0.00621896 
0.636185 0.20073 0.0164569 0.0870993 0.0465465 0.00602468 0.00695805 
0.631562 0.212669 0.0176643 0.0965198 0.0287037 0.00600369 0.00687765 
0.725905 0.136676 0.0222019 0.0849955 0.0164831 0.00558633 0.00815268 
0.65513 0.194317 0.016211 0.0835044 0.0367955 0.00583608 0.00820598 
0.682308 0.16245 0.0190536 0.0738784 0.0483639 0.00511585 0.00882982 
0.681172 0.189197 0.0175772 0.0486716 0.0482307 0.00539366 0.00975827 
0.687291 0.191044 0.016893 0.0645488 0.0276109 0.00452908 0.00808358 
0.658742 0.143618 0.0181233 0.138773 0.0287431 0.00455119 0.00744912 
0.600608 0.30231 0.0159844 0.0493135 0.0151605 0.00611396 0.0105096 
0.626043 0.232985 0.0210045 0.0969397 0.0098861 0.00431626 0.008825 
0.600053 0.183957 0.0209608 0.173012 0.010941 0.00313058 0.0079459 
0.574597 0.312599 0.0195043 0.0685713 0.00881006 0.00391537 0.0120026 
0.59729 0.271315 0.0138466 0.0801184 0.0225515 0.00417071 0.0107075 
0.703113 0.19121 0.0221227 0.0566209 0.0100673 0.00398983 0.0128763 
0.640195 0.274594 0.0179447 0.0381682 0.00902901 0.00528553 0.0147839 
0.650182 0.203362 0.0160262 0.0854927 0.0288176 0.00416717 0.0119521 
0.764742 0.136159 0.0188011 0.0458254 0.0205029 0.00273609 0.0112336 
0.656714 0.236789 0.0147744 0.0630441 0.0155647 0.00256667 0.0105473 
0.66667 0.216693 0.0159249 0.0628519 0.0239206 0.00236414 0.0115751 
0.751514 0.112562 0.0174836 0.0736834 0.0318636 0.00259682 0.0102968 
0.646645 0.19447 0.0182484 0.113576 0.0169357 0.0018939 0.00823089 
0.723998 0.147171 0.0186648 0.0810556 0.0162848 0.00319026 0.00963472 
0.752276 0.137071 0.0199791 0.0537033 0.023462 0.00301677 0.0104914 
0.721883 0.159601 0.0189477 0.0723611 0.0151104 0.00278746 0.00930956 
0.67732 0.156153 0.0189003 0.120319 0.0167322 0.00202167 0.00855295 
0.697514 0.15516 0.0228602 0.0982959 0.0150784 0.00217085 0.00892037 
0.756605 0.149892 0.0210272 0.0480254 0.0139718 0.00238673 0.00809113 
0.728279 0.138481 0.0218478 0.0876383 0.0140304 0.00248246 0.00724042 
0.787711 0.101829 0.0226287 0.0576432 0.0181268 0.00310165 0.00895984 
0.72369 0.151444 0.0232805 0.0733324 0.0154035 0.00271675 0.0101322 
0.783027 0.061841 0.0332898 0.100826 0.00933794 0.00223339 0.00944478 
0.826579 0.0656109 0.0390195 0.0471655 0.00891674 0.00225134 0.0104574 
0.83334 0.0553736 0.0301683 0.0612547 0.00766778 0.00330872 0.00888663 
0.809368 0.0776246 0.0305777 0.0647993 0.00679719 0.00303854 0.00779458 
0.793131 0.0633663 0.0230028 0.0907586 0.0200579 0.00255988 0.00712374 
0.805163 0.0700582 0.0318513 0.0740014 0.00792112 0.00245096 0.00855372 
0.817693 0.0452508 0.0368678 0.0777664 0.00968993 0.00216218 0.0105699 
0.726948 0.0992902 0.0277485 0.125772 0.00922036 0.00250896 0.00851142 
0.816023 0.0680212 0.0316859 0.0634684 0.0113006 0.00215883 0.00734232 
0.746864 0.0838661 0.0263732 0.124386 0.00988308 0.00211616 0.00651161 
0.81959 0.0650493 0.0315132 0.0645143 0.00794141 0.00264543 0.00874669 
0.808633 0.0925161 0.0308156 0.0466465 0.00651008 0.00330276 0.0115761 
0.80701 0.0839655 0.0334389 0.0529517 0.00890357 0.00338813 0.0103427 
0.815382 0.0445214 0.0363295 0.0830778 0.00998477 0.00273289 0.00797177 
0.754589 0.0424598 0.0381709 0.147659 0.0072127 0.00194485 0.00796393 
0.785857 0.0453114 0.0373025 0.114755 0.00614822 0.00216257 0.00846275 
0.777966 0.0693164 0.0405652 0.0944119 0.00504667 0.00222038 0.0104735 
0.769312 0.0716729 0.0371159 0.107029 0.00404511 0.00274094 0.00808394 
0.801844 0.0868349 0.0272389 0.0619842 0.0114158 0.00304036 0.00764144 
0.814432 0.0636209 0.0292611 0.0701775 0.0119935 0.00249281 0.00802177 
0.847739 0.047822 0.0365928 0.0502499 0.00546874 0.00340321 0.00872393 
0.794641 0.068293 0.0338428 0.0864051 0.00508129 0.00377348 0.0079635 
0.795928 0.0763417 0.0396657 0.0745378 0.00339039 0.00254998 0.00758644 
0.842646 0.0402089 0.036182 0.0614712 0.00831189 0.00296745 0.00821255 
0.833241 0.049903 0.0390789 0.0572366 0.00796849 0.00298592 0.00958573 
0.814413 0.0373209 0.0382379 0.0908677 0.00943985 0.00197861 0.00774188 
0.836423 0.0434473 0.041575 0.0603576 0.00672675 0.00307807 0.00839206 
0.775695 0.0421272 0.0417735 0.124048 0.00631985 0.00242176 0.00761489 
0.837269 0.0432705 0.0506676 0.0523456 0.00293169 0.00303433 0.0104817 
0.75406 0.0772567 0.0384628 0.111499 0.0054691 0.00290766 0.0103443 
0.797625 0.0814728 0.0590008 0.0410175 0.00245123 0.00277973 0.015653 
0.775607 0.0590901 0.0699055 0.0789543 0.00339093 0.00174795 0.0113043 
0.786063 0.0640966 0.0515792 0.0797787 0.00542168 0.00205284 0.0110077 
0.799013 0.0564161 0.0493179 0.0731627 0.00808548 0.00317474 0.0108305 
0.701248 0.140579 0.0382601 0.0966121 0.00975688 0.00294447 0.0105997 
0.754955 0.0920674 0.039875 0.0870943 0.0102747 0.00364666 0.0120869 
0.693595 0.14898 0.0249342 0.0965209 0.0220523 0.00301753 0.0109007 
0.740832 0.139572 0.0287306 0.0681835 0.0107023 0.00255712 0.00942257 
0.741373 0.135814 0.0263329 0.072275 0.0125402 0.0032143 0.00845054 
0.746808 0.125201 0.0210844 0.0721329 0.0230256 0.00447028 0.00727789 
