0.844881 0.0540677 0.0347722 0.0407542 0.0083197 0.00219658 0.0150086 
0.854949 0.0352565 0.0490884 0.0297307 0.0064497 0.00201718 0.0225084 
0.836581 0.0655465 0.0302335 0.043053 0.0106492 0.00198131 0.0119559 
0.780449 0.097995 0.0231997 0.0551595 0.0238335 0.00320647 0.0161571 
0.830625 0.0577839 0.0290215 0.0373153 0.0238248 0.00272517 0.0187045 
0.803542 0.0942302 0.0236016 0.0350529 0.019455 0.00307813 0.02104 
0.838026 0.056932 0.0260621 0.0426604 0.0173297 0.00230275 0.016687 
0.838713 0.065052 0.0258171 0.0369695 0.0141271 0.00300186 0.0163194 
0.82601 0.0799692 0.0293815 0.0339715 0.0108258 0.00341779 0.0164244 
0.826487 0.0725107 0.0312706 0.0383528 0.0117555 0.00272564 0.0168975 
0.841274 0.0593459 0.030451 0.0404163 0.00995041 0.00256167 0.0160005 
0.807499 0.068871 0.0241181 0.0609722 0.0221527 0.00202755 0.0143599 
0.777502 0.0984878 0.0233103 0.0588269 0.0235608 0.00210103 0.0162109 
0.81875 0.0798014 0.0234072 0.0418073 0.0172616 0.00274087 0.0162318 
0.832773 0.0503832 0.0337495 0.0525637 0.011111 0.00184827 0.0175712 
0.81793 0.0766962 0.0350272 0.0345657 0.0159793 0.00262678 0.0171746 
0.807502 0.0668166 0.0364819 0.0655908 0.010158 0.00206572 0.0113852 
0.793757 0.0835726 0.0274311 0.0516151 0.0270115 0.00257788 0.0140349 
0.78501 0.0855576 0.0239332 0.0596924 0.0307324 0.0028036 0.0122705 
0.738828 0.0892186 0.0181111 0.0782307 0.0603467 0.00307274 0.0121923 
0.800361 0.0609531 0.0248816 0.0668055 0.0328066 0.00258309 0.0116087 
0.810993 0.0716794 0.0280335 0.0487104 0.0257873 0.00262946 0.0121672 
0.775187 0.117487 0.0260309 0.0358222 0.0267829 0.00328789 0.0154021 
0.7839 0.119579 0.0262664 0.0332884 0.0179497 0.003049 0.0159685 
0.861647 0.0435859 0.0389382 0.0265593 0.0115518 0.00190281 0.0158149 
0.839551 0.0558302 0.029581 0.0325167 0.0206977 0.00241905 0.0194046 
0.772362 0.112774 0.0263902 0.0389867 0.0270671 0.00290601 0.0195141 
0.758076 0.109936 0.0199492 0.0548196 0.0405557 0.00268326 0.0139804 
0.75127 0.111739 0.0213805 0.0651764 0.0351594 0.00273401 0.01254 
0.764617 0.0802128 0.0269538 0.095348 0.0214268 0.00232856 0.00911313 
0.81793 0.0766962 0.0350272 0.0345657 0.0159793 0.00262678 0.0171746 
0.807502 0.0668166 0.0364819 0.0655908 0.010158 0.00206572 0.0113852 
0.793757 0.0835726 0.0274311 0.0516151 0.0270115 0.00257788 0.0140349 
0.78501 0.0855576 0.0239332 0.0596924 0.0307324 0.0028036 0.0122705 
0.738828 0.0892186 0.0181111 0.0782307 0.0603467 0.00307274 0.0121923 
0.800361 0.0609531 0.0248816 0.0668055 0.0328066 0.00258309 0.0116087 
0.810993 0.0716794 0.0280335 0.0487104 0.0257873 0.00262946 0.0121672 
0.775187 0.117487 0.0260309 0.0358222 0.0267829 0.00328789 0.0154021 
0.7839 0.119579 0.0262664 0.0332884 0.0179497 0.003049 0.0159685 
0.861647 0.0435859 0.0389382 0.0265593 0.0115518 0.00190281 0.0158149 
0.839551 0.0558302 0.029581 0.0325167 0.0206977 0.00241905 0.0194046 
0.772362 0.112774 0.0263902 0.0389867 0.0270671 0.00290601 0.0195141 
0.758076 0.109936 0.0199492 0.0548196 0.0405557 0.00268326 0.0139804 
0.75127 0.111739 0.0213805 0.0651764 0.0351594 0.00273401 0.01254 
0.764617 0.0802128 0.0269538 0.095348 0.0214268 0.00232856 0.00911313 
0.835085 0.0412564 0.0433253 0.0367098 0.0196576 0.00216309 0.0218027 
0.8219 0.0445232 0.0326496 0.0590752 0.0264758 0.00211588 0.0132601 
0.819227 0.0543202 0.0407595 0.0580962 0.00932905 0.00181981 0.0164483 
0.846411 0.0439238 0.0306403 0.0492028 0.0149768 0.00190569 0.0129392 
0.842455 0.0384569 0.0323398 0.0577882 0.0160974 0.00199442 0.0108681 
0.849645 0.0293506 0.0561938 0.0389699 0.00730378 0.00163979 0.0168969 
0.820945 0.0191575 0.0595719 0.0652585 0.0168231 0.0018778 0.0163663 
0.831971 0.0317509 0.0537336 0.0532841 0.00732977 0.00210069 0.0198298 
0.831992 0.0409522 0.0515735 0.0463112 0.00742426 0.00252977 0.0192174 
0.800522 0.0342795 0.0502506 0.0881601 0.00840916 0.00162117 0.0167577 
0.835877 0.0373298 0.0472505 0.0580584 0.00667156 0.0021224 0.0126899 
0.863823 0.0364152 0.0433926 0.0308152 0.00703593 0.00202105 0.016497 
0.814806 0.0505876 0.0418394 0.0677003 0.00953226 0.00187232 0.0136618 
0.825891 0.0461977 0.0481632 0.0508056 0.00970748 0.00183209 0.0174033 
0.815951 0.0451304 0.0422452 0.0697363 0.0110913 0.00222601 0.01362 
0.81793 0.0766962 0.0350272 0.0345657 0.0159793 0.00262678 0.0171746 
0.807502 0.0668166 0.0364819 0.0655908 0.010158 0.00206572 0.0113852 
0.793757 0.0835726 0.0274311 0.0516151 0.0270115 0.00257788 0.0140349 
0.78501 0.0855576 0.0239332 0.0596924 0.0307324 0.0028036 0.0122705 
0.738828 0.0892186 0.0181111 0.0782307 0.0603467 0.00307274 0.0121923 
0.800361 0.0609531 0.0248816 0.0668055 0.0328066 0.00258309 0.0116087 
0.810993 0.0716794 0.0280335 0.0487104 0.0257873 0.00262946 0.0121672 
0.775187 0.117487 0.0260309 0.0358222 0.0267829 0.00328789 0.0154021 
0.7839 0.119579 0.0262664 0.0332884 0.0179497 0.003049 0.0159685 
0.861647 0.0435859 0.0389382 0.0265593 0.0115518 0.00190281 0.0158149 
0.839551 0.0558302 0.029581 0.0325167 0.0206977 0.00241905 0.0194046 
0.772362 0.112774 0.0263902 0.0389867 0.0270671 0.00290601 0.0195141 
0.758076 0.109936 0.0199492 0.0548196 0.0405557 0.00268326 0.0139804 
0.75127 0.111739 0.0213805 0.0651764 0.0351594 0.00273401 0.01254 
0.764617 0.0802128 0.0269538 0.095348 0.0214268 0.00232856 0.00911313 
0.815881 0.0570844 0.0298142 0.0695475 0.00938763 0.00211315 0.0161722 
0.805328 0.070554 0.0322058 0.0670619 0.00700857 0.00189448 0.0159471 
0.736765 0.0889908 0.022128 0.12313 0.0166319 0.0020337 0.0103211 
0.730545 0.0631793 0.0267578 0.15349 0.0123051 0.00171976 0.012003 
0.770365 0.0576315 0.0248038 0.113347 0.0170223 0.00148558 0.0153445 
0.780129 0.0665041 0.0269289 0.0967178 0.0117818 0.00181195 0.016126 
0.742081 0.0654919 0.0273805 0.144639 0.00625244 0.00168164 0.0124735 
0.739958 0.0839274 0.0300982 0.121595 0.00590483 0.00198564 0.0165304 
0.663843 0.082807 0.0206161 0.197637 0.019266 0.00164046 0.0141898 
0.655243 0.16576 0.019966 0.125978 0.0159704 0.00269331 0.014388 
0.727179 0.0892548 0.0232603 0.115672 0.0282399 0.0018975 0.0144967 
0.75756 0.045755 0.0258298 0.138075 0.0196322 0.00154511 0.0116036 
0.790119 0.0432536 0.025792 0.104648 0.0211566 0.0019867 0.0130439 
0.721828 0.0530874 0.0222313 0.162268 0.0276539 0.00171768 0.0112133 
0.611556 0.0553778 0.0218158 0.286029 0.0149951 0.00129433 0.00893182 
0.81793 0.0766962 0.0350272 0.0345657 0.0159793 0.00262678 0.0171746 
0.807502 0.0668166 0.0364819 0.0655908 0.010158 0.00206572 0.0113852 
0.793757 0.0835726 0.0274311 0.0516151 0.0270115 0.00257788 0.0140349 
0.78501 0.0855576 0.0239332 0.0596924 0.0307324 0.0028036 0.0122705 
0.738828 0.0892186 0.0181111 0.0782307 0.0603467 0.00307274 0.0121923 
0.800361 0.0609531 0.0248816 0.0668055 0.0328066 0.00258309 0.0116087 
0.810993 0.0716794 0.0280335 0.0487104 0.0257873 0.00262946 0.0121672 
0.775187 0.117487 0.0260309 0.0358222 0.0267829 0.00328789 0.0154021 
0.7839 0.119579 0.0262664 0.0332884 0.0179497 0.003049 0.0159685 
0.861647 0.0435859 0.0389382 0.0265593 0.0115518 0.00190281 0.0158149 
0.839551 0.0558302 0.029581 0.0325167 0.0206977 0.00241905 0.0194046 
0.772362 0.112774 0.0263902 0.0389867 0.0270671 0.00290601 0.0195141 
0.758076 0.109936 0.0199492 0.0548196 0.0405557 0.00268326 0.0139804 
0.75127 0.111739 0.0213805 0.0651764 0.0351594 0.00273401 0.01254 
0.764617 0.0802128 0.0269538 0.095348 0.0214268 0.00232856 0.00911313 
0.442308 0.343368 0.0117787 0.157839 0.0313959 0.00915278 0.0041576 
0.608678 0.219136 0.0160003 0.122593 0.0201796 0.00720027 0.00621347 
0.536779 0.226063 0.016103 0.185141 0.0228612 0.00687064 0.00618297 
0.504629 0.298347 0.0165565 0.149901 0.0144287 0.0092675 0.00686968 
0.530425 0.305465 0.0141221 0.100532 0.0338208 0.0094158 0.00621896 
0.636185 0.20073 0.0164569 0.0870993 0.0465465 0.00602468 0.00695805 
0.631562 0.212669 0.0176643 0.0965198 0.0287037 0.00600369 0.00687765 
0.725905 0.136676 0.0222019 0.0849955 0.0164831 0.00558633 0.00815268 
0.65513 0.194317 0.016211 0.0835044 0.0367955 0.00583608 0.00820598 
0.682308 0.16245 0.0190536 0.0738784 0.0483639 0.00511585 0.00882982 
0.681172 0.189197 0.0175772 0.0486716 0.0482307 0.00539366 0.00975827 
0.687291 0.191044 0.016893 0.0645488 0.0276109 0.00452908 0.00808358 
0.658742 0.143618 0.0181233 0.138773 0.0287431 0.00455119 0.00744912 
0.600608 0.30231 0.0159844 0.0493135 0.0151605 0.00611396 0.0105096 
0.626043 0.232985 0.0210045 0.0969397 0.0098861 0.00431626 0.008825 
