0.808605 0.00959057 0.0792059 0.0394757 0.00136266 0.00560932 0.0561514 
0.842543 0.00922839 0.0741603 0.026947 0.00171206 0.00389519 0.0415146 
0.850343 0.00844478 0.073856 0.0285619 0.00177797 0.00320733 0.0338091 
0.832171 0.0116293 0.0677756 0.046908 0.00157818 0.00477231 0.0351658 
0.786502 0.00885285 0.0900934 0.0460052 0.00128934 0.00901377 0.0582438 
0.797136 0.0101582 0.0819271 0.0625656 0.00129671 0.0104216 0.0364952 
0.778188 0.0106902 0.0725003 0.0945206 0.00231047 0.0083842 0.0334061 
0.848765 0.0110985 0.0630495 0.0361368 0.00211902 0.0120333 0.026798 
0.799911 0.00939074 0.0991251 0.0406686 9.72026E-4 0.00960465 0.0403276 
0.74421 0.00675902 0.121011 0.015513 6.43164E-4 0.00926739 0.102596 
0.811812 0.00589193 0.10085 0.0257495 0.00106148 0.00526886 0.0493657 
0.739684 0.00545146 0.125388 0.0358304 9.55048E-4 0.00663252 0.0860592 
0.752377 0.0143772 0.0734484 0.11621 0.00132828 0.0128286 0.0294307 
0.803582 0.010058 0.0817913 0.0486423 0.00110275 0.0122089 0.0426145 
0.792121 0.0108789 0.0765404 0.0839983 0.00133123 0.0107596 0.024371 
0.822131 0.0136145 0.0723379 0.0441125 9.75588E-4 0.0109553 0.0358735 
0.846834 0.0143004 0.0528502 0.0541416 0.00149548 0.00668923 0.0236892 
0.868092 0.0136857 0.0538017 0.0381617 0.00133289 0.00430401 0.0206218 
0.846048 0.0110881 0.0629543 0.0357735 0.00138405 0.00638175 0.03637 
0.830317 0.00725272 0.0889634 0.0225909 0.00105681 0.00699035 0.0428287 
0.809401 0.0106531 0.068017 0.0626951 0.00172483 0.0109226 0.0365865 
0.863525 0.0117707 0.0620156 0.0267408 0.00123693 0.00647776 0.0282332 
0.849621 0.013537 0.0500629 0.0471159 0.00300427 0.0093976 0.0272613 
0.836581 0.00967852 0.0603201 0.042417 0.00267469 0.00595221 0.0423761 
0.847964 0.0106306 0.0538032 0.0311127 0.00227952 0.00944723 0.0447625 
0.850291 0.0112831 0.0560965 0.0335126 0.00178308 0.0113362 0.0356977 
0.800986 0.00926808 0.070104 0.0637258 0.00236244 0.00702265 0.0465306 
0.76687 0.0106241 0.0743861 0.0778858 0.00238361 0.00916974 0.0586805 
0.79184 0.0099544 0.0752458 0.0466054 0.00181946 0.0118058 0.0627286 
0.785248 0.00948305 0.0833098 0.0513431 0.00189709 0.0119187 0.0568 
0.805914 0.012578 0.0628162 0.056133 0.00321019 0.0167523 0.0425965 
0.799075 0.00862144 0.085477 0.0278303 0.00195095 0.0100065 0.0670384 
0.785021 0.00931754 0.0735589 0.0843869 0.00349246 0.00696797 0.0372549 
0.782098 0.00832134 0.086702 0.0594333 0.00230104 0.00887074 0.0522732 
0.804855 0.00976919 0.0930787 0.028952 0.0010547 0.0075664 0.0547237 
0.828444 0.0125592 0.0761137 0.0411669 0.00109739 0.00767635 0.0329427 
0.845958 0.0124629 0.0637133 0.0419311 0.00162309 0.00679925 0.027512 
0.859896 0.0118302 0.0588335 0.0376964 0.00179483 0.00522501 0.0247245 
0.811967 0.0104774 0.0655044 0.0733956 0.00188373 0.00685453 0.0299175 
0.837453 0.00952965 0.066065 0.0447364 0.00172498 0.00621633 0.034275 
0.846218 0.00835768 0.0622631 0.0446877 0.0024089 0.00781469 0.0282504 
0.814782 0.0100274 0.0644153 0.0671232 0.00263038 0.00788559 0.0331362 
0.789275 0.0110712 0.0697945 0.0824014 0.00192373 0.00992135 0.0356132 
0.785759 0.0122268 0.0561698 0.107518 0.00262191 0.00970489 0.0259994 
0.813419 0.0102881 0.0603878 0.0742355 0.00238624 0.00776568 0.0315179 
0.804017 0.00832099 0.0719089 0.0692199 0.00278663 0.00464741 0.0390993 
0.77468 0.00965507 0.0627568 0.0960304 0.00314665 0.00841468 0.0453161 
0.829552 0.00940803 0.0660521 0.0324415 0.00298406 0.0100738 0.0494882 
0.806958 0.00823135 0.0713866 0.0604571 0.00286855 0.00797489 0.0421238 
0.764941 0.0103433 0.0646074 0.105981 0.00304971 0.00789472 0.0431833 
0.794191 0.0103528 0.074073 0.0581204 0.00183006 0.0097599 0.0516725 
0.793904 0.00976941 0.0682048 0.0569815 0.00236114 0.0070835 0.0616958 
0.782714 0.0132245 0.0602381 0.0976953 0.00329196 0.00852042 0.0343153 
0.72789 0.0120892 0.0726182 0.125666 0.00280752 0.0127075 0.0462213 
0.809417 0.010858 0.0710015 0.0521831 0.0018132 0.00932347 0.0454037 
0.803289 0.0142211 0.0676841 0.0682116 0.00170529 0.00814636 0.0367422 
0.849372 0.0131784 0.0468466 0.0581111 0.00249505 0.00937273 0.0206243 
0.84591 0.0158803 0.0592324 0.0428949 0.001146 0.00755961 0.0273766 
0.872732 0.0173848 0.0431961 0.0355217 0.00174854 0.0119662 0.0174509 
0.861014 0.0101871 0.0639235 0.0217835 0.00133773 0.00761745 0.0341365 
0.809922 0.011667 0.0816324 0.0359261 8.13596E-4 0.00969768 0.0503412 
0.860285 0.016009 0.0503701 0.0331421 0.00115893 0.0113351 0.0276998 
0.823718 0.00966396 0.0632954 0.0338445 0.00147752 0.00822907 0.0597716 
0.780174 0.0106588 0.0796819 0.073653 0.00127566 0.00702154 0.0475349 
0.825127 0.00842788 0.0671387 0.041111 0.00185633 0.00633152 0.0500072 
0.853176 0.00932629 0.0589174 0.0246132 0.00185571 0.00951838 0.0425934 
0.857775 0.00963941 0.0566838 0.0360571 0.00151717 0.00699631 0.0313307 
0.857243 0.00888639 0.062935 0.032492 0.00127977 0.00676848 0.0303954 
0.862166 0.00984906 0.0616143 0.0239595 0.00108828 0.00637703 0.0349464 
0.871347 0.0098118 0.0537436 0.0142889 0.00127854 0.010992 0.0385381 
0.886274 0.0119535 0.0448474 0.0135439 0.00156593 0.011332 0.0304828 
0.859867 0.00860638 0.0670363 0.0173776 0.0010903 0.0102486 0.0357741 
0.849582 0.0109672 0.0610791 0.0394843 0.00127221 0.00996291 0.0276522 
0.845896 0.011918 0.0634133 0.0400983 0.00100109 0.0112371 0.0264362 
0.836452 0.00932581 0.0697661 0.0405281 0.00146066 0.00670115 0.0357666 
0.83553 0.00815219 0.0737481 0.0286818 0.00111362 0.00893207 0.0438427 
0.855388 0.0105616 0.0598672 0.0214661 0.00153657 0.0081394 0.043041 
0.837019 0.0100082 0.0633489 0.0415532 0.00209022 0.00754029 0.0384402 
0.838866 0.0112454 0.0554701 0.0454692 0.00226661 0.00908878 0.037594 
0.812464 0.0100831 0.073635 0.041831 0.0016811 0.00872176 0.0515844 
0.732469 0.0111874 0.0821139 0.115168 0.00198119 0.00873004 0.0483507 
0.716143 0.0109379 0.0763962 0.133899 0.00239774 0.00687768 0.0533489 
0.790323 0.0088977 0.0756708 0.0495985 0.00159608 0.00993846 0.0639756 
0.780067 0.00991581 0.0710902 0.0824278 0.00293869 0.00705571 0.0465047 
0.726983 0.00952782 0.0852753 0.0896657 0.002304 0.00712051 0.0791232 
0.779957 0.00810311 0.0846091 0.0307579 0.00156721 0.00893314 0.0860726 
0.745127 0.015585 0.0564606 0.142842 0.00291108 0.0102961 0.0267775 
0.82091 0.0125478 0.0597094 0.0672904 0.00245837 0.00882814 0.0282561 
0.832095 0.0122931 0.0559196 0.0673769 0.00266858 0.00721592 0.0224312 
0.764784 0.0093242 0.0907382 0.084279 0.00165089 0.00713585 0.0420882 
0.759956 0.00922584 0.0903332 0.093085 0.00168687 0.00586336 0.0398494 
0.718462 0.0117978 0.081359 0.14507 0.00200809 0.00804263 0.0332602 
0.755976 0.0088365 0.0868024 0.0914693 0.00224664 0.0113598 0.0433097 
0.777367 0.00678205 0.0912511 0.0738145 0.00184113 0.00822895 0.0407148 
0.773888 0.00981734 0.0842943 0.0790306 0.00177867 0.0121387 0.039052 
0.7646 0.00770354 0.103598 0.0376564 0.00126299 0.0107168 0.0744623 
0.774228 0.00831339 0.0970031 0.0543759 0.00127404 0.00958645 0.0552194 
0.749765 0.0114119 0.0858331 0.096786 0.00151413 0.0104947 0.0441955 
0.791386 0.00938764 0.0818549 0.0707903 0.00169034 0.00893883 0.0359523 
0.828186 0.00903847 0.0708555 0.0439968 0.00253919 0.00668027 0.038704 
0.8236 0.00951437 0.0720104 0.0411905 0.00160915 0.0113181 0.0407576 
0.808309 0.00893224 0.0833672 0.0243254 8.90594E-4 0.00995009 0.0642251 
0.770048 0.00868596 0.108744 0.0127144 6.22877E-4 0.0103832 0.0888008 
0.779773 0.00973352 0.104072 0.0208382 7.11086E-4 0.00914141 0.0757306 
0.81893 0.0109956 0.0754821 0.0433739 0.00134864 0.0110908 0.0387792 
0.835907 0.0100641 0.0768033 0.0154093 8.1005E-4 0.0103132 0.0506933 
0.77632 0.00929292 0.100085 0.0423871 0.00111062 0.0100231 0.0607812 
0.749304 0.00950765 0.107534 0.0353148 9.92272E-4 0.011721 0.0856254 
0.767586 0.00918745 0.0912179 0.0628098 0.00158643 0.0117972 0.0558155 
0.830415 0.00983757 0.0732905 0.0348715 0.00140151 0.00822715 0.0419569 
0.765405 0.0106437 0.0781133 0.085854 0.00189958 0.0101917 0.0478923 
0.782724 0.0103756 0.0770439 0.0743335 0.00197701 0.00823053 0.0453153 
0.796614 0.0101764 0.0760538 0.0344825 0.00177042 0.0115573 0.0693456 
0.835803 0.0100934 0.0723169 0.0211697 0.00136496 0.00739182 0.0518602 
0.850449 0.0105467 0.0635247 0.0298606 0.00210252 0.00954399 0.0339728 
0.869429 0.00914578 0.0582907 0.0251242 0.00215367 0.00848394 0.0273726 
0.866431 0.0103548 0.0599099 0.0283996 0.00169715 0.00653709 0.0266702 
0.864057 0.00942551 0.0597977 0.0328709 0.00223012 0.00464953 0.0269691 
0.838482 0.0106819 0.0586893 0.0455639 0.00230915 0.00985355 0.0344202 
0.822159 0.0094123 0.0658423 0.0631953 0.00229934 0.0066745 0.030417 
0.832243 0.00773815 0.088698 0.0179349 8.82221E-4 0.00857266 0.043931 
0.857598 0.00913688 0.0707386 0.0233479 0.00150926 0.00790661 0.0297627 
0.821348 0.00939837 0.0573292 0.0761656 0.00439917 0.00770098 0.0236581 
0.792375 0.00929216 0.0874142 0.0537659 0.00151932 0.01066 0.0449738 
0.820101 0.0093725 0.0660618 0.0353596 0.00319726 0.010591 0.0553167 
0.804951 0.00763871 0.0781435 0.0365126 0.00171787 0.00821813 0.0628185 
0.777126 0.0105705 0.0825372 0.0416103 0.00179765 0.0169832 0.0693753 
0.669795 0.0118225 0.104759 0.085688 0.00202077 0.0156495 0.110266 
0.731336 0.0124135 0.0962937 0.0640293 0.00143454 0.0128976 0.0815957 
0.783213 0.0131652 0.0742216 0.0576486 0.00130936 0.0100843 0.0603574 
0.817533 0.00986573 0.0675244 0.0284171 0.0013624 0.017838 0.0574594 
0.799198 0.0124723 0.0629401 0.0667772 0.0018055 0.0147141 0.0420932 
0.762942 0.0114016 0.0763046 0.0885811 0.00207943 0.011395 0.0472959 
0.778161 0.00871564 0.0834375 0.0664205 0.00266574 0.00830434 0.0522954 
0.754823 0.0111563 0.0835104 0.0797269 0.00304377 0.00995707 0.0577824 
0.742443 0.0107084 0.0861869 0.0837296 0.00302545 0.0144526 0.0594541 
0.730108 0.0113159 0.0744977 0.108568 0.0034654 0.0102292 0.0618166 
0.730677 0.011282 0.0749156 0.0919319 0.00280894 0.0140518 0.0743325 
0.753001 0.0115062 0.07453 0.0807278 0.00241298 0.0132282 0.0645937 
0.73751 0.0103562 0.0736813 0.100081 0.00324947 0.0141953 0.0609267 
0.780375 0.0123469 0.0687739 0.0667101 0.00220212 0.0120631 0.0575286 
0.704262 0.0127457 0.0606937 0.172571 0.0034335 0.0119576 0.034336 
0.767564 0.0135005 0.0645905 0.100715 0.00304765 0.0110945 0.0394877 
0.753535 0.0118437 0.0712875 0.0901696 0.00228882 0.0135864 0.0572886 
0.81691 0.0133471 0.0563665 0.0485271 0.00196334 0.0166968 0.046189 
0.825516 0.0143513 0.0492019 0.0455326 0.00233082 0.0176917 0.0453758 
0.79831 0.0141266 0.0662028 0.0664135 0.00158387 0.014123 0.0392397 
0.797721 0.0160483 0.0745461 0.0559554 0.00111014 0.0130476 0.0415717 
0.840179 0.0112789 0.0575667 0.0391859 0.00297467 0.00794774 0.0408667 
0.847123 0.0101898 0.0604975 0.0340873 0.0024012 0.00585555 0.0398453 
0.844179 0.0110697 0.0588751 0.0387081 0.00218835 0.00857483 0.036405 
0.82572 0.0113475 0.0567157 0.0539796 0.00304732 0.00899152 0.0401982 
0.793962 0.0131133 0.0543204 0.0926566 0.00383262 0.00905667 0.0330588 
0.791674 0.0123556 0.0637937 0.0780823 0.0024877 0.0122343 0.0393727 
0.753419 0.0172026 0.0633776 0.108147 0.00186729 0.0182847 0.037701 
0.742733 0.017226 0.052594 0.140767 0.00330835 0.0132917 0.0300796 
0.764605 0.0155433 0.0706939 0.0772687 0.00169514 0.0238715 0.0463227 
0.772659 0.0116222 0.0633698 0.0681734 0.00242915 0.0185551 0.0631909 
0.751971 0.0108741 0.0791924 0.0748581 0.00213317 0.017674 0.063297 
0.793211 0.0132533 0.0622181 0.0789966 0.002055 0.0139233 0.0363426 
0.816538 0.0146227 0.0546205 0.0653378 0.00214918 0.0161884 0.0305434 
0.803912 0.0132142 0.0582954 0.0718837 0.00206166 0.0137785 0.0368544 
0.808042 0.0129412 0.0712592 0.0444628 0.00129956 0.0138773 0.0481177 
0.811883 0.0139941 0.0691922 0.0552338 0.00135935 0.0104684 0.0378693 
0.846464 0.0167037 0.0537126 0.0442741 0.00202042 0.0107249 0.0261007 
0.849699 0.0103512 0.0583466 0.0188572 0.00147563 0.0117265 0.0495436 
0.812965 0.0109303 0.0635351 0.0581574 0.0018557 0.0107689 0.0417873 
0.763028 0.012283 0.0678602 0.0998481 0.00227405 0.0148297 0.0398771 
0.680493 0.0201464 0.0497287 0.219776 0.00278758 0.0114799 0.0155888 
0.708422 0.0112643 0.0662356 0.178147 0.00323999 0.00829532 0.0243961 
0.669361 0.012651 0.0764362 0.193912 0.00300124 0.0135268 0.0311116 
0.703093 0.0123722 0.0757072 0.154251 0.00322676 0.00959616 0.0417535 
0.607561 0.0112412 0.0910728 0.229014 0.00391814 0.0117441 0.0454485 
0.534239 0.0120706 0.0831537 0.304565 0.00370314 0.0147574 0.0475113 
0.751066 0.010124 0.0606137 0.137775 0.00498791 0.0079649 0.0274686 
0.743812 0.0222378 0.0543852 0.136889 0.00211972 0.0200905 0.0204667 
0.784127 0.024756 0.0503545 0.0959897 0.00203349 0.0195797 0.0231592 
0.80541 0.0136757 0.0620378 0.0756185 0.00249642 0.0110727 0.0296893 
0.7669 0.0155071 0.0633595 0.11263 0.00252178 0.00959938 0.029482 
0.765156 0.019618 0.0504904 0.127023 0.00335466 0.00951032 0.0248484 
0.783388 0.0110554 0.0666082 0.0986215 0.00313358 0.00568881 0.0315049 
0.76277 0.0102092 0.0641911 0.120785 0.00455866 0.00711554 0.0303703 
0.678805 0.0120586 0.0597588 0.201215 0.0060854 0.0112269 0.0308502 
0.840002 0.0157102 0.0465411 0.0525487 0.00575934 0.00999728 0.0294415 
0.770753 0.0108495 0.0562925 0.102869 0.0112473 0.010883 0.0371061 
0.809955 0.0111583 0.0538085 0.0678721 0.00916309 0.00836554 0.0396777 
0.80667 0.0130876 0.0489546 0.0738491 0.00618148 0.0150732 0.036184 
0.857747 0.0177638 0.0392821 0.0177085 0.0117548 0.0207357 0.0350078 
0.823412 0.0148033 0.0456739 0.0322161 0.0090976 0.0207786 0.0540183 
0.803563 0.0176379 0.0351651 0.0584276 0.0129551 0.0268063 0.0454455 
0.770741 0.00961832 0.0635084 0.0388136 0.00610547 0.0178877 0.0933254 
0.806126 0.013576 0.0496044 0.0616697 0.00647806 0.0138425 0.0487036 
0.840743 0.0175192 0.0415224 0.0408735 0.00365568 0.02373 0.0319562 
0.828379 0.0178963 0.0320703 0.0697089 0.00491015 0.0237281 0.0233076 
0.832134 0.0203529 0.033632 0.0483917 0.00507021 0.0245246 0.0358941 
0.82176 0.0206535 0.0389568 0.0193601 0.00779895 0.0385102 0.0529603 
0.844769 0.0196815 0.0361006 0.0211624 0.00673733 0.0363363 0.0352126 
0.864233 0.0179206 0.0386821 0.0136984 0.00679113 0.0251825 0.0334923 
0.873461 0.0162106 0.0340089 0.0163028 0.00604459 0.0221285 0.0318431 
0.814468 0.019239 0.0363957 0.0199039 0.00697168 0.0523254 0.0506966 
0.825839 0.0301583 0.0326712 0.0192868 0.00524398 0.0527331 0.0340678 
0.735897 0.0381722 0.0342072 0.0414321 0.00731167 0.0994282 0.043552 
0.746409 0.0351031 0.0274007 0.081106 0.0124547 0.0629568 0.0345701 
0.788879 0.0334457 0.031359 0.0642065 0.0046875 0.0495107 0.0279115 
0.832327 0.0148506 0.0390479 0.0338727 0.00406541 0.0296094 0.0462273 
0.822313 0.0172713 0.0400767 0.0174388 0.00397094 0.0391793 0.0597497 
0.811436 0.0160361 0.0488351 0.0132608 0.00186741 0.0378503 0.0707147 
0.836634 0.01988 0.0335976 0.0260383 0.00441683 0.0274657 0.0519678 
0.809532 0.0158276 0.0420999 0.0389892 0.00301831 0.0233707 0.0671623 
0.7708 0.0169994 0.0446174 0.0528716 0.00310277 0.0393331 0.0722759 
0.805651 0.0146037 0.0409768 0.0295386 0.00270291 0.0311997 0.0753277 
0.852076 0.00970122 0.0488544 0.0144071 0.00348944 0.0222114 0.0492603 
0.845565 0.0118314 0.0448887 0.0332561 0.00360009 0.0209028 0.039956 
0.776011 0.0102052 0.0661589 0.0420143 0.00233536 0.0200085 0.0832669 
0.849699 0.0103512 0.0583466 0.0188572 0.00147563 0.0117265 0.0495436 
0.812965 0.0109303 0.0635351 0.0581574 0.0018557 0.0107689 0.0417873 
0.763028 0.012283 0.0678602 0.0998481 0.00227405 0.0148297 0.0398771 
0.680493 0.0201464 0.0497287 0.219776 0.00278758 0.0114799 0.0155888 
0.708422 0.0112643 0.0662356 0.178147 0.00323999 0.00829532 0.0243961 
0.669361 0.012651 0.0764362 0.193912 0.00300124 0.0135268 0.0311116 
0.703093 0.0123722 0.0757072 0.154251 0.00322676 0.00959616 0.0417535 
0.607561 0.0112412 0.0910728 0.229014 0.00391814 0.0117441 0.0454485 
0.534239 0.0120706 0.0831537 0.304565 0.00370314 0.0147574 0.0475113 
0.751066 0.010124 0.0606137 0.137775 0.00498791 0.0079649 0.0274686 
0.743812 0.0222378 0.0543852 0.136889 0.00211972 0.0200905 0.0204667 
0.784127 0.024756 0.0503545 0.0959897 0.00203349 0.0195797 0.0231592 
0.80541 0.0136757 0.0620378 0.0756185 0.00249642 0.0110727 0.0296893 
0.7669 0.0155071 0.0633595 0.11263 0.00252178 0.00959938 0.029482 
0.765156 0.019618 0.0504904 0.127023 0.00335466 0.00951032 0.0248484 
0.783388 0.0110554 0.0666082 0.0986215 0.00313358 0.00568881 0.0315049 
0.76277 0.0102092 0.0641911 0.120785 0.00455866 0.00711554 0.0303703 
0.678805 0.0120586 0.0597588 0.201215 0.0060854 0.0112269 0.0308502 
0.840002 0.0157102 0.0465411 0.0525487 0.00575934 0.00999728 0.0294415 
0.770753 0.0108495 0.0562925 0.102869 0.0112473 0.010883 0.0371061 
0.809955 0.0111583 0.0538085 0.0678721 0.00916309 0.00836554 0.0396777 
0.80667 0.0130876 0.0489546 0.0738491 0.00618148 0.0150732 0.036184 
0.857747 0.0177638 0.0392821 0.0177085 0.0117548 0.0207357 0.0350078 
0.823412 0.0148033 0.0456739 0.0322161 0.0090976 0.0207786 0.0540183 
0.803563 0.0176379 0.0351651 0.0584276 0.0129551 0.0268063 0.0454455 
0.770741 0.00961832 0.0635084 0.0388136 0.00610547 0.0178877 0.0933254 
0.806126 0.013576 0.0496044 0.0616697 0.00647806 0.0138425 0.0487036 
0.840743 0.0175192 0.0415224 0.0408735 0.00365568 0.02373 0.0319562 
0.828379 0.0178963 0.0320703 0.0697089 0.00491015 0.0237281 0.0233076 
0.832134 0.0203529 0.033632 0.0483917 0.00507021 0.0245246 0.0358941 
0.82176 0.0206535 0.0389568 0.0193601 0.00779895 0.0385102 0.0529603 
0.844769 0.0196815 0.0361006 0.0211624 0.00673733 0.0363363 0.0352126 
0.864233 0.0179206 0.0386821 0.0136984 0.00679113 0.0251825 0.0334923 
0.873461 0.0162106 0.0340089 0.0163028 0.00604459 0.0221285 0.0318431 
0.814468 0.019239 0.0363957 0.0199039 0.00697168 0.0523254 0.0506966 
0.825839 0.0301583 0.0326712 0.0192868 0.00524398 0.0527331 0.0340678 
0.735897 0.0381722 0.0342072 0.0414321 0.00731167 0.0994282 0.043552 
0.746409 0.0351031 0.0274007 0.081106 0.0124547 0.0629568 0.0345701 
0.788879 0.0334457 0.031359 0.0642065 0.0046875 0.0495107 0.0279115 
0.832327 0.0148506 0.0390479 0.0338727 0.00406541 0.0296094 0.0462273 
0.822313 0.0172713 0.0400767 0.0174388 0.00397094 0.0391793 0.0597497 
0.811436 0.0160361 0.0488351 0.0132608 0.00186741 0.0378503 0.0707147 
0.836634 0.01988 0.0335976 0.0260383 0.00441683 0.0274657 0.0519678 
0.809532 0.0158276 0.0420999 0.0389892 0.00301831 0.0233707 0.0671623 
0.825124 0.0217383 0.0561311 0.0314295 8.9583E-4 0.0313585 0.0333229 
0.849478 0.0148548 0.0503743 0.0318846 0.00112665 0.0157418 0.0365396 
0.840259 0.0154244 0.0551729 0.0365395 0.00112793 0.0172164 0.0342597 
0.799211 0.0270062 0.0520576 0.0389303 0.00130814 0.046014 0.0354725 
0.811518 0.0244671 0.0470601 0.0423091 0.00153254 0.0385677 0.0345457 
0.766945 0.0239837 0.0456624 0.0735375 0.00212358 0.0430919 0.0446554 
0.735067 0.0142177 0.0617408 0.122666 0.00217568 0.0201397 0.0439929 
0.764706 0.012959 0.0662365 0.0936203 0.00168515 0.0160628 0.0447298 
0.76994 0.0147334 0.0658114 0.0983781 0.00183408 0.0133174 0.0359859 
0.732394 0.0162472 0.0517204 0.150129 0.00275682 0.0122895 0.0344624 
0.792055 0.015274 0.0517753 0.0879749 0.00230257 0.0122053 0.0384131 
0.762656 0.0222739 0.047862 0.107513 0.00216703 0.0226948 0.0348338 
0.771713 0.0199331 0.0443946 0.12716 0.00205862 0.0143601 0.02038 
0.792374 0.0152045 0.0418458 0.111511 0.00324252 0.0120332 0.023789 
0.813043 0.01762 0.0374282 0.0965373 0.00371086 0.0128185 0.0188419 
0.814078 0.0217543 0.0396235 0.0850263 0.00261098 0.0150528 0.0218538 
0.84158 0.0153333 0.0459051 0.0638972 0.00173806 0.0095062 0.0220405 
0.822081 0.0203894 0.036858 0.0814189 0.00207469 0.0175387 0.0196397 
0.802859 0.0229889 0.0502094 0.0762033 0.00144151 0.0189191 0.027379 
0.796459 0.0195338 0.0452704 0.0978724 0.00249344 0.0175308 0.0208402 
0.819465 0.0170564 0.0464988 0.0726887 0.0020518 0.0159386 0.0263005 
0.823108 0.0155253 0.0534648 0.0634749 0.00153373 0.0114013 0.0314921 
0.855875 0.0122742 0.0489393 0.0370762 0.00182936 0.00932451 0.0346816 
0.87368 0.0128927 0.0467059 0.0256638 0.00159108 0.0116838 0.0277825 
0.875506 0.0132651 0.0458557 0.0354339 0.0025651 0.00893762 0.0184362 
0.84253 0.0182703 0.0416313 0.0712468 0.0019164 0.0098423 0.0145628 
0.820341 0.0155112 0.0481597 0.0853823 0.00191645 0.0120016 0.0166873 
0.77572 0.0129241 0.0546821 0.115002 0.00286296 0.0127677 0.0260417 
0.75356 0.018549 0.0402226 0.155941 0.0032765 0.0149855 0.0134653 
0.701638 0.0159989 0.0542696 0.179252 0.00281084 0.0208607 0.02517 
0.671842 0.0138929 0.0835285 0.164813 0.00250616 0.0167002 0.0467166 
0.665824 0.0145684 0.0534895 0.217512 0.00464182 0.0137116 0.0302528 
0.66626 0.0179317 0.0424682 0.225652 0.00664689 0.0175925 0.0234495 
0.645139 0.0175296 0.0460533 0.246101 0.00499758 0.0154079 0.0247722 
0.63745 0.0186224 0.0651992 0.230108 0.00224603 0.0183133 0.0280606 
0.425974 0.0142111 0.0727615 0.450014 0.00204786 0.0150019 0.0199903 
0.699785 0.0231002 0.0468006 0.207627 0.00290016 0.00804319 0.0117431 
0.64443 0.0290798 0.0499379 0.252665 0.00259236 0.00880631 0.0124891 
0.520814 0.0204428 0.0467225 0.38817 0.00365036 0.00871463 0.011485 
0.484701 0.0155615 0.0464854 0.424588 0.00434065 0.00858886 0.0157339 
0.6384 0.0153199 0.0752478 0.219177 0.00302573 0.0132275 0.035602 
0.683629 0.0155353 0.0699194 0.165299 0.00436716 0.0177057 0.0435449 
0.649328 0.0174451 0.0809779 0.198509 0.00206439 0.0128763 0.0387992 
0.421543 0.0169456 0.0367783 0.494933 0.00461849 0.0103409 0.0148406 
0.316793 0.0158965 0.0657399 0.552869 0.00237717 0.0148241 0.0315002 
0.282864 0.0137621 0.0608672 0.601286 0.00250745 0.0147434 0.0239696 
0.544655 0.0108773 0.0717872 0.316502 0.00485866 0.0147308 0.0365891 
0.362984 0.0126941 0.0699156 0.510569 0.00297961 0.0142665 0.0265914 
0.387996 0.00924998 0.0266199 0.545936 0.0140816 0.007437 0.00867953 
0.537538 0.0163593 0.0334843 0.355943 0.00897049 0.0249463 0.0227585 
0.680935 0.0150698 0.0340618 0.225998 0.00661656 0.0129494 0.0243694 
0.579768 0.0116039 0.0426899 0.314277 0.00592691 0.0117221 0.0340116 
0.661724 0.00903146 0.0853953 0.0891984 0.00239241 0.0103631 0.141895 
0.697094 0.00894377 0.0849216 0.118837 0.00253688 0.00815873 0.0795079 
0.736793 0.0116513 0.0856519 0.092956 0.00180112 0.0130307 0.058116 
0.643949 0.0110067 0.095399 0.165213 0.00260683 0.00882038 0.0730056 
0.729857 0.00806851 0.0855692 0.0820476 0.00196942 0.00587092 0.0866171 
0.688153 0.0103977 0.0668882 0.163936 0.00322 0.00835466 0.05905 
0.570437 0.00828791 0.0731814 0.293888 0.00431347 0.00481347 0.0450785 
0.657599 0.0081627 0.0932702 0.158657 0.00354221 0.00586807 0.0729006 
0.825124 0.0217383 0.0561311 0.0314295 8.9583E-4 0.0313585 0.0333229 
0.849478 0.0148548 0.0503743 0.0318846 0.00112665 0.0157418 0.0365396 
0.840259 0.0154244 0.0551729 0.0365395 0.00112793 0.0172164 0.0342597 
0.799211 0.0270062 0.0520576 0.0389303 0.00130814 0.046014 0.0354725 
0.811518 0.0244671 0.0470601 0.0423091 0.00153254 0.0385677 0.0345457 
0.766945 0.0239837 0.0456624 0.0735375 0.00212358 0.0430919 0.0446554 
0.735067 0.0142177 0.0617408 0.122666 0.00217568 0.0201397 0.0439929 
0.764706 0.012959 0.0662365 0.0936203 0.00168515 0.0160628 0.0447298 
0.76994 0.0147334 0.0658114 0.0983781 0.00183408 0.0133174 0.0359859 
0.732394 0.0162472 0.0517204 0.150129 0.00275682 0.0122895 0.0344624 
0.792055 0.015274 0.0517753 0.0879749 0.00230257 0.0122053 0.0384131 
0.762656 0.0222739 0.047862 0.107513 0.00216703 0.0226948 0.0348338 
0.771713 0.0199331 0.0443946 0.12716 0.00205862 0.0143601 0.02038 
0.792374 0.0152045 0.0418458 0.111511 0.00324252 0.0120332 0.023789 
0.813043 0.01762 0.0374282 0.0965373 0.00371086 0.0128185 0.0188419 
0.814078 0.0217543 0.0396235 0.0850263 0.00261098 0.0150528 0.0218538 
0.84158 0.0153333 0.0459051 0.0638972 0.00173806 0.0095062 0.0220405 
0.822081 0.0203894 0.036858 0.0814189 0.00207469 0.0175387 0.0196397 
0.802859 0.0229889 0.0502094 0.0762033 0.00144151 0.0189191 0.027379 
0.796459 0.0195338 0.0452704 0.0978724 0.00249344 0.0175308 0.0208402 
0.819465 0.0170564 0.0464988 0.0726887 0.0020518 0.0159386 0.0263005 
0.823108 0.0155253 0.0534648 0.0634749 0.00153373 0.0114013 0.0314921 
0.855875 0.0122742 0.0489393 0.0370762 0.00182936 0.00932451 0.0346816 
0.87368 0.0128927 0.0467059 0.0256638 0.00159108 0.0116838 0.0277825 
0.875506 0.0132651 0.0458557 0.0354339 0.0025651 0.00893762 0.0184362 
0.84253 0.0182703 0.0416313 0.0712468 0.0019164 0.0098423 0.0145628 
0.820341 0.0155112 0.0481597 0.0853823 0.00191645 0.0120016 0.0166873 
0.77572 0.0129241 0.0546821 0.115002 0.00286296 0.0127677 0.0260417 
0.75356 0.018549 0.0402226 0.155941 0.0032765 0.0149855 0.0134653 
0.701638 0.0159989 0.0542696 0.179252 0.00281084 0.0208607 0.02517 
0.671842 0.0138929 0.0835285 0.164813 0.00250616 0.0167002 0.0467166 
0.665824 0.0145684 0.0534895 0.217512 0.00464182 0.0137116 0.0302528 
0.66626 0.0179317 0.0424682 0.225652 0.00664689 0.0175925 0.0234495 
0.645139 0.0175296 0.0460533 0.246101 0.00499758 0.0154079 0.0247722 
0.63745 0.0186224 0.0651992 0.230108 0.00224603 0.0183133 0.0280606 
0.425974 0.0142111 0.0727615 0.450014 0.00204786 0.0150019 0.0199903 
0.699785 0.0231002 0.0468006 0.207627 0.00290016 0.00804319 0.0117431 
0.64443 0.0290798 0.0499379 0.252665 0.00259236 0.00880631 0.0124891 
0.520814 0.0204428 0.0467225 0.38817 0.00365036 0.00871463 0.011485 
0.484701 0.0155615 0.0464854 0.424588 0.00434065 0.00858886 0.0157339 
0.6384 0.0153199 0.0752478 0.219177 0.00302573 0.0132275 0.035602 
0.683629 0.0155353 0.0699194 0.165299 0.00436716 0.0177057 0.0435449 
0.649328 0.0174451 0.0809779 0.198509 0.00206439 0.0128763 0.0387992 
0.421543 0.0169456 0.0367783 0.494933 0.00461849 0.0103409 0.0148406 
0.316793 0.0158965 0.0657399 0.552869 0.00237717 0.0148241 0.0315002 
0.282864 0.0137621 0.0608672 0.601286 0.00250745 0.0147434 0.0239696 
0.544655 0.0108773 0.0717872 0.316502 0.00485866 0.0147308 0.0365891 
0.362984 0.0126941 0.0699156 0.510569 0.00297961 0.0142665 0.0265914 
0.387996 0.00924998 0.0266199 0.545936 0.0140816 0.007437 0.00867953 
0.537538 0.0163593 0.0334843 0.355943 0.00897049 0.0249463 0.0227585 
0.680935 0.0150698 0.0340618 0.225998 0.00661656 0.0129494 0.0243694 
0.579768 0.0116039 0.0426899 0.314277 0.00592691 0.0117221 0.0340116 
0.661724 0.00903146 0.0853953 0.0891984 0.00239241 0.0103631 0.141895 
0.697094 0.00894377 0.0849216 0.118837 0.00253688 0.00815873 0.0795079 
0.736793 0.0116513 0.0856519 0.092956 0.00180112 0.0130307 0.058116 
0.643949 0.0110067 0.095399 0.165213 0.00260683 0.00882038 0.0730056 
0.729857 0.00806851 0.0855692 0.0820476 0.00196942 0.00587092 0.0866171 
0.688153 0.0103977 0.0668882 0.163936 0.00322 0.00835466 0.05905 
0.570437 0.00828791 0.0731814 0.293888 0.00431347 0.00481347 0.0450785 
0.657599 0.0081627 0.0932702 0.158657 0.00354221 0.00586807 0.0729006 
0.883376 0.00987548 0.05163 0.0141669 0.00331765 0.0109728 0.0266613 
0.87786 0.0131352 0.0383994 0.0319212 0.00643577 0.0129483 0.0193006 
0.879762 0.013599 0.0421478 0.0290241 0.00489217 0.0102948 0.0202798 
0.880341 0.0131756 0.0418982 0.02014 0.00367805 0.0145003 0.0262667 
0.866978 0.0120718 0.0476844 0.0372878 0.00469869 0.00814511 0.0231346 
0.882674 0.0167157 0.0346971 0.0229103 0.00493722 0.0151473 0.0229181 
0.889693 0.0148924 0.0370052 0.0174273 0.00693303 0.0113518 0.0226972 
0.875037 0.0121459 0.0473396 0.0217141 0.00391895 0.0133862 0.0264586 
0.882361 0.0143991 0.0359048 0.0271249 0.00682313 0.0132923 0.0200951 
0.884896 0.0117987 0.0502982 0.0134049 0.00373753 0.00913093 0.026734 
0.890245 0.0115885 0.0490159 0.014333 0.00325622 0.00781133 0.0237499 
0.878479 0.0101006 0.0565671 0.0197488 0.00323892 0.00744652 0.0244191 
0.890604 0.0141885 0.0442703 0.0171047 0.00337538 0.0100585 0.0203988 
0.883183 0.0166861 0.0340654 0.0346916 0.00475565 0.0108796 0.0157392 
0.876879 0.0126429 0.0365053 0.0297848 0.0121014 0.0139745 0.0181125 
0.87146 0.011811 0.0565672 0.00957419 0.00404864 0.01159 0.0349494 
0.863295 0.0112338 0.0497148 0.027202 0.004276 0.0181816 0.0260964 
0.878482 0.0145419 0.0431917 0.0126066 0.0026592 0.0171381 0.0313805 
0.888232 0.00973058 0.0583888 0.013792 0.00162962 0.00859139 0.0196354 
0.810391 0.0086101 0.0964115 0.0155451 0.00105723 0.0144839 0.0535015 
0.866849 0.0124873 0.047249 0.0254009 0.00457205 0.0153242 0.0281171 
0.843682 0.0146648 0.0411055 0.0573396 0.00916872 0.0127249 0.0213143 
0.870894 0.0113719 0.0495029 0.0128975 0.00434188 0.0171261 0.0338654 
0.85456 0.0155101 0.0498598 0.0181502 0.00280557 0.019998 0.0391158 
0.837432 0.0147916 0.0578623 0.0182625 0.0019986 0.01323 0.056423 
0.844919 0.0184838 0.0525899 0.020153 0.00220209 0.0164521 0.0452004 
0.858173 0.0233946 0.0428602 0.0192615 0.00353839 0.0173928 0.0353796 
0.855094 0.0204484 0.0473046 0.0173574 0.00267188 0.0188907 0.0382327 
0.849347 0.0169772 0.0466462 0.0286356 0.00435964 0.0153407 0.0386938 
0.819838 0.0147029 0.0492685 0.0218313 0.00418496 0.0345665 0.055608 
0.812347 0.0138213 0.0645576 0.0191888 0.00256242 0.0298825 0.0576406 
0.847242 0.0157978 0.0550797 0.0164728 0.00235516 0.0239267 0.0391254 
0.828364 0.0230064 0.0548906 0.0345487 0.00201379 0.0195351 0.0376416 
0.812122 0.0130865 0.0714073 0.0102391 0.00143297 0.0229069 0.0688054 
0.833979 0.0135371 0.058833 0.0168448 0.002707 0.0225331 0.0515664 
0.829174 0.0155765 0.0587535 0.0222555 0.0026229 0.0286764 0.0429411 
0.851312 0.0160641 0.051477 0.0123198 0.00286927 0.0275204 0.038437 
0.818638 0.0134979 0.0668543 0.0141474 0.00144147 0.0300923 0.0553282 
0.840093 0.0150288 0.0593198 0.0206744 0.00181326 0.0235017 0.0395686 
0.842173 0.0183831 0.0463679 0.0248107 0.00279285 0.0265674 0.0389054 
0.850682 0.0135855 0.0523872 0.0199872 0.00327513 0.017639 0.0424439 
0.863014 0.0147428 0.0432204 0.0235956 0.00358145 0.0208009 0.0310445 
0.866649 0.0129903 0.0437424 0.0355866 0.0039231 0.0137627 0.0233454 
0.841422 0.0171449 0.047753 0.0452507 0.00259451 0.0145815 0.0312533 
0.829965 0.016528 0.0570202 0.0402087 0.00225005 0.0161313 0.0378964 
0.835736 0.0187542 0.0504922 0.0381999 0.00241706 0.0191353 0.0352655 
0.84591 0.0198815 0.0445176 0.0469265 0.0035664 0.0133334 0.0258645 
0.680455 0.032845 0.0370661 0.20331 0.00659934 0.0169505 0.0227743 
0.743821 0.0217513 0.0473546 0.127322 0.0035987 0.0256793 0.0304732 
0.754143 0.018912 0.0655793 0.0928458 0.00241296 0.023286 0.0428213 
0.783393 0.016076 0.0604509 0.0630362 0.00259887 0.0315576 0.0428869 
0.830617 0.0149624 0.0483884 0.0532555 0.00321956 0.021502 0.028055 
0.833492 0.0192118 0.0451404 0.0550652 0.00446839 0.0180352 0.0245871 
0.820278 0.0183514 0.0552644 0.0508855 0.00196095 0.0145859 0.0386743 
0.855855 0.0162905 0.0481146 0.0362429 0.00382259 0.0140701 0.0256038 
0.850793 0.0148891 0.0609188 0.0189788 0.00227527 0.0157542 0.0363912 
0.847298 0.016572 0.0413397 0.0464691 0.00734919 0.0174965 0.0234753 
0.85179 0.0117602 0.0588255 0.0245331 0.00464734 0.0132706 0.0351729 
0.848087 0.0159645 0.0505565 0.029329 0.00282063 0.0197962 0.0334462 
0.85864 0.0188673 0.044411 0.0364837 0.00347169 0.0159721 0.0221544 
0.825124 0.0217383 0.0561311 0.0314295 8.9583E-4 0.0313585 0.0333229 
0.849478 0.0148548 0.0503743 0.0318846 0.00112665 0.0157418 0.0365396 
0.840259 0.0154244 0.0551729 0.0365395 0.00112793 0.0172164 0.0342597 
0.799211 0.0270062 0.0520576 0.0389303 0.00130814 0.046014 0.0354725 
0.811518 0.0244671 0.0470601 0.0423091 0.00153254 0.0385677 0.0345457 
0.766945 0.0239837 0.0456624 0.0735375 0.00212358 0.0430919 0.0446554 
0.735067 0.0142177 0.0617408 0.122666 0.00217568 0.0201397 0.0439929 
0.764706 0.012959 0.0662365 0.0936203 0.00168515 0.0160628 0.0447298 
0.76994 0.0147334 0.0658114 0.0983781 0.00183408 0.0133174 0.0359859 
0.732394 0.0162472 0.0517204 0.150129 0.00275682 0.0122895 0.0344624 
0.792055 0.015274 0.0517753 0.0879749 0.00230257 0.0122053 0.0384131 
0.762656 0.0222739 0.047862 0.107513 0.00216703 0.0226948 0.0348338 
0.771713 0.0199331 0.0443946 0.12716 0.00205862 0.0143601 0.02038 
0.792374 0.0152045 0.0418458 0.111511 0.00324252 0.0120332 0.023789 
0.813043 0.01762 0.0374282 0.0965373 0.00371086 0.0128185 0.0188419 
0.814078 0.0217543 0.0396235 0.0850263 0.00261098 0.0150528 0.0218538 
0.84158 0.0153333 0.0459051 0.0638972 0.00173806 0.0095062 0.0220405 
0.822081 0.0203894 0.036858 0.0814189 0.00207469 0.0175387 0.0196397 
0.802859 0.0229889 0.0502094 0.0762033 0.00144151 0.0189191 0.027379 
0.796459 0.0195338 0.0452704 0.0978724 0.00249344 0.0175308 0.0208402 
0.819465 0.0170564 0.0464988 0.0726887 0.0020518 0.0159386 0.0263005 
0.823108 0.0155253 0.0534648 0.0634749 0.00153373 0.0114013 0.0314921 
0.855875 0.0122742 0.0489393 0.0370762 0.00182936 0.00932451 0.0346816 
0.87368 0.0128927 0.0467059 0.0256638 0.00159108 0.0116838 0.0277825 
0.875506 0.0132651 0.0458557 0.0354339 0.0025651 0.00893762 0.0184362 
0.84253 0.0182703 0.0416313 0.0712468 0.0019164 0.0098423 0.0145628 
0.820341 0.0155112 0.0481597 0.0853823 0.00191645 0.0120016 0.0166873 
0.77572 0.0129241 0.0546821 0.115002 0.00286296 0.0127677 0.0260417 
0.75356 0.018549 0.0402226 0.155941 0.0032765 0.0149855 0.0134653 
0.701638 0.0159989 0.0542696 0.179252 0.00281084 0.0208607 0.02517 
0.671842 0.0138929 0.0835285 0.164813 0.00250616 0.0167002 0.0467166 
0.665824 0.0145684 0.0534895 0.217512 0.00464182 0.0137116 0.0302528 
0.66626 0.0179317 0.0424682 0.225652 0.00664689 0.0175925 0.0234495 
0.645139 0.0175296 0.0460533 0.246101 0.00499758 0.0154079 0.0247722 
0.63745 0.0186224 0.0651992 0.230108 0.00224603 0.0183133 0.0280606 
0.425974 0.0142111 0.0727615 0.450014 0.00204786 0.0150019 0.0199903 
0.699785 0.0231002 0.0468006 0.207627 0.00290016 0.00804319 0.0117431 
0.64443 0.0290798 0.0499379 0.252665 0.00259236 0.00880631 0.0124891 
0.520814 0.0204428 0.0467225 0.38817 0.00365036 0.00871463 0.011485 
0.484701 0.0155615 0.0464854 0.424588 0.00434065 0.00858886 0.0157339 
0.6384 0.0153199 0.0752478 0.219177 0.00302573 0.0132275 0.035602 
0.683629 0.0155353 0.0699194 0.165299 0.00436716 0.0177057 0.0435449 
0.649328 0.0174451 0.0809779 0.198509 0.00206439 0.0128763 0.0387992 
0.421543 0.0169456 0.0367783 0.494933 0.00461849 0.0103409 0.0148406 
0.316793 0.0158965 0.0657399 0.552869 0.00237717 0.0148241 0.0315002 
0.282864 0.0137621 0.0608672 0.601286 0.00250745 0.0147434 0.0239696 
0.544655 0.0108773 0.0717872 0.316502 0.00485866 0.0147308 0.0365891 
0.362984 0.0126941 0.0699156 0.510569 0.00297961 0.0142665 0.0265914 
0.387996 0.00924998 0.0266199 0.545936 0.0140816 0.007437 0.00867953 
0.537538 0.0163593 0.0334843 0.355943 0.00897049 0.0249463 0.0227585 
0.680935 0.0150698 0.0340618 0.225998 0.00661656 0.0129494 0.0243694 
0.579768 0.0116039 0.0426899 0.314277 0.00592691 0.0117221 0.0340116 
0.661724 0.00903146 0.0853953 0.0891984 0.00239241 0.0103631 0.141895 
0.697094 0.00894377 0.0849216 0.118837 0.00253688 0.00815873 0.0795079 
0.736793 0.0116513 0.0856519 0.092956 0.00180112 0.0130307 0.058116 
0.643949 0.0110067 0.095399 0.165213 0.00260683 0.00882038 0.0730056 
0.729857 0.00806851 0.0855692 0.0820476 0.00196942 0.00587092 0.0866171 
0.688153 0.0103977 0.0668882 0.163936 0.00322 0.00835466 0.05905 
0.570437 0.00828791 0.0731814 0.293888 0.00431347 0.00481347 0.0450785 
0.657599 0.0081627 0.0932702 0.158657 0.00354221 0.00586807 0.0729006 
0.884097 0.0179062 0.0278655 0.034235 0.00783637 0.0106435 0.0174161 
0.862084 0.0126085 0.0382898 0.0501816 0.00536729 0.0110963 0.0203724 
0.821457 0.0124459 0.0525824 0.0574782 0.00334862 0.015184 0.037504 
0.878485 0.0116298 0.0438617 0.023166 0.0058414 0.0109734 0.0260427 
0.8782 0.0117449 0.0427901 0.0235388 0.00432195 0.0142694 0.0251349 
0.821596 0.0183779 0.0333597 0.0809883 0.00959115 0.018615 0.0174718 
0.852395 0.0158905 0.0369002 0.04977 0.00848833 0.0170589 0.0194968 
0.880442 0.0162122 0.0348377 0.0243314 0.00644376 0.0170271 0.0207061 
0.87524 0.0120226 0.0400472 0.0266783 0.00456581 0.0148277 0.0266182 
0.850818 0.017301 0.0451626 0.0307746 0.00193717 0.0236165 0.0303897 
0.841398 0.0177339 0.0447516 0.0459289 0.00191524 0.020129 0.0281433 
0.84009 0.014224 0.0603951 0.0189211 9.54192E-4 0.0181546 0.0472613 
0.85912 0.0152126 0.0505323 0.0238489 0.00145517 0.014007 0.0358243 
0.858279 0.010486 0.049305 0.0157927 0.00107987 0.0126414 0.0524163 
0.860128 0.00786565 0.0665043 0.0159128 0.00133991 0.0124718 0.0357772 
0.846777 0.0109813 0.0504107 0.0372099 0.00250379 0.0245728 0.0275444 
0.862616 0.0167267 0.0392481 0.0262028 0.00183667 0.0234809 0.0298886 
0.811033 0.0112746 0.0669255 0.0269033 0.00151165 0.0312393 0.051113 
0.801422 0.00916704 0.0771659 0.0308996 0.00158282 0.0211631 0.0585991 
0.750016 0.0150232 0.0605951 0.0845644 0.00254414 0.0353524 0.051905 
0.802538 0.00847997 0.0744366 0.0412967 0.00161927 0.0169455 0.054684 
0.805542 0.00988304 0.0536977 0.0818589 0.0045534 0.0155132 0.028952 
0.840652 0.0105388 0.0463837 0.0479922 0.0035569 0.0176993 0.0331769 
0.84052 0.0144595 0.0434466 0.0532494 0.00296147 0.0216763 0.0236871 
0.84992 0.0125629 0.0510651 0.0299038 0.00213392 0.0227224 0.0316922 
0.869487 0.0103866 0.0476374 0.0250855 0.00206066 0.0107775 0.0345653 
0.830903 0.010028 0.0568288 0.0541849 0.0021158 0.012124 0.0338155 
0.859446 0.0126211 0.0570273 0.0316528 0.00134729 0.0123108 0.0255951 
0.862803 0.0140668 0.0370749 0.0435343 0.00403188 0.0165013 0.0219883 
0.841755 0.00999334 0.0388658 0.0696208 0.00464426 0.0116806 0.0234404 
0.869984 0.0119313 0.0381741 0.0277434 0.00213262 0.0214063 0.0286283 
0.811453 0.013572 0.0425585 0.035211 0.00214215 0.0456534 0.0494097 
0.79774 0.0156134 0.0486592 0.0207423 0.00179088 0.0668428 0.0486112 
0.740659 0.0115882 0.0609956 0.0182197 0.00153755 0.0629368 0.104063 
0.790909 0.0148304 0.054307 0.0281873 0.00148974 0.0443607 0.0659155 
0.766227 0.011811 0.0583176 0.0342744 0.0020094 0.0526829 0.0746776 
0.81182 0.019234 0.047859 0.0297852 0.00143537 0.0476936 0.0421734 
0.815917 0.0144036 0.0611027 0.00745865 9.71828E-4 0.0357341 0.0644123 
0.82049 0.0156326 0.0518521 0.0115484 0.00151756 0.0553042 0.0436551 
0.821759 0.0179617 0.0554637 0.0190284 0.00114392 0.0431788 0.0414645 
0.825919 0.0147687 0.0779728 0.0207593 7.54665E-4 0.0126386 0.0471865 
0.802501 0.0469627 0.047787 0.0597995 0.00120569 0.0190193 0.0227251 
0.840487 0.0227524 0.0390893 0.0568986 0.0020015 0.0156007 0.0231704 
0.785909 0.0122315 0.0663862 0.0514595 0.00149888 0.0195376 0.0629778 
0.782936 0.015737 0.0667726 0.0400077 0.00177727 0.0367045 0.0560648 
