0.874671 0.0109347 0.0339121 0.0464178 0.00716092 0.00761818 0.0192857 
0.848457 0.00662724 0.0503375 0.0504971 0.00598239 0.00668396 0.0314144 
0.857765 0.00861749 0.0440188 0.0423144 0.0034795 0.00681806 0.0369865 
0.851557 0.0129189 0.0346771 0.0603443 0.00710082 0.00720658 0.0261949 
0.855758 0.0111783 0.0434893 0.0397243 0.00454063 0.00770729 0.0376021 
0.860149 0.0106148 0.0349507 0.0546145 0.00596299 0.00540438 0.0283032 
0.894651 0.0116471 0.0385353 0.0172981 0.00286295 0.0068827 0.0281227 
0.872621 0.0110605 0.0440987 0.0303617 0.00212643 0.00740222 0.0323299 
0.884649 0.012702 0.039931 0.0281493 0.00263671 0.00705463 0.0248777 
0.876028 0.0202693 0.0222916 0.0575422 0.00468391 0.00814342 0.0110416 
0.884514 0.0124085 0.0353532 0.0403734 0.00317457 0.00668181 0.0174942 
0.858674 0.0105896 0.0419356 0.0570878 0.0024836 0.00750612 0.0217233 
0.854672 0.0126686 0.0365261 0.0631269 0.00437949 0.00816375 0.0204631 
0.84847 0.0151341 0.0324951 0.0769262 0.00468146 0.00658614 0.015707 
0.833437 0.0153325 0.0329873 0.0873527 0.00510066 0.00592247 0.0198669 
0.867344 0.0170612 0.0234239 0.0661736 0.00789215 0.00504267 0.013062 
0.873875 0.0145415 0.0292674 0.0459148 0.00943348 0.00476654 0.0222013 
0.886068 0.0112861 0.0395941 0.0243581 0.00428625 0.00619388 0.0282138 
0.882311 0.018909 0.0251609 0.0373792 0.0111343 0.00634011 0.0187656 
0.833384 0.0195153 0.030041 0.0828231 0.0073345 0.00732441 0.019578 
0.306978 0.0272569 0.0104763 0.586479 0.0507289 0.00891549 0.00916505 
0.109666 0.0301824 0.0125638 0.648452 0.158817 0.0281385 0.0121799 
0.131367 0.021988 0.0117647 0.690614 0.116694 0.0168328 0.0107396 
0.174981 0.0212511 0.0120886 0.699049 0.0697502 0.0126845 0.0101961 
0.134977 0.021153 0.00950456 0.711841 0.103731 0.0101434 0.00865091 
0.212343 0.0233544 0.0151312 0.561406 0.156382 0.0155971 0.0157863 
0.286087 0.0284034 0.0151101 0.555673 0.0877645 0.0125487 0.0144127 
0.259995 0.0312629 0.0145292 0.592 0.0749749 0.0139207 0.0133172 
0.475298 0.0396189 0.0171249 0.352049 0.083642 0.0159262 0.0163412 
0.323049 0.0273408 0.0195128 0.491609 0.105337 0.0159584 0.0171933 
0.336672 0.0261113 0.0164799 0.484747 0.106185 0.0147925 0.0150131 
0.423822 0.0309105 0.0203759 0.397249 0.0984466 0.0110972 0.0180992 
0.312931 0.0325463 0.0182341 0.490869 0.108968 0.0199682 0.0164839 
0.295636 0.0259152 0.0261131 0.517056 0.0899774 0.0238634 0.021439 
0.340665 0.0213813 0.0221491 0.513987 0.0635778 0.0183683 0.0198716 
0.274784 0.0188018 0.0181166 0.570848 0.087752 0.0125845 0.017113 
0.389293 0.0225642 0.0271592 0.396969 0.121344 0.0165439 0.0261259 
0.502077 0.0296753 0.0211919 0.364809 0.0508289 0.013263 0.0181552 
0.450239 0.0281648 0.0173655 0.418443 0.0579264 0.0131201 0.0147406 
0.377453 0.0259079 0.0152357 0.507436 0.0501012 0.00981655 0.0140497 
0.37644 0.0304122 0.0157645 0.48832 0.0622141 0.0119056 0.0149439 
0.369126 0.0308411 0.0141962 0.482894 0.0777506 0.0120227 0.0131696 
0.375827 0.0346801 0.0159074 0.462153 0.085925 0.011116 0.0143909 
0.374958 0.0318649 0.0178079 0.442275 0.103531 0.0133119 0.0162514 
0.377922 0.0423901 0.0186437 0.436885 0.0935927 0.0123936 0.0181731 
0.874671 0.0109347 0.0339121 0.0464178 0.00716092 0.00761818 0.0192857 
0.848457 0.00662724 0.0503375 0.0504971 0.00598239 0.00668396 0.0314144 
0.857765 0.00861749 0.0440188 0.0423144 0.0034795 0.00681806 0.0369865 
0.851557 0.0129189 0.0346771 0.0603443 0.00710082 0.00720658 0.0261949 
0.855758 0.0111783 0.0434893 0.0397243 0.00454063 0.00770729 0.0376021 
0.860149 0.0106148 0.0349507 0.0546145 0.00596299 0.00540438 0.0283032 
0.894651 0.0116471 0.0385353 0.0172981 0.00286295 0.0068827 0.0281227 
0.872621 0.0110605 0.0440987 0.0303617 0.00212643 0.00740222 0.0323299 
0.884649 0.012702 0.039931 0.0281493 0.00263671 0.00705463 0.0248777 
0.876028 0.0202693 0.0222916 0.0575422 0.00468391 0.00814342 0.0110416 
0.884514 0.0124085 0.0353532 0.0403734 0.00317457 0.00668181 0.0174942 
0.858674 0.0105896 0.0419356 0.0570878 0.0024836 0.00750612 0.0217233 
0.854672 0.0126686 0.0365261 0.0631269 0.00437949 0.00816375 0.0204631 
0.84847 0.0151341 0.0324951 0.0769262 0.00468146 0.00658614 0.015707 
0.833437 0.0153325 0.0329873 0.0873527 0.00510066 0.00592247 0.0198669 
0.867344 0.0170612 0.0234239 0.0661736 0.00789215 0.00504267 0.013062 
0.873875 0.0145415 0.0292674 0.0459148 0.00943348 0.00476654 0.0222013 
0.886068 0.0112861 0.0395941 0.0243581 0.00428625 0.00619388 0.0282138 
0.882311 0.018909 0.0251609 0.0373792 0.0111343 0.00634011 0.0187656 
0.833384 0.0195153 0.030041 0.0828231 0.0073345 0.00732441 0.019578 
0.306978 0.0272569 0.0104763 0.586479 0.0507289 0.00891549 0.00916505 
0.109666 0.0301824 0.0125638 0.648452 0.158817 0.0281385 0.0121799 
0.131367 0.021988 0.0117647 0.690614 0.116694 0.0168328 0.0107396 
0.174981 0.0212511 0.0120886 0.699049 0.0697502 0.0126845 0.0101961 
0.134977 0.021153 0.00950456 0.711841 0.103731 0.0101434 0.00865091 
0.212343 0.0233544 0.0151312 0.561406 0.156382 0.0155971 0.0157863 
0.286087 0.0284034 0.0151101 0.555673 0.0877645 0.0125487 0.0144127 
0.259995 0.0312629 0.0145292 0.592 0.0749749 0.0139207 0.0133172 
0.475298 0.0396189 0.0171249 0.352049 0.083642 0.0159262 0.0163412 
0.323049 0.0273408 0.0195128 0.491609 0.105337 0.0159584 0.0171933 
0.336672 0.0261113 0.0164799 0.484747 0.106185 0.0147925 0.0150131 
0.423822 0.0309105 0.0203759 0.397249 0.0984466 0.0110972 0.0180992 
0.312931 0.0325463 0.0182341 0.490869 0.108968 0.0199682 0.0164839 
0.295636 0.0259152 0.0261131 0.517056 0.0899774 0.0238634 0.021439 
0.340665 0.0213813 0.0221491 0.513987 0.0635778 0.0183683 0.0198716 
0.274784 0.0188018 0.0181166 0.570848 0.087752 0.0125845 0.017113 
0.389293 0.0225642 0.0271592 0.396969 0.121344 0.0165439 0.0261259 
0.502077 0.0296753 0.0211919 0.364809 0.0508289 0.013263 0.0181552 
0.450239 0.0281648 0.0173655 0.418443 0.0579264 0.0131201 0.0147406 
0.377453 0.0259079 0.0152357 0.507436 0.0501012 0.00981655 0.0140497 
0.37644 0.0304122 0.0157645 0.48832 0.0622141 0.0119056 0.0149439 
0.369126 0.0308411 0.0141962 0.482894 0.0777506 0.0120227 0.0131696 
0.375827 0.0346801 0.0159074 0.462153 0.085925 0.011116 0.0143909 
0.374958 0.0318649 0.0178079 0.442275 0.103531 0.0133119 0.0162514 
0.377922 0.0423901 0.0186437 0.436885 0.0935927 0.0123936 0.0181731 
0.482734 0.0136737 0.0250662 0.439336 0.0138299 0.00658069 0.0187793 
0.350201 0.00894293 0.0196426 0.588819 0.0122998 0.00446294 0.0156316 
0.296891 0.0097714 0.014535 0.648431 0.0151722 0.00475895 0.01044 
0.412148 0.0151742 0.0173466 0.518741 0.0172165 0.00790788 0.0114659 
0.389547 0.0123391 0.0159168 0.547279 0.0164342 0.00685936 0.0116242 
0.211452 0.00930729 0.0097974 0.753234 0.00840552 0.0029712 0.00483271 
0.22914 0.0103602 0.00831367 0.733087 0.0118182 0.00291974 0.00436087 
0.297586 0.0139819 0.0112861 0.653332 0.0127931 0.0046426 0.006378 
0.386486 0.012807 0.0195577 0.555692 0.00913074 0.00554286 0.010784 
0.37169 0.0120845 0.018029 0.557264 0.0195581 0.00810514 0.0132697 
0.574641 0.0183304 0.0201442 0.336104 0.023198 0.0128651 0.0147172 
0.516296 0.0167621 0.0198007 0.408957 0.0165059 0.00801596 0.0136626 
0.446054 0.011184 0.0207179 0.485968 0.0170976 0.005093 0.0138848 
0.440019 0.0141484 0.0214367 0.492254 0.0123443 0.00617895 0.0136188 
0.489357 0.014657 0.0193926 0.443365 0.0156616 0.00598653 0.0115806 
0.444486 0.0144297 0.018639 0.497144 0.0103772 0.00511262 0.00981222 
0.510694 0.0260651 0.0141734 0.408925 0.0202543 0.0101672 0.00972117 
0.51825 0.02327 0.0166619 0.401813 0.02117 0.00820746 0.0106285 
0.51254 0.0152656 0.0216733 0.410287 0.0186133 0.00662935 0.0149917 
0.407792 0.0176461 0.015333 0.534414 0.0103749 0.00571942 0.00872067 
0.254948 0.0139762 0.00992357 0.701235 0.0107917 0.00383157 0.00529373 
0.332888 0.0132598 0.0134819 0.616747 0.01164 0.00589663 0.00608674 
0.371807 0.0119515 0.0177157 0.575512 0.00934571 0.00554194 0.00812621 
0.3504 0.0136712 0.0133933 0.593357 0.0158747 0.0053907 0.00791231 
0.218781 0.00876864 0.0118211 0.743756 0.0074398 0.00368249 0.00575116 
0.367621 0.0163054 0.0136074 0.570439 0.0156334 0.00752136 0.00887298 
0.368702 0.0105305 0.0167793 0.572796 0.0142095 0.00725044 0.00973179 
0.494865 0.0141943 0.0218525 0.436668 0.0118105 0.00887685 0.0117333 
0.369002 0.0131658 0.0187753 0.556756 0.0167645 0.0113205 0.0142152 
0.258887 0.0113312 0.0122004 0.689397 0.0134685 0.00617885 0.00853692 
0.196444 0.0466218 0.0819382 0.036428 0.555175 0.0749041 0.00848971 
0.235925 0.0448122 0.11356 0.050526 0.461675 0.0837276 0.00977431 
0.219802 0.0378732 0.087757 0.0595453 0.517327 0.0693625 0.00833343 
0.251199 0.0871274 0.0372417 0.0279258 0.519094 0.0733638 0.00404808 
0.224142 0.160956 0.0175251 0.0307578 0.400355 0.163493 0.00277049 
0.184384 0.130764 0.0111353 0.0532461 0.222858 0.394164 0.00344923 
0.149182 0.0959832 0.0123429 0.0778802 0.290936 0.367972 0.00570304 
0.177468 0.102915 0.0117643 0.0961198 0.307796 0.296492 0.00744438 
0.202879 0.226904 0.00659866 0.0592322 0.20899 0.290412 0.00498345 
0.193257 0.326139 0.00621588 0.049941 0.0826227 0.334707 0.00711752 
0.202286 0.26767 0.00503556 0.0864333 0.243145 0.189398 0.0060334 
0.231187 0.174024 0.00612794 0.133385 0.396879 0.0497184 0.00867918 
0.340567 0.201416 0.015262 0.214941 0.158427 0.0523191 0.0170684 
0.213282 0.160426 0.0200675 0.31893 0.213439 0.0519578 0.0218971 
0.283416 0.288853 0.0137745 0.197664 0.157623 0.0424096 0.0162606 
0.280888 0.214778 0.0165806 0.229698 0.194153 0.0444686 0.019434 
0.324516 0.268933 0.0106938 0.18123 0.162461 0.0387992 0.0133676 
0.393889 0.273844 0.0113658 0.197914 0.0886441 0.0221714 0.0121725 
0.536954 0.217943 0.0094333 0.127542 0.0805726 0.0173113 0.0102443 
0.529506 0.219749 0.00884658 0.128845 0.0879803 0.0152336 0.00984015 
0.517117 0.184507 0.00849098 0.152424 0.112779 0.0144287 0.0102542 
0.527055 0.178639 0.00897992 0.157666 0.104328 0.0120936 0.0112384 
0.568097 0.148111 0.00955699 0.168143 0.0834742 0.0115437 0.0110743 
0.663419 0.174344 0.00959944 0.090009 0.041785 0.0109664 0.00987745 
0.682956 0.159365 0.00890448 0.0840113 0.0477294 0.00798929 0.00904465 
0.637396 0.144595 0.0105727 0.135925 0.0530374 0.00781677 0.0106564 
0.600369 0.145464 0.00921399 0.138735 0.0853884 0.0100613 0.0107679 
0.647255 0.153407 0.00927688 0.104795 0.0630842 0.0106391 0.0115423 
0.587602 0.182337 0.00835772 0.125714 0.0761516 0.00928659 0.0105518 
0.662341 0.184727 0.00846455 0.084505 0.0408272 0.00911493 0.0100211 
0.621204 0.24427 0.00910387 0.0866117 0.0205593 0.00960957 0.00864099 
0.644389 0.195196 0.0113039 0.113581 0.0169338 0.00862341 0.00997287 
0.604994 0.217382 0.0110189 0.125512 0.0230782 0.00745229 0.0105628 
0.675186 0.14233 0.0111176 0.127257 0.0295621 0.00538641 0.0091603 
0.683826 0.154063 0.0110091 0.10186 0.033679 0.00619366 0.00936972 
0.612047 0.169379 0.0135277 0.160972 0.0241076 0.00863914 0.0113276 
0.721721 0.136293 0.0132175 0.0883368 0.0203397 0.00845337 0.0116384 
0.696704 0.135082 0.0132474 0.122529 0.0180395 0.00543986 0.00895838 
0.795431 0.0992892 0.0137445 0.0636574 0.0113614 0.00753535 0.00898105 
0.777384 0.115048 0.0122934 0.0608427 0.0158422 0.00932364 0.00926628 
0.7549 0.10458 0.0123196 0.094208 0.0183478 0.00706855 0.0085758 
0.737869 0.145825 0.0112493 0.0666235 0.0204962 0.00828779 0.00964881 
0.723362 0.164131 0.00975298 0.0626093 0.0217329 0.00855925 0.00985239 
0.741326 0.150733 0.0105086 0.0587644 0.0214085 0.00747524 0.00978385 
0.723419 0.133709 0.0114267 0.090138 0.021009 0.00804677 0.0122525 
0.731397 0.138431 0.0127888 0.0880089 0.013074 0.00585243 0.0104472 
0.720316 0.108657 0.0113105 0.117693 0.0277842 0.00542545 0.00881395 
0.728076 0.101935 0.0108561 0.100472 0.0418644 0.00636685 0.0104297 
0.725772 0.137692 0.0132526 0.0816388 0.0237191 0.00629387 0.0116318 
0.776761 0.0971378 0.0119744 0.0685221 0.0248609 0.00851475 0.0122292 
0.711375 0.145192 0.0105035 0.0771922 0.0343651 0.00980656 0.0115653 
0.711575 0.157967 0.0108572 0.0727545 0.0250835 0.0108832 0.0108794 
0.733032 0.15291 0.0132588 0.0621175 0.0152311 0.0105889 0.0128623 
0.763094 0.138802 0.0130792 0.0511989 0.0131753 0.00793475 0.0127158 
0.769245 0.118679 0.014246 0.0630339 0.00974803 0.0127136 0.0123348 
0.72278 0.13341 0.0140774 0.0912525 0.00891284 0.0175878 0.0119789 
0.745436 0.123575 0.0143566 0.0788659 0.00966309 0.0148868 0.0132171 
0.789487 0.0961181 0.015678 0.0679182 0.00715922 0.0114341 0.0122052 
0.822774 0.0852521 0.0135131 0.0474548 0.0111793 0.00839387 0.0114331 
0.719857 0.0787404 0.0151972 0.146055 0.0244262 0.00447786 0.0112465 
0.665471 0.0582968 0.0105671 0.200613 0.053578 0.00367108 0.00780305 
0.610201 0.0728651 0.0103592 0.24146 0.0507822 0.00504289 0.00928908 
0.639354 0.0876851 0.0103169 0.183888 0.0619929 0.00622106 0.0105427 
0.646364 0.0736973 0.00974903 0.203302 0.0509351 0.00682438 0.0091275 
0.643057 0.115632 0.0120523 0.170552 0.0373443 0.0101699 0.011192 
0.682109 0.122278 0.0125685 0.131168 0.0285716 0.0117096 0.0115957 
0.71584 0.143196 0.0132501 0.0829683 0.020342 0.0125179 0.0118858 
0.774035 0.0979221 0.0133691 0.0760558 0.0166342 0.0106348 0.0113493 
0.801443 0.0898367 0.0143274 0.0623974 0.0104025 0.011542 0.010051 
0.814075 0.0882831 0.01427 0.0527604 0.00823587 0.0119563 0.0104198 
0.790769 0.10082 0.0130601 0.0672093 0.0103286 0.00806179 0.00975171 
0.822399 0.0935077 0.0155321 0.0401626 0.00606009 0.00938829 0.0129501 
0.82968 0.0793957 0.0179754 0.0478059 0.00438433 0.00935308 0.0114055 
0.785181 0.0982651 0.0146099 0.0709647 0.0102851 0.00949979 0.0111946 
0.83708 0.0721295 0.0148398 0.0494154 0.00789094 0.00932366 0.00932112 
0.815504 0.0910494 0.0156307 0.0477083 0.00966701 0.00821335 0.012227 
0.781715 0.077067 0.014682 0.0992661 0.012702 0.00592189 0.00864562 
0.797804 0.0987191 0.0169283 0.0636651 0.00701999 0.0059423 0.00992159 
0.77418 0.0784865 0.0151926 0.109773 0.00822887 0.0060531 0.0080864 
0.823759 0.0484316 0.0130755 0.0865481 0.0135968 0.00728894 0.00729984 
0.813911 0.0818004 0.0142138 0.0653775 0.0088782 0.00732816 0.00849086 
0.766214 0.0736865 0.0138059 0.123456 0.00897427 0.00693243 0.00693045 
0.797429 0.0577558 0.0146828 0.108477 0.00714947 0.006909 0.00759687 
0.781309 0.0646283 0.0136646 0.114266 0.00955702 0.00813818 0.00843608 
0.775163 0.0518697 0.0128001 0.137068 0.00945618 0.00680253 0.00684046 
0.812026 0.0587645 0.0145349 0.0899992 0.00620107 0.0101147 0.00835988 
0.811807 0.0515421 0.0150192 0.100159 0.00634912 0.00803672 0.00708676 
0.771438 0.0372645 0.0140845 0.15762 0.00811214 0.00593407 0.00554719 
0.805303 0.0372834 0.0135803 0.122016 0.00878708 0.00652217 0.00650796 
0.811232 0.0445549 0.0126736 0.105896 0.0103804 0.00769153 0.0075721 
0.196444 0.0466218 0.0819382 0.036428 0.555175 0.0749041 0.00848971 
0.235925 0.0448122 0.11356 0.050526 0.461675 0.0837276 0.00977431 
0.219802 0.0378732 0.087757 0.0595453 0.517327 0.0693625 0.00833343 
0.251199 0.0871274 0.0372417 0.0279258 0.519094 0.0733638 0.00404808 
0.224142 0.160956 0.0175251 0.0307578 0.400355 0.163493 0.00277049 
0.184384 0.130764 0.0111353 0.0532461 0.222858 0.394164 0.00344923 
0.149182 0.0959832 0.0123429 0.0778802 0.290936 0.367972 0.00570304 
0.177468 0.102915 0.0117643 0.0961198 0.307796 0.296492 0.00744438 
0.202879 0.226904 0.00659866 0.0592322 0.20899 0.290412 0.00498345 
0.193257 0.326139 0.00621588 0.049941 0.0826227 0.334707 0.00711752 
0.202286 0.26767 0.00503556 0.0864333 0.243145 0.189398 0.0060334 
0.231187 0.174024 0.00612794 0.133385 0.396879 0.0497184 0.00867918 
0.340567 0.201416 0.015262 0.214941 0.158427 0.0523191 0.0170684 
0.213282 0.160426 0.0200675 0.31893 0.213439 0.0519578 0.0218971 
0.283416 0.288853 0.0137745 0.197664 0.157623 0.0424096 0.0162606 
0.280888 0.214778 0.0165806 0.229698 0.194153 0.0444686 0.019434 
0.324516 0.268933 0.0106938 0.18123 0.162461 0.0387992 0.0133676 
0.393889 0.273844 0.0113658 0.197914 0.0886441 0.0221714 0.0121725 
0.536954 0.217943 0.0094333 0.127542 0.0805726 0.0173113 0.0102443 
0.529506 0.219749 0.00884658 0.128845 0.0879803 0.0152336 0.00984015 
0.517117 0.184507 0.00849098 0.152424 0.112779 0.0144287 0.0102542 
0.527055 0.178639 0.00897992 0.157666 0.104328 0.0120936 0.0112384 
0.568097 0.148111 0.00955699 0.168143 0.0834742 0.0115437 0.0110743 
0.663419 0.174344 0.00959944 0.090009 0.041785 0.0109664 0.00987745 
0.682956 0.159365 0.00890448 0.0840113 0.0477294 0.00798929 0.00904465 
0.637396 0.144595 0.0105727 0.135925 0.0530374 0.00781677 0.0106564 
0.600369 0.145464 0.00921399 0.138735 0.0853884 0.0100613 0.0107679 
0.647255 0.153407 0.00927688 0.104795 0.0630842 0.0106391 0.0115423 
0.587602 0.182337 0.00835772 0.125714 0.0761516 0.00928659 0.0105518 
0.662341 0.184727 0.00846455 0.084505 0.0408272 0.00911493 0.0100211 
0.621204 0.24427 0.00910387 0.0866117 0.0205593 0.00960957 0.00864099 
0.644389 0.195196 0.0113039 0.113581 0.0169338 0.00862341 0.00997287 
0.604994 0.217382 0.0110189 0.125512 0.0230782 0.00745229 0.0105628 
0.675186 0.14233 0.0111176 0.127257 0.0295621 0.00538641 0.0091603 
0.683826 0.154063 0.0110091 0.10186 0.033679 0.00619366 0.00936972 
0.612047 0.169379 0.0135277 0.160972 0.0241076 0.00863914 0.0113276 
0.721721 0.136293 0.0132175 0.0883368 0.0203397 0.00845337 0.0116384 
0.696704 0.135082 0.0132474 0.122529 0.0180395 0.00543986 0.00895838 
0.795431 0.0992892 0.0137445 0.0636574 0.0113614 0.00753535 0.00898105 
0.777384 0.115048 0.0122934 0.0608427 0.0158422 0.00932364 0.00926628 
0.7549 0.10458 0.0123196 0.094208 0.0183478 0.00706855 0.0085758 
0.737869 0.145825 0.0112493 0.0666235 0.0204962 0.00828779 0.00964881 
0.723362 0.164131 0.00975298 0.0626093 0.0217329 0.00855925 0.00985239 
0.741326 0.150733 0.0105086 0.0587644 0.0214085 0.00747524 0.00978385 
0.723419 0.133709 0.0114267 0.090138 0.021009 0.00804677 0.0122525 
0.731397 0.138431 0.0127888 0.0880089 0.013074 0.00585243 0.0104472 
0.720316 0.108657 0.0113105 0.117693 0.0277842 0.00542545 0.00881395 
0.728076 0.101935 0.0108561 0.100472 0.0418644 0.00636685 0.0104297 
0.725772 0.137692 0.0132526 0.0816388 0.0237191 0.00629387 0.0116318 
0.776761 0.0971378 0.0119744 0.0685221 0.0248609 0.00851475 0.0122292 
0.711375 0.145192 0.0105035 0.0771922 0.0343651 0.00980656 0.0115653 
0.711575 0.157967 0.0108572 0.0727545 0.0250835 0.0108832 0.0108794 
0.733032 0.15291 0.0132588 0.0621175 0.0152311 0.0105889 0.0128623 
0.763094 0.138802 0.0130792 0.0511989 0.0131753 0.00793475 0.0127158 
0.769245 0.118679 0.014246 0.0630339 0.00974803 0.0127136 0.0123348 
0.72278 0.13341 0.0140774 0.0912525 0.00891284 0.0175878 0.0119789 
0.745436 0.123575 0.0143566 0.0788659 0.00966309 0.0148868 0.0132171 
0.789487 0.0961181 0.015678 0.0679182 0.00715922 0.0114341 0.0122052 
0.822774 0.0852521 0.0135131 0.0474548 0.0111793 0.00839387 0.0114331 
0.719857 0.0787404 0.0151972 0.146055 0.0244262 0.00447786 0.0112465 
0.665471 0.0582968 0.0105671 0.200613 0.053578 0.00367108 0.00780305 
0.610201 0.0728651 0.0103592 0.24146 0.0507822 0.00504289 0.00928908 
0.639354 0.0876851 0.0103169 0.183888 0.0619929 0.00622106 0.0105427 
0.646364 0.0736973 0.00974903 0.203302 0.0509351 0.00682438 0.0091275 
0.643057 0.115632 0.0120523 0.170552 0.0373443 0.0101699 0.011192 
0.682109 0.122278 0.0125685 0.131168 0.0285716 0.0117096 0.0115957 
0.71584 0.143196 0.0132501 0.0829683 0.020342 0.0125179 0.0118858 
0.774035 0.0979221 0.0133691 0.0760558 0.0166342 0.0106348 0.0113493 
0.801443 0.0898367 0.0143274 0.0623974 0.0104025 0.011542 0.010051 
0.814075 0.0882831 0.01427 0.0527604 0.00823587 0.0119563 0.0104198 
0.790769 0.10082 0.0130601 0.0672093 0.0103286 0.00806179 0.00975171 
0.822399 0.0935077 0.0155321 0.0401626 0.00606009 0.00938829 0.0129501 
0.82968 0.0793957 0.0179754 0.0478059 0.00438433 0.00935308 0.0114055 
0.785181 0.0982651 0.0146099 0.0709647 0.0102851 0.00949979 0.0111946 
0.83708 0.0721295 0.0148398 0.0494154 0.00789094 0.00932366 0.00932112 
0.815504 0.0910494 0.0156307 0.0477083 0.00966701 0.00821335 0.012227 
0.781715 0.077067 0.014682 0.0992661 0.012702 0.00592189 0.00864562 
0.797804 0.0987191 0.0169283 0.0636651 0.00701999 0.0059423 0.00992159 
0.77418 0.0784865 0.0151926 0.109773 0.00822887 0.0060531 0.0080864 
0.823759 0.0484316 0.0130755 0.0865481 0.0135968 0.00728894 0.00729984 
0.813911 0.0818004 0.0142138 0.0653775 0.0088782 0.00732816 0.00849086 
0.766214 0.0736865 0.0138059 0.123456 0.00897427 0.00693243 0.00693045 
0.797429 0.0577558 0.0146828 0.108477 0.00714947 0.006909 0.00759687 
0.781309 0.0646283 0.0136646 0.114266 0.00955702 0.00813818 0.00843608 
0.775163 0.0518697 0.0128001 0.137068 0.00945618 0.00680253 0.00684046 
0.812026 0.0587645 0.0145349 0.0899992 0.00620107 0.0101147 0.00835988 
0.811807 0.0515421 0.0150192 0.100159 0.00634912 0.00803672 0.00708676 
0.771438 0.0372645 0.0140845 0.15762 0.00811214 0.00593407 0.00554719 
0.805303 0.0372834 0.0135803 0.122016 0.00878708 0.00652217 0.00650796 
0.811232 0.0445549 0.0126736 0.105896 0.0103804 0.00769153 0.0075721 
0.817481 0.0102154 0.0553295 0.0719184 0.001968 0.0101273 0.0329599 
0.848131 0.0145543 0.038504 0.0637319 0.00226684 0.010519 0.0222933 
0.783346 0.0220592 0.0253264 0.130551 0.00678684 0.0138303 0.0181001 
0.51486 0.0156336 0.0198944 0.400415 0.0212642 0.0150369 0.0128961 
0.635155 0.0141206 0.0229056 0.281976 0.0168732 0.0147508 0.0142191 
0.805333 0.0119098 0.0338078 0.0997569 0.00920352 0.0133212 0.0266678 
0.83013 0.0107424 0.0376813 0.0706931 0.0068215 0.0134044 0.0305276 
0.675721 0.0118741 0.0312393 0.200589 0.0210532 0.0257385 0.0337849 
0.709267 0.0123002 0.0260485 0.200016 0.0153642 0.0165305 0.0204732 
0.767855 0.00923255 0.0482853 0.0712358 0.00664012 0.0275493 0.0692021 
0.770466 0.0093011 0.0508586 0.0626889 0.00640506 0.0220299 0.0782505 
0.835219 0.01202 0.0376982 0.043644 0.00335672 0.0284239 0.0396383 
0.826099 0.0111771 0.0450907 0.0862398 0.00201262 0.0105574 0.0188231 
0.880132 0.0111472 0.0336505 0.0334649 0.00313461 0.0143774 0.0240935 
0.857638 0.0185805 0.0241346 0.056842 0.00419032 0.0175473 0.021067 
0.834794 0.0138955 0.0269174 0.0773871 0.00468013 0.0201381 0.0221881 
0.820609 0.0112335 0.0326604 0.0943923 0.00436512 0.0114413 0.0252988 
0.849014 0.00993734 0.0330852 0.0710477 0.00524093 0.0101371 0.0215379 
0.768025 0.0130523 0.0304632 0.122833 0.00874417 0.0206713 0.0362101 
0.775851 0.011226 0.0380023 0.10663 0.00640591 0.0189002 0.0429844 
0.719869 0.00878673 0.0436304 0.146319 0.00733113 0.0139449 0.060119 
0.771862 0.0107844 0.0340015 0.130754 0.00614672 0.0100483 0.036404 
0.84716 0.00651733 0.0619448 0.0357588 0.00158187 0.00611178 0.0409258 
0.853292 0.0064163 0.0485394 0.0305254 0.00275655 0.00950482 0.048966 
0.842091 0.00929446 0.0388903 0.0394542 0.0040136 0.0169813 0.0492749 
0.776053 0.0107811 0.0321202 0.131121 0.00656732 0.0154916 0.0278656 
0.779001 0.0123193 0.0266082 0.133304 0.00882764 0.0160155 0.0239251 
0.698925 0.0105993 0.0349233 0.165423 0.0102754 0.0218058 0.058048 
0.684413 0.010995 0.0465988 0.149144 0.0125866 0.0284947 0.0677672 
0.527945 0.0103996 0.0339092 0.352407 0.0135364 0.0210667 0.0407359 
0.589534 0.00931391 0.0657209 0.22689 0.009483 0.0199892 0.0790689 
0.646184 0.00940865 0.0601771 0.180838 0.00960955 0.0175824 0.0762001 
0.668458 0.00829372 0.0631099 0.163995 0.0083457 0.0125218 0.075276 
0.599738 0.00835562 0.0681913 0.209909 0.00772707 0.0135789 0.0925002 
0.714713 0.00875771 0.0633351 0.121874 0.00766795 0.0115201 0.072132 
0.70898 0.0101378 0.0621621 0.0956196 0.0117584 0.0144456 0.0968968 
0.734642 0.00912408 0.060528 0.0464177 0.00889382 0.0197997 0.120595 
0.764947 0.00960965 0.0557451 0.076032 0.0073318 0.0142347 0.0720998 
0.770912 0.0111856 0.0493629 0.0829204 0.00533095 0.0167297 0.0635584 
0.708396 0.0089323 0.0540388 0.143359 0.00738353 0.0151815 0.0627095 
0.689003 0.00922476 0.0541387 0.147335 0.0076787 0.0152503 0.0773693 
0.686559 0.0100572 0.0499645 0.179194 0.00675554 0.0156708 0.0517993 
0.749661 0.0102915 0.048114 0.121509 0.00589027 0.0149741 0.0495602 
0.701615 0.00923946 0.0524034 0.147835 0.00916951 0.0186856 0.0610515 
0.71781 0.0107309 0.0367529 0.181875 0.00968734 0.0137925 0.0293516 
0.673715 0.0113217 0.0398849 0.190705 0.011378 0.0245392 0.0484564 
0.730352 0.00923962 0.0443527 0.134863 0.00904908 0.0185391 0.0536045 
0.724201 0.00864556 0.055822 0.109211 0.00753622 0.0171606 0.0774235 
0.757653 0.00838638 0.0507513 0.0761341 0.00925594 0.0134937 0.0843253 
0.712177 0.00793034 0.059905 0.0388591 0.00549138 0.013592 0.162046 
0.745621 0.00839173 0.0641343 0.0381879 0.00420203 0.0128525 0.12661 
0.741812 0.00893144 0.0663744 0.0424469 0.00284378 0.0137186 0.123872 
0.821045 0.00938822 0.0567179 0.0271751 0.00274654 0.010641 0.0722866 
0.826412 0.00814022 0.0529193 0.0233017 0.00191959 0.0138529 0.0734543 
0.835852 0.011145 0.0452426 0.016847 0.00181816 0.01573 0.0733655 
0.837764 0.0089729 0.0532585 0.0196446 0.00206198 0.0134076 0.0648903 
0.856037 0.0076091 0.0472343 0.0493978 0.00284257 0.00831869 0.0285604 
0.814828 0.0073011 0.0582244 0.0773533 0.00271445 0.00807366 0.0315053 
0.843176 0.00895938 0.0449927 0.0542053 0.00336764 0.0109551 0.0343437 
0.862659 0.00881157 0.0391838 0.0417611 0.00379024 0.0087043 0.0350897 
0.196444 0.0466218 0.0819382 0.036428 0.555175 0.0749041 0.00848971 
0.235925 0.0448122 0.11356 0.050526 0.461675 0.0837276 0.00977431 
0.219802 0.0378732 0.087757 0.0595453 0.517327 0.0693625 0.00833343 
0.251199 0.0871274 0.0372417 0.0279258 0.519094 0.0733638 0.00404808 
0.224142 0.160956 0.0175251 0.0307578 0.400355 0.163493 0.00277049 
0.184384 0.130764 0.0111353 0.0532461 0.222858 0.394164 0.00344923 
0.149182 0.0959832 0.0123429 0.0778802 0.290936 0.367972 0.00570304 
0.177468 0.102915 0.0117643 0.0961198 0.307796 0.296492 0.00744438 
0.202879 0.226904 0.00659866 0.0592322 0.20899 0.290412 0.00498345 
0.193257 0.326139 0.00621588 0.049941 0.0826227 0.334707 0.00711752 
0.202286 0.26767 0.00503556 0.0864333 0.243145 0.189398 0.0060334 
0.231187 0.174024 0.00612794 0.133385 0.396879 0.0497184 0.00867918 
0.340567 0.201416 0.015262 0.214941 0.158427 0.0523191 0.0170684 
0.213282 0.160426 0.0200675 0.31893 0.213439 0.0519578 0.0218971 
0.283416 0.288853 0.0137745 0.197664 0.157623 0.0424096 0.0162606 
0.280888 0.214778 0.0165806 0.229698 0.194153 0.0444686 0.019434 
0.324516 0.268933 0.0106938 0.18123 0.162461 0.0387992 0.0133676 
0.393889 0.273844 0.0113658 0.197914 0.0886441 0.0221714 0.0121725 
0.536954 0.217943 0.0094333 0.127542 0.0805726 0.0173113 0.0102443 
0.529506 0.219749 0.00884658 0.128845 0.0879803 0.0152336 0.00984015 
0.517117 0.184507 0.00849098 0.152424 0.112779 0.0144287 0.0102542 
0.527055 0.178639 0.00897992 0.157666 0.104328 0.0120936 0.0112384 
0.568097 0.148111 0.00955699 0.168143 0.0834742 0.0115437 0.0110743 
0.663419 0.174344 0.00959944 0.090009 0.041785 0.0109664 0.00987745 
0.682956 0.159365 0.00890448 0.0840113 0.0477294 0.00798929 0.00904465 
0.637396 0.144595 0.0105727 0.135925 0.0530374 0.00781677 0.0106564 
0.600369 0.145464 0.00921399 0.138735 0.0853884 0.0100613 0.0107679 
0.647255 0.153407 0.00927688 0.104795 0.0630842 0.0106391 0.0115423 
0.587602 0.182337 0.00835772 0.125714 0.0761516 0.00928659 0.0105518 
0.662341 0.184727 0.00846455 0.084505 0.0408272 0.00911493 0.0100211 
0.621204 0.24427 0.00910387 0.0866117 0.0205593 0.00960957 0.00864099 
0.644389 0.195196 0.0113039 0.113581 0.0169338 0.00862341 0.00997287 
0.604994 0.217382 0.0110189 0.125512 0.0230782 0.00745229 0.0105628 
0.675186 0.14233 0.0111176 0.127257 0.0295621 0.00538641 0.0091603 
0.683826 0.154063 0.0110091 0.10186 0.033679 0.00619366 0.00936972 
0.612047 0.169379 0.0135277 0.160972 0.0241076 0.00863914 0.0113276 
0.721721 0.136293 0.0132175 0.0883368 0.0203397 0.00845337 0.0116384 
0.696704 0.135082 0.0132474 0.122529 0.0180395 0.00543986 0.00895838 
0.795431 0.0992892 0.0137445 0.0636574 0.0113614 0.00753535 0.00898105 
0.777384 0.115048 0.0122934 0.0608427 0.0158422 0.00932364 0.00926628 
0.7549 0.10458 0.0123196 0.094208 0.0183478 0.00706855 0.0085758 
0.737869 0.145825 0.0112493 0.0666235 0.0204962 0.00828779 0.00964881 
0.723362 0.164131 0.00975298 0.0626093 0.0217329 0.00855925 0.00985239 
0.741326 0.150733 0.0105086 0.0587644 0.0214085 0.00747524 0.00978385 
0.723419 0.133709 0.0114267 0.090138 0.021009 0.00804677 0.0122525 
0.731397 0.138431 0.0127888 0.0880089 0.013074 0.00585243 0.0104472 
0.720316 0.108657 0.0113105 0.117693 0.0277842 0.00542545 0.00881395 
0.728076 0.101935 0.0108561 0.100472 0.0418644 0.00636685 0.0104297 
0.725772 0.137692 0.0132526 0.0816388 0.0237191 0.00629387 0.0116318 
0.776761 0.0971378 0.0119744 0.0685221 0.0248609 0.00851475 0.0122292 
0.711375 0.145192 0.0105035 0.0771922 0.0343651 0.00980656 0.0115653 
0.711575 0.157967 0.0108572 0.0727545 0.0250835 0.0108832 0.0108794 
0.733032 0.15291 0.0132588 0.0621175 0.0152311 0.0105889 0.0128623 
0.763094 0.138802 0.0130792 0.0511989 0.0131753 0.00793475 0.0127158 
0.769245 0.118679 0.014246 0.0630339 0.00974803 0.0127136 0.0123348 
0.72278 0.13341 0.0140774 0.0912525 0.00891284 0.0175878 0.0119789 
0.745436 0.123575 0.0143566 0.0788659 0.00966309 0.0148868 0.0132171 
0.789487 0.0961181 0.015678 0.0679182 0.00715922 0.0114341 0.0122052 
0.822774 0.0852521 0.0135131 0.0474548 0.0111793 0.00839387 0.0114331 
0.719857 0.0787404 0.0151972 0.146055 0.0244262 0.00447786 0.0112465 
0.665471 0.0582968 0.0105671 0.200613 0.053578 0.00367108 0.00780305 
0.610201 0.0728651 0.0103592 0.24146 0.0507822 0.00504289 0.00928908 
0.639354 0.0876851 0.0103169 0.183888 0.0619929 0.00622106 0.0105427 
0.646364 0.0736973 0.00974903 0.203302 0.0509351 0.00682438 0.0091275 
0.643057 0.115632 0.0120523 0.170552 0.0373443 0.0101699 0.011192 
0.682109 0.122278 0.0125685 0.131168 0.0285716 0.0117096 0.0115957 
0.71584 0.143196 0.0132501 0.0829683 0.020342 0.0125179 0.0118858 
0.774035 0.0979221 0.0133691 0.0760558 0.0166342 0.0106348 0.0113493 
0.801443 0.0898367 0.0143274 0.0623974 0.0104025 0.011542 0.010051 
0.814075 0.0882831 0.01427 0.0527604 0.00823587 0.0119563 0.0104198 
0.790769 0.10082 0.0130601 0.0672093 0.0103286 0.00806179 0.00975171 
0.822399 0.0935077 0.0155321 0.0401626 0.00606009 0.00938829 0.0129501 
0.82968 0.0793957 0.0179754 0.0478059 0.00438433 0.00935308 0.0114055 
0.785181 0.0982651 0.0146099 0.0709647 0.0102851 0.00949979 0.0111946 
0.83708 0.0721295 0.0148398 0.0494154 0.00789094 0.00932366 0.00932112 
0.815504 0.0910494 0.0156307 0.0477083 0.00966701 0.00821335 0.012227 
0.781715 0.077067 0.014682 0.0992661 0.012702 0.00592189 0.00864562 
0.797804 0.0987191 0.0169283 0.0636651 0.00701999 0.0059423 0.00992159 
0.77418 0.0784865 0.0151926 0.109773 0.00822887 0.0060531 0.0080864 
0.823759 0.0484316 0.0130755 0.0865481 0.0135968 0.00728894 0.00729984 
0.813911 0.0818004 0.0142138 0.0653775 0.0088782 0.00732816 0.00849086 
0.766214 0.0736865 0.0138059 0.123456 0.00897427 0.00693243 0.00693045 
0.797429 0.0577558 0.0146828 0.108477 0.00714947 0.006909 0.00759687 
0.781309 0.0646283 0.0136646 0.114266 0.00955702 0.00813818 0.00843608 
0.775163 0.0518697 0.0128001 0.137068 0.00945618 0.00680253 0.00684046 
0.812026 0.0587645 0.0145349 0.0899992 0.00620107 0.0101147 0.00835988 
0.811807 0.0515421 0.0150192 0.100159 0.00634912 0.00803672 0.00708676 
0.771438 0.0372645 0.0140845 0.15762 0.00811214 0.00593407 0.00554719 
0.805303 0.0372834 0.0135803 0.122016 0.00878708 0.00652217 0.00650796 
0.811232 0.0445549 0.0126736 0.105896 0.0103804 0.00769153 0.0075721 
0.720516 0.028876 0.0180496 0.187606 0.00967695 0.0172799 0.0179961 
0.683961 0.0320827 0.0186334 0.215463 0.00838295 0.0205717 0.0209046 
0.748097 0.0219454 0.0206833 0.144045 0.0118512 0.0199341 0.0334433 
0.772096 0.0219023 0.0221221 0.137644 0.00797131 0.0167754 0.0214884 
0.750892 0.0199326 0.0249118 0.142824 0.0134987 0.0180156 0.0299253 
0.668789 0.0138917 0.0292578 0.217624 0.0135047 0.0182931 0.0386396 
0.739995 0.0185503 0.0235604 0.164054 0.00983835 0.0175247 0.0264776 
0.733219 0.0181322 0.0375057 0.143132 0.00534736 0.0233035 0.0393604 
0.743536 0.0170816 0.0320455 0.137918 0.0113757 0.0159462 0.0420975 
0.696192 0.0153889 0.0388111 0.167435 0.0111067 0.0188668 0.0521999 
0.732736 0.0196992 0.0328035 0.143555 0.00854049 0.0251489 0.0375172 
0.729906 0.0190775 0.0284192 0.13964 0.0160524 0.0211295 0.0457756 
0.703761 0.0235471 0.0227611 0.17128 0.01528 0.0258919 0.037478 
0.697588 0.0205736 0.0275181 0.163753 0.0120193 0.0281217 0.0504262 
0.687744 0.0184331 0.0346906 0.1543 0.0156998 0.0253962 0.0637361 
0.74922 0.0169735 0.0361014 0.0766017 0.0122705 0.028134 0.080699 
0.746736 0.015839 0.0352943 0.0781868 0.022646 0.0261668 0.0751312 
0.661881 0.0161159 0.0468718 0.0858799 0.0185093 0.0362599 0.134482 
0.636353 0.0157896 0.0525996 0.0847935 0.0182265 0.0418038 0.150434 
0.71795 0.0178191 0.0419222 0.0477295 0.011912 0.0498608 0.112807 
0.656699 0.0181244 0.0498801 0.0579488 0.0108028 0.0524128 0.154132 
0.69961 0.015842 0.0479111 0.0679296 0.0105463 0.036534 0.121627 
0.602561 0.0158203 0.0502425 0.17062 0.0177506 0.0316865 0.111319 
0.700911 0.017875 0.0400587 0.110724 0.0208856 0.0298646 0.0796815 
0.679766 0.0185593 0.0465326 0.0934558 0.0142993 0.0375358 0.109851 
0.683819 0.0183613 0.044121 0.0858133 0.017314 0.0363616 0.11421 
0.647683 0.0156966 0.0473064 0.0942488 0.015416 0.038213 0.141436 
0.690484 0.0146848 0.0525723 0.0376842 0.00946326 0.0328766 0.162235 
0.597475 0.0122635 0.0604277 0.0333918 0.00980611 0.0265223 0.260114 
0.73848 0.013264 0.0426446 0.0306762 0.0198252 0.021661 0.133449 
