0.86442 0.0221882 0.025609 0.057937 0.00713472 0.00628041 0.0164303 
0.87763 0.0223165 0.0310644 0.0370302 0.00437026 0.00777047 0.0198185 
0.864829 0.0197551 0.0309196 0.0492732 0.00526641 0.00720529 0.0227514 
0.87405 0.0162549 0.033954 0.0486875 0.003595 0.00516058 0.0182979 
0.874495 0.0164847 0.0368025 0.050094 0.00310174 0.00436444 0.0146576 
0.878398 0.0152368 0.0365428 0.0416526 0.00338499 0.00583247 0.0189525 
0.879471 0.0154526 0.0401318 0.0299551 0.00365651 0.00619314 0.02514 
0.880528 0.0225928 0.0309702 0.0302902 0.00624273 0.0071362 0.0222404 
0.886785 0.0166369 0.032968 0.0280923 0.00492524 0.00691875 0.0236741 
0.890664 0.0178188 0.0316694 0.0246095 0.00420945 0.00742424 0.0236049 
0.868582 0.0169625 0.0296347 0.0484525 0.00523473 0.00784935 0.0232842 
0.887933 0.0246735 0.0281376 0.0273338 0.00522332 0.00762854 0.01907 
0.889639 0.021961 0.0306459 0.0261391 0.00338946 0.00702693 0.0211984 
0.892971 0.0216931 0.0306413 0.0246795 0.00255191 0.0084818 0.0189809 
0.892538 0.0216737 0.0298532 0.0273812 0.00333947 0.00663407 0.0185802 
0.88603 0.0174023 0.0300013 0.0333363 0.00408493 0.00598913 0.0231556 
0.894193 0.0172727 0.0288649 0.0354264 0.0032239 0.00603946 0.0149801 
0.892003 0.0171098 0.0336156 0.0280168 0.0031452 0.00573404 0.0203756 
0.882053 0.0130083 0.042851 0.0223126 0.00300217 0.00364377 0.0331289 
0.881785 0.0126269 0.0405633 0.0258216 0.00714423 0.0037992 0.0282601 
0.864729 0.0127842 0.0429487 0.0391864 0.00504673 0.0045936 0.0307108 
0.845573 0.0164663 0.0321615 0.0739897 0.00498696 0.00787309 0.0189494 
0.812827 0.0169823 0.0328458 0.0980013 0.00435604 0.0118848 0.0231029 
0.815399 0.0201395 0.024327 0.109842 0.0108505 0.00660525 0.0128358 
0.820542 0.0132357 0.0378167 0.0903492 0.00671022 0.00685076 0.0244954 
0.826476 0.0110424 0.0449562 0.050535 0.00888528 0.00765681 0.0504485 
0.82055 0.00969144 0.0478793 0.0442029 0.010163 0.011755 0.0557586 
0.816772 0.0104744 0.0520018 0.0339974 0.00391675 0.0152256 0.0676119 
0.836107 0.011724 0.0484967 0.0229186 0.00423589 0.0160965 0.0604218 
0.192707 0.00740272 0.0102564 0.758037 0.0222248 0.00297764 0.00639403 
0.145943 0.00540101 0.00962433 0.806958 0.0238826 0.00239399 0.00579646 
0.217658 0.00975404 0.015584 0.684824 0.0562208 0.00515231 0.0108076 
0.228337 0.00891545 0.0156498 0.700638 0.0316632 0.00419434 0.0106025 
0.302535 0.0124124 0.0173874 0.629728 0.0222355 0.00481737 0.0108846 
0.21878 0.00912563 0.014356 0.719077 0.0252582 0.00338608 0.010017 
0.350669 0.0114998 0.0253577 0.574227 0.0160979 0.00540841 0.0167405 
0.327093 0.00969152 0.0241209 0.608793 0.00999615 0.00438636 0.0159191 
0.22679 0.00892906 0.0156858 0.726619 0.0101851 0.00302086 0.00876993 
0.205386 0.0076964 0.013547 0.754092 0.0101615 0.0021154 0.00700135 
0.201618 0.00783161 0.0130192 0.75733 0.0103866 0.0019666 0.00784785 
0.299553 0.0110545 0.0160438 0.64567 0.0133961 0.00324116 0.0110418 
0.204 0.00758755 0.0141177 0.754781 0.00834849 0.00265249 0.00851324 
0.28374 0.0055242 0.0250774 0.658841 0.0101226 0.00271178 0.0139826 
0.260931 0.00878228 0.0263256 0.669939 0.0083407 0.00495707 0.0207243 
0.163298 0.00593953 0.0115816 0.80161 0.0088161 0.00207921 0.00667468 
0.259061 0.00889936 0.0158267 0.693275 0.0105896 0.00239281 0.00995574 
0.189091 0.00772577 0.011566 0.769686 0.0129338 0.00292925 0.00606892 
0.282966 0.00712336 0.0246619 0.662644 0.00686851 0.00251039 0.0132254 
0.306415 0.012807 0.0221679 0.637243 0.00582385 0.00386693 0.0116761 
0.350685 0.0153207 0.0188381 0.591373 0.0083304 0.00493197 0.0105205 
0.181161 0.013694 0.00974024 0.774429 0.0107695 0.00381421 0.00639209 
0.416439 0.0178205 0.0191787 0.514933 0.0125205 0.00522847 0.0138794 
0.697492 0.0171444 0.0381959 0.192063 0.00487254 0.00656371 0.0436692 
0.472869 0.0160269 0.023344 0.464839 0.00518247 0.0035268 0.0142126 
0.119432 0.0208625 0.00656096 0.835039 0.0102433 0.00272247 0.00513946 
0.0556811 0.00810217 0.0033692 0.92191 0.00677018 0.00177258 0.00239454 
0.181216 0.0112895 0.0098616 0.777265 0.0110843 0.00273444 0.00654949 
0.232266 0.0133917 0.0104122 0.716001 0.0182847 0.00312256 0.00652255 
0.168747 0.010939 0.00811589 0.782224 0.0217458 0.00279613 0.00543196 
0.421096 0.0133812 0.0178616 0.521029 0.0122861 0.00472914 0.00961685 
0.303665 0.00828586 0.0131976 0.64252 0.0201292 0.0043992 0.00780243 
0.34943 0.00786767 0.0238327 0.583424 0.0138071 0.00528161 0.0163574 
0.461965 0.0154156 0.0291977 0.442745 0.0128888 0.0137568 0.0240319 
0.528045 0.0170082 0.0268705 0.366208 0.0229963 0.0147176 0.0241547 
0.461032 0.0145115 0.0310661 0.449334 0.00849087 0.00860485 0.026961 
0.543962 0.0148228 0.0299126 0.348777 0.0179749 0.0142418 0.0303085 
0.551745 0.0158345 0.0293062 0.355768 0.011787 0.00740305 0.0281558 
0.542112 0.0194624 0.0198037 0.364692 0.026436 0.0118529 0.0156413 
0.503169 0.0162551 0.0236043 0.406581 0.0133187 0.0127361 0.0243364 
0.509148 0.0169154 0.0210428 0.405677 0.0192462 0.0105581 0.0174125 
0.415307 0.0176965 0.015512 0.506662 0.0256608 0.00711891 0.0120422 
0.397659 0.0192758 0.0143296 0.536622 0.0152512 0.00657111 0.0102916 
0.548845 0.0222888 0.0193989 0.373742 0.015976 0.00615981 0.0135898 
0.428237 0.0129127 0.0214185 0.508175 0.00953638 0.00553744 0.014183 
0.86442 0.0221882 0.025609 0.057937 0.00713472 0.00628041 0.0164303 
0.87763 0.0223165 0.0310644 0.0370302 0.00437026 0.00777047 0.0198185 
0.864829 0.0197551 0.0309196 0.0492732 0.00526641 0.00720529 0.0227514 
0.87405 0.0162549 0.033954 0.0486875 0.003595 0.00516058 0.0182979 
0.874495 0.0164847 0.0368025 0.050094 0.00310174 0.00436444 0.0146576 
0.878398 0.0152368 0.0365428 0.0416526 0.00338499 0.00583247 0.0189525 
0.879471 0.0154526 0.0401318 0.0299551 0.00365651 0.00619314 0.02514 
0.880528 0.0225928 0.0309702 0.0302902 0.00624273 0.0071362 0.0222404 
0.886785 0.0166369 0.032968 0.0280923 0.00492524 0.00691875 0.0236741 
0.890664 0.0178188 0.0316694 0.0246095 0.00420945 0.00742424 0.0236049 
0.868582 0.0169625 0.0296347 0.0484525 0.00523473 0.00784935 0.0232842 
0.887933 0.0246735 0.0281376 0.0273338 0.00522332 0.00762854 0.01907 
0.889639 0.021961 0.0306459 0.0261391 0.00338946 0.00702693 0.0211984 
0.892971 0.0216931 0.0306413 0.0246795 0.00255191 0.0084818 0.0189809 
0.892538 0.0216737 0.0298532 0.0273812 0.00333947 0.00663407 0.0185802 
0.88603 0.0174023 0.0300013 0.0333363 0.00408493 0.00598913 0.0231556 
0.894193 0.0172727 0.0288649 0.0354264 0.0032239 0.00603946 0.0149801 
0.892003 0.0171098 0.0336156 0.0280168 0.0031452 0.00573404 0.0203756 
0.882053 0.0130083 0.042851 0.0223126 0.00300217 0.00364377 0.0331289 
0.881785 0.0126269 0.0405633 0.0258216 0.00714423 0.0037992 0.0282601 
0.864729 0.0127842 0.0429487 0.0391864 0.00504673 0.0045936 0.0307108 
0.845573 0.0164663 0.0321615 0.0739897 0.00498696 0.00787309 0.0189494 
0.812827 0.0169823 0.0328458 0.0980013 0.00435604 0.0118848 0.0231029 
0.815399 0.0201395 0.024327 0.109842 0.0108505 0.00660525 0.0128358 
0.820542 0.0132357 0.0378167 0.0903492 0.00671022 0.00685076 0.0244954 
0.826476 0.0110424 0.0449562 0.050535 0.00888528 0.00765681 0.0504485 
0.82055 0.00969144 0.0478793 0.0442029 0.010163 0.011755 0.0557586 
0.816772 0.0104744 0.0520018 0.0339974 0.00391675 0.0152256 0.0676119 
0.836107 0.011724 0.0484967 0.0229186 0.00423589 0.0160965 0.0604218 
0.795459 0.0571369 0.0118651 0.107321 0.0153007 0.00559431 0.0073228 
0.819647 0.0323851 0.0130354 0.109821 0.0134501 0.00525993 0.00640117 
0.85731 0.028134 0.0160583 0.074813 0.0104205 0.00516529 0.00809917 
0.84804 0.0444245 0.0198816 0.0606559 0.00584947 0.00704914 0.014099 
0.877715 0.0368453 0.0165322 0.0458688 0.00513069 0.00636723 0.0115407 
0.764165 0.0709437 0.0139156 0.122684 0.00790971 0.0111282 0.0092541 
0.747635 0.0650523 0.0132295 0.145869 0.0141328 0.00633022 0.00775127 
0.865059 0.0382062 0.0142239 0.0633463 0.00795042 0.00430394 0.00691067 
0.835146 0.0534695 0.0184046 0.0735202 0.00435837 0.00574774 0.00935303 
0.823599 0.0334366 0.0193413 0.105982 0.00467 0.00514254 0.00782884 
0.843932 0.0239245 0.0215634 0.0949469 0.00324886 0.0040875 0.00829686 
0.877923 0.0303762 0.0179038 0.057218 0.00610738 0.00370673 0.00676482 
0.84613 0.0472443 0.0216579 0.0591909 0.00684948 0.0131156 0.00581229 
0.823661 0.0320825 0.0370917 0.0226527 0.00750337 0.0670544 0.00995392 
0.846922 0.027835 0.0406152 0.027064 0.00663796 0.04009 0.0108355 
0.862969 0.0204702 0.0359128 0.0386676 0.00695667 0.0223418 0.0126814 
0.837856 0.0293542 0.0265523 0.0770152 0.00973741 0.00990537 0.00957934 
0.839429 0.0376611 0.0237753 0.0649302 0.00843319 0.013633 0.0121382 
0.826025 0.0364149 0.033075 0.0629063 0.00340949 0.0236416 0.0145278 
0.809635 0.0361217 0.0329473 0.0588758 0.00391885 0.0407211 0.0177804 
0.84077 0.0352047 0.0428086 0.0338093 0.00368197 0.0247247 0.0190005 
0.787245 0.0547942 0.0559592 0.0276634 0.00404992 0.0501783 0.0201101 
0.768409 0.0561238 0.047608 0.0277171 0.00726767 0.0691605 0.0237138 
0.835535 0.0312264 0.0368764 0.0477401 0.0105665 0.0191404 0.0189153 
0.807267 0.0616264 0.0266841 0.0543823 0.0155156 0.0188107 0.0157138 
0.774515 0.0561575 0.0199446 0.113029 0.0154543 0.0117016 0.00919737 
0.652358 0.07051 0.0176975 0.220987 0.0142935 0.014832 0.00932232 
0.777505 0.0728519 0.0185939 0.0927717 0.0125638 0.0151029 0.0106108 
0.774192 0.055188 0.0245558 0.113295 0.00992707 0.0115264 0.0113157 
0.767326 0.0741396 0.0260436 0.0911052 0.011705 0.0168736 0.0128068 
0.768086 0.048142 0.0237852 0.118079 0.0182315 0.0122721 0.0114046 
0.734135 0.0638029 0.02287 0.122972 0.0298456 0.014318 0.0120569 
0.786168 0.0659742 0.0277401 0.0793951 0.00716389 0.0201498 0.0134085 
0.833522 0.041075 0.0282589 0.0599125 0.00830355 0.0130081 0.0159203 
0.775368 0.0321292 0.034836 0.11438 0.0120106 0.0106466 0.0206297 
0.710304 0.0265371 0.0386768 0.1826 0.0107365 0.0133274 0.017818 
0.668204 0.0329584 0.0351235 0.203688 0.0295217 0.0166687 0.0138361 
0.659009 0.0219685 0.0495331 0.213447 0.0228108 0.0204649 0.0127663 
0.523028 0.017891 0.0375313 0.387427 0.0101342 0.0120659 0.0119226 
0.492171 0.0419794 0.0218265 0.405257 0.0175144 0.0104996 0.010752 
0.434186 0.0671444 0.0274653 0.408357 0.0157597 0.0324045 0.0146829 
0.710194 0.0425125 0.0477054 0.131216 0.00389387 0.0432616 0.0212172 
0.787628 0.0279308 0.0679591 0.0565969 0.00489796 0.034521 0.0204659 
0.746098 0.0237984 0.0586317 0.122202 0.0093314 0.0255146 0.0144239 
0.5702 0.010721 0.0488983 0.339593 0.00833405 0.00905387 0.0131991 
0.86442 0.0221882 0.025609 0.057937 0.00713472 0.00628041 0.0164303 
0.87763 0.0223165 0.0310644 0.0370302 0.00437026 0.00777047 0.0198185 
0.864829 0.0197551 0.0309196 0.0492732 0.00526641 0.00720529 0.0227514 
0.87405 0.0162549 0.033954 0.0486875 0.003595 0.00516058 0.0182979 
0.874495 0.0164847 0.0368025 0.050094 0.00310174 0.00436444 0.0146576 
0.878398 0.0152368 0.0365428 0.0416526 0.00338499 0.00583247 0.0189525 
0.879471 0.0154526 0.0401318 0.0299551 0.00365651 0.00619314 0.02514 
0.880528 0.0225928 0.0309702 0.0302902 0.00624273 0.0071362 0.0222404 
0.886785 0.0166369 0.032968 0.0280923 0.00492524 0.00691875 0.0236741 
0.890664 0.0178188 0.0316694 0.0246095 0.00420945 0.00742424 0.0236049 
0.868582 0.0169625 0.0296347 0.0484525 0.00523473 0.00784935 0.0232842 
0.887933 0.0246735 0.0281376 0.0273338 0.00522332 0.00762854 0.01907 
0.889639 0.021961 0.0306459 0.0261391 0.00338946 0.00702693 0.0211984 
0.892971 0.0216931 0.0306413 0.0246795 0.00255191 0.0084818 0.0189809 
0.892538 0.0216737 0.0298532 0.0273812 0.00333947 0.00663407 0.0185802 
0.88603 0.0174023 0.0300013 0.0333363 0.00408493 0.00598913 0.0231556 
0.894193 0.0172727 0.0288649 0.0354264 0.0032239 0.00603946 0.0149801 
0.892003 0.0171098 0.0336156 0.0280168 0.0031452 0.00573404 0.0203756 
0.882053 0.0130083 0.042851 0.0223126 0.00300217 0.00364377 0.0331289 
0.881785 0.0126269 0.0405633 0.0258216 0.00714423 0.0037992 0.0282601 
0.864729 0.0127842 0.0429487 0.0391864 0.00504673 0.0045936 0.0307108 
0.845573 0.0164663 0.0321615 0.0739897 0.00498696 0.00787309 0.0189494 
0.812827 0.0169823 0.0328458 0.0980013 0.00435604 0.0118848 0.0231029 
0.815399 0.0201395 0.024327 0.109842 0.0108505 0.00660525 0.0128358 
0.820542 0.0132357 0.0378167 0.0903492 0.00671022 0.00685076 0.0244954 
0.826476 0.0110424 0.0449562 0.050535 0.00888528 0.00765681 0.0504485 
0.82055 0.00969144 0.0478793 0.0442029 0.010163 0.011755 0.0557586 
0.816772 0.0104744 0.0520018 0.0339974 0.00391675 0.0152256 0.0676119 
0.836107 0.011724 0.0484967 0.0229186 0.00423589 0.0160965 0.0604218 
0.72844 0.0343321 0.0210513 0.191003 0.00695213 0.00440602 0.0138154 
0.7858 0.0293815 0.0217755 0.138397 0.00643373 0.00594337 0.0122688 
0.796526 0.0260678 0.0232704 0.127954 0.00698471 0.00602573 0.0131712 
0.79413 0.0266652 0.0181714 0.134682 0.0110694 0.00555561 0.00972591 
0.800257 0.0463367 0.0162276 0.119166 0.0082675 0.00335549 0.0063895 
0.774843 0.0757201 0.0160289 0.11666 0.0065263 0.00321175 0.00700999 
0.733463 0.0656901 0.0159594 0.162125 0.00837102 0.00431109 0.0100805 
0.70908 0.0792089 0.0156498 0.167056 0.0125827 0.00579507 0.0106277 
0.673168 0.0952721 0.015902 0.184734 0.0134048 0.0065453 0.0109732 
0.678611 0.107718 0.0143067 0.164626 0.016519 0.00733118 0.0108894 
0.674392 0.0871238 0.0152359 0.194577 0.0126854 0.00552833 0.0104575 
0.685452 0.0808761 0.0137183 0.187963 0.0146415 0.00735566 0.00999309 
0.657715 0.0613904 0.0148479 0.242883 0.0087349 0.00497807 0.0094504 
0.744552 0.0590778 0.0138634 0.154938 0.0134804 0.00492574 0.00916206 
0.668965 0.0920248 0.0129607 0.195268 0.0160854 0.00539714 0.00929984 
0.620125 0.0892071 0.0145761 0.247368 0.0127045 0.00616577 0.00985314 
0.613441 0.112256 0.0160323 0.228962 0.0112072 0.00653782 0.0115632 
0.628689 0.0948486 0.0158054 0.228277 0.0137124 0.00656987 0.0120982 
0.594626 0.0882347 0.0143451 0.267964 0.0164114 0.00712562 0.0112932 
0.561888 0.0947952 0.0151643 0.291534 0.014824 0.00973497 0.0120597 
0.615464 0.103798 0.0153442 0.23695 0.0106656 0.00702291 0.0107551 
0.694027 0.0820277 0.0154766 0.179151 0.0107959 0.00746394 0.0110581 
0.587998 0.0859865 0.0146539 0.276841 0.0177677 0.006044 0.0107088 
0.627047 0.0985168 0.0148644 0.229229 0.0135419 0.00660948 0.0101908 
0.593197 0.07746 0.0146399 0.284367 0.0144628 0.00574517 0.0101273 
0.645569 0.0915169 0.0168992 0.223614 0.00712944 0.00620137 0.00907071 
0.687524 0.105176 0.0176363 0.161609 0.00914193 0.00621166 0.0127014 
0.661702 0.0865545 0.0182447 0.208366 0.00769786 0.0051155 0.0123195 
0.611065 0.0810556 0.016877 0.270283 0.00727926 0.00465332 0.00878767 
0.708386 0.0512298 0.0145502 0.200844 0.0135219 0.00413535 0.00733249 
0.86442 0.0221882 0.025609 0.057937 0.00713472 0.00628041 0.0164303 
0.87763 0.0223165 0.0310644 0.0370302 0.00437026 0.00777047 0.0198185 
0.864829 0.0197551 0.0309196 0.0492732 0.00526641 0.00720529 0.0227514 
0.87405 0.0162549 0.033954 0.0486875 0.003595 0.00516058 0.0182979 
0.874495 0.0164847 0.0368025 0.050094 0.00310174 0.00436444 0.0146576 
0.878398 0.0152368 0.0365428 0.0416526 0.00338499 0.00583247 0.0189525 
0.879471 0.0154526 0.0401318 0.0299551 0.00365651 0.00619314 0.02514 
0.880528 0.0225928 0.0309702 0.0302902 0.00624273 0.0071362 0.0222404 
0.886785 0.0166369 0.032968 0.0280923 0.00492524 0.00691875 0.0236741 
0.890664 0.0178188 0.0316694 0.0246095 0.00420945 0.00742424 0.0236049 
0.868582 0.0169625 0.0296347 0.0484525 0.00523473 0.00784935 0.0232842 
0.887933 0.0246735 0.0281376 0.0273338 0.00522332 0.00762854 0.01907 
0.889639 0.021961 0.0306459 0.0261391 0.00338946 0.00702693 0.0211984 
0.892971 0.0216931 0.0306413 0.0246795 0.00255191 0.0084818 0.0189809 
0.892538 0.0216737 0.0298532 0.0273812 0.00333947 0.00663407 0.0185802 
0.88603 0.0174023 0.0300013 0.0333363 0.00408493 0.00598913 0.0231556 
0.894193 0.0172727 0.0288649 0.0354264 0.0032239 0.00603946 0.0149801 
0.892003 0.0171098 0.0336156 0.0280168 0.0031452 0.00573404 0.0203756 
0.882053 0.0130083 0.042851 0.0223126 0.00300217 0.00364377 0.0331289 
0.881785 0.0126269 0.0405633 0.0258216 0.00714423 0.0037992 0.0282601 
0.864729 0.0127842 0.0429487 0.0391864 0.00504673 0.0045936 0.0307108 
0.845573 0.0164663 0.0321615 0.0739897 0.00498696 0.00787309 0.0189494 
0.812827 0.0169823 0.0328458 0.0980013 0.00435604 0.0118848 0.0231029 
0.815399 0.0201395 0.024327 0.109842 0.0108505 0.00660525 0.0128358 
0.820542 0.0132357 0.0378167 0.0903492 0.00671022 0.00685076 0.0244954 
0.826476 0.0110424 0.0449562 0.050535 0.00888528 0.00765681 0.0504485 
0.82055 0.00969144 0.0478793 0.0442029 0.010163 0.011755 0.0557586 
0.816772 0.0104744 0.0520018 0.0339974 0.00391675 0.0152256 0.0676119 
0.836107 0.011724 0.0484967 0.0229186 0.00423589 0.0160965 0.0604218 
0.821397 0.0110512 0.0328413 0.069874 0.00911252 0.0111546 0.0445691 
0.763498 0.00862579 0.036426 0.126651 0.00990253 0.00851285 0.0463837 
0.787496 0.0100726 0.0323061 0.104713 0.00901639 0.0143469 0.0420487 
0.7804 0.0165798 0.0384904 0.0899785 0.00295949 0.0233526 0.0482395 
0.829288 0.0212156 0.0242879 0.0941316 0.00326016 0.0124789 0.0153378 
0.671267 0.0210826 0.0234191 0.246892 0.0041186 0.0191373 0.0140838 
0.616083 0.0173888 0.0228973 0.31397 0.00424601 0.0115105 0.0139041 
0.740352 0.0238653 0.0189797 0.190189 0.00535421 0.0107224 0.0105381 
0.552426 0.0253672 0.0135024 0.384547 0.00896429 0.00692254 0.0082705 
0.461596 0.0250013 0.0131998 0.479035 0.00646578 0.00669316 0.00800807 
0.67004 0.0254044 0.0117355 0.260999 0.0179546 0.00620562 0.00766123 
0.680144 0.0203806 0.01352 0.256852 0.0150399 0.00633978 0.00772367 
0.613942 0.0159728 0.0229848 0.311541 0.00741236 0.0132552 0.0148916 
0.80633 0.00982853 0.0264692 0.117089 0.0122926 0.00757545 0.0204146 
0.806973 0.00776515 0.0352679 0.0933223 0.0109403 0.0070552 0.0386758 
