0.806595 0.0139081 0.0653016 0.00601823 0.00271366 0.00608064 0.099383 
0.721427 0.011599 0.0701085 0.00596158 0.00317926 0.00628073 0.181444 
0.765441 0.0124861 0.0667068 0.00679986 0.00281371 0.00812085 0.137632 
0.793071 0.0136344 0.0656444 0.00741775 0.00359987 0.00620207 0.110431 
0.788199 0.0127103 0.0704328 0.00956895 0.00449574 0.0083085 0.106285 
0.811532 0.0124816 0.0651422 0.00905146 0.00472841 0.00596589 0.091098 
0.803257 0.0116601 0.0658528 0.00990185 0.00334954 0.00616067 0.0998183 
0.785262 0.0117866 0.0655119 0.00804621 0.00272445 0.00666073 0.120008 
0.708093 0.0102852 0.0822516 0.00806666 0.00303567 0.00820871 0.180059 
0.736062 0.0109813 0.0706855 0.0126556 0.00393708 0.00800258 0.157676 
0.730117 0.0130376 0.0678281 0.00487714 0.00289599 0.00693713 0.174307 
0.755154 0.0130352 0.0690932 0.0052905 0.0028077 0.00963444 0.144985 
0.800845 0.0137078 0.0681537 0.00590051 0.00370513 0.00605477 0.101633 
0.827761 0.0134026 0.0611021 0.00793243 0.00517533 0.00720904 0.0774176 
0.842759 0.065904 0.0185052 0.0403789 0.00810785 0.00510275 0.0192426 
0.842993 0.0482372 0.0206174 0.0638553 0.00402889 0.00447575 0.0157926 
0.847479 0.0435987 0.0229659 0.0618836 0.00284216 0.00342982 0.0178007 
0.843509 0.0426323 0.0220059 0.066578 0.00318277 0.00389575 0.0181965 
0.850557 0.035784 0.0202424 0.0674312 0.0043609 0.00358589 0.0180384 
0.858506 0.0346927 0.0205972 0.0571342 0.0053906 0.00350912 0.0201706 
0.834414 0.0364508 0.020203 0.075803 0.00552645 0.00468073 0.0229219 
0.840465 0.0265305 0.0230329 0.0633409 0.00637938 0.00367901 0.0365719 
0.84165 0.032379 0.0195706 0.0762792 0.00567352 0.00302263 0.0214252 
0.854037 0.0328901 0.0190167 0.0654744 0.00503214 0.00297342 0.0205764 
0.849516 0.0224592 0.0230549 0.0702287 0.00417232 0.00292144 0.0276473 
0.859776 0.0250875 0.0248528 0.0501697 0.00403406 0.00313961 0.03294 
0.85085 0.0229623 0.0256517 0.0580002 0.00354247 0.00267425 0.0363189 
0.840183 0.0193675 0.0302097 0.0659794 0.00290004 0.0024509 0.0389091 
0.853796 0.0172718 0.0304995 0.0471338 0.00308024 0.00279314 0.0454253 
0.842759 0.065904 0.0185052 0.0403789 0.00810785 0.00510275 0.0192426 
0.842993 0.0482372 0.0206174 0.0638553 0.00402889 0.00447575 0.0157926 
0.847479 0.0435987 0.0229659 0.0618836 0.00284216 0.00342982 0.0178007 
0.843509 0.0426323 0.0220059 0.066578 0.00318277 0.00389575 0.0181965 
0.850557 0.035784 0.0202424 0.0674312 0.0043609 0.00358589 0.0180384 
0.858506 0.0346927 0.0205972 0.0571342 0.0053906 0.00350912 0.0201706 
0.834414 0.0364508 0.020203 0.075803 0.00552645 0.00468073 0.0229219 
0.840465 0.0265305 0.0230329 0.0633409 0.00637938 0.00367901 0.0365719 
0.84165 0.032379 0.0195706 0.0762792 0.00567352 0.00302263 0.0214252 
0.854037 0.0328901 0.0190167 0.0654744 0.00503214 0.00297342 0.0205764 
0.849516 0.0224592 0.0230549 0.0702287 0.00417232 0.00292144 0.0276473 
0.859776 0.0250875 0.0248528 0.0501697 0.00403406 0.00313961 0.03294 
0.85085 0.0229623 0.0256517 0.0580002 0.00354247 0.00267425 0.0363189 
0.840183 0.0193675 0.0302097 0.0659794 0.00290004 0.0024509 0.0389091 
0.853796 0.0172718 0.0304995 0.0471338 0.00308024 0.00279314 0.0454253 
0.832506 0.0347721 0.0202565 0.0640501 0.00630176 0.0091376 0.0329759 
0.797184 0.0458801 0.0162174 0.0897696 0.0162295 0.00910221 0.0256174 
0.80297 0.0352416 0.0173984 0.0895985 0.0180946 0.0074251 0.0292724 
0.784234 0.0465201 0.0169946 0.111002 0.00973562 0.00805504 0.0234586 
0.809457 0.0400395 0.0215953 0.0829643 0.0046704 0.00724135 0.034032 
0.832791 0.0393965 0.0202382 0.0660278 0.00725212 0.00867404 0.02562 
0.810282 0.058557 0.0184752 0.0649677 0.0120473 0.0101441 0.0255268 
0.821429 0.0668772 0.0206221 0.0399192 0.0105543 0.0142838 0.0263149 
0.811272 0.069581 0.0248626 0.0177593 0.00968405 0.0328957 0.0339457 
0.812335 0.0739819 0.0273687 0.0236355 0.0130447 0.0187688 0.0308652 
0.793336 0.0540422 0.023937 0.0677487 0.0176828 0.0151159 0.0281371 
0.819267 0.0542952 0.0259464 0.0446367 0.0136962 0.0136071 0.0285518 
0.825941 0.0403548 0.0283397 0.0500631 0.0079764 0.0148102 0.032515 
0.81366 0.0421065 0.0239751 0.0651942 0.0180338 0.0106994 0.0263308 
0.780842 0.0394848 0.0241717 0.110419 0.0117811 0.0105815 0.0227196 
0.81758 0.0453985 0.0257587 0.0467688 0.0228699 0.0117977 0.0298268 
0.806816 0.0583885 0.0204115 0.049363 0.0310369 0.0103534 0.023631 
0.740772 0.0946509 0.0163074 0.0618622 0.0510526 0.0130728 0.0222824 
0.745773 0.0937063 0.0158549 0.0612293 0.0445823 0.0152471 0.0236074 
0.690514 0.119293 0.0169508 0.0545993 0.0722615 0.017658 0.0287236 
0.706266 0.111257 0.0175867 0.0586524 0.057046 0.0178392 0.0313528 
0.600652 0.180231 0.0144972 0.093587 0.0510516 0.0320961 0.0278843 
0.220885 0.35894 0.00961037 0.222073 0.0606148 0.107845 0.0200314 
0.101848 0.285231 0.0117975 0.209656 0.0403355 0.330547 0.0205845 
0.122543 0.287037 0.0145597 0.250971 0.0809461 0.220713 0.0232297 
0.106179 0.244798 0.0161681 0.30396 0.0866984 0.217625 0.0245719 
0.842759 0.065904 0.0185052 0.0403789 0.00810785 0.00510275 0.0192426 
0.842993 0.0482372 0.0206174 0.0638553 0.00402889 0.00447575 0.0157926 
0.847479 0.0435987 0.0229659 0.0618836 0.00284216 0.00342982 0.0178007 
0.843509 0.0426323 0.0220059 0.066578 0.00318277 0.00389575 0.0181965 
0.850557 0.035784 0.0202424 0.0674312 0.0043609 0.00358589 0.0180384 
0.858506 0.0346927 0.0205972 0.0571342 0.0053906 0.00350912 0.0201706 
0.834414 0.0364508 0.020203 0.075803 0.00552645 0.00468073 0.0229219 
0.840465 0.0265305 0.0230329 0.0633409 0.00637938 0.00367901 0.0365719 
0.84165 0.032379 0.0195706 0.0762792 0.00567352 0.00302263 0.0214252 
0.854037 0.0328901 0.0190167 0.0654744 0.00503214 0.00297342 0.0205764 
0.849516 0.0224592 0.0230549 0.0702287 0.00417232 0.00292144 0.0276473 
0.859776 0.0250875 0.0248528 0.0501697 0.00403406 0.00313961 0.03294 
0.85085 0.0229623 0.0256517 0.0580002 0.00354247 0.00267425 0.0363189 
0.840183 0.0193675 0.0302097 0.0659794 0.00290004 0.0024509 0.0389091 
0.853796 0.0172718 0.0304995 0.0471338 0.00308024 0.00279314 0.0454253 
0.809748 0.00779394 0.0765378 0.0119764 0.00307851 0.00823496 0.0826301 
0.721426 0.00808093 0.0893157 0.0113674 0.00386123 0.0182822 0.147666 
0.75179 0.00910077 0.0766934 0.00899153 0.00532539 0.0193464 0.128753 
0.794561 0.0107154 0.0794762 0.00813765 0.00626368 0.0184449 0.0824007 
0.816845 0.00881756 0.077955 0.00784911 0.00452024 0.0161159 0.0678976 
0.79292 0.00853531 0.0799669 0.00862492 0.00512008 0.0155455 0.0892869 
0.621411 0.00878152 0.101912 0.0158674 0.00517031 0.0254325 0.221425 
0.697687 0.00855226 0.0949003 0.0152272 0.00523135 0.0214003 0.157001 
0.694781 0.00898129 0.0844097 0.0139266 0.00525389 0.0196077 0.17304 
0.701637 0.00823409 0.0862351 0.0137846 0.00582062 0.0195819 0.164707 
0.720335 0.00984664 0.0818763 0.0231783 0.00322999 0.0349914 0.126542 
0.755002 0.0110479 0.0774685 0.0140791 0.00490828 0.0292644 0.10823 
0.753983 0.0100197 0.0714956 0.0153836 0.00391194 0.0271706 0.118035 
0.842759 0.065904 0.0185052 0.0403789 0.00810785 0.00510275 0.0192426 
0.842993 0.0482372 0.0206174 0.0638553 0.00402889 0.00447575 0.0157926 
0.847479 0.0435987 0.0229659 0.0618836 0.00284216 0.00342982 0.0178007 
0.843509 0.0426323 0.0220059 0.066578 0.00318277 0.00389575 0.0181965 
0.850557 0.035784 0.0202424 0.0674312 0.0043609 0.00358589 0.0180384 
0.858506 0.0346927 0.0205972 0.0571342 0.0053906 0.00350912 0.0201706 
0.834414 0.0364508 0.020203 0.075803 0.00552645 0.00468073 0.0229219 
0.840465 0.0265305 0.0230329 0.0633409 0.00637938 0.00367901 0.0365719 
0.84165 0.032379 0.0195706 0.0762792 0.00567352 0.00302263 0.0214252 
0.854037 0.0328901 0.0190167 0.0654744 0.00503214 0.00297342 0.0205764 
0.849516 0.0224592 0.0230549 0.0702287 0.00417232 0.00292144 0.0276473 
0.859776 0.0250875 0.0248528 0.0501697 0.00403406 0.00313961 0.03294 
0.85085 0.0229623 0.0256517 0.0580002 0.00354247 0.00267425 0.0363189 
0.840183 0.0193675 0.0302097 0.0659794 0.00290004 0.0024509 0.0389091 
0.853796 0.0172718 0.0304995 0.0471338 0.00308024 0.00279314 0.0454253 
0.623949 0.00650495 0.0960389 0.00796755 0.0060968 0.00937401 0.250069 
0.66579 0.00631506 0.0926988 0.0172609 0.00465014 0.00946431 0.20382 
0.64149 0.00659015 0.0971354 0.0251935 0.00791211 0.0134519 0.208227 
0.533911 0.00665224 0.111937 0.0247837 0.00630893 0.0155053 0.300902 
0.588623 0.00561536 0.108042 0.0229402 0.00687239 0.010188 0.257719 
0.607223 0.00637367 0.0950652 0.0211232 0.00751502 0.00982833 0.252871 
0.548968 0.00639288 0.10192 0.0195527 0.00409256 0.00934721 0.309727 
0.658086 0.00621343 0.0862885 0.027544 0.00398774 0.00891345 0.208967 
0.576302 0.00823642 0.0855154 0.0371034 0.0045429 0.0148886 0.273412 
0.577951 0.00770393 0.0794759 0.0402652 0.00518003 0.0129442 0.276479 
0.546318 0.00798117 0.072063 0.029724 0.00629268 0.0118576 0.325764 
0.655114 0.00874784 0.0592708 0.0309656 0.00638103 0.0115036 0.228017 
0.65042 0.00928284 0.0550378 0.0584041 0.00813325 0.0103646 0.208357 
