0.861809 0.0161115 0.0507876 0.0260764 0.00571004 0.00340667 0.0360992 
0.86157 0.0214153 0.0461474 0.0242722 0.00598354 0.00489712 0.0357144 
0.829314 0.0167456 0.0549702 0.020367 0.00679672 0.00508448 0.0667224 
0.822356 0.0157853 0.0536933 0.00945645 0.00418342 0.00437244 0.0901535 
0.829808 0.015297 0.0548248 0.0135266 0.00429718 0.00350335 0.0787425 
0.798999 0.016789 0.0545314 0.0118035 0.00589915 0.00406653 0.107912 
0.821995 0.0134098 0.0561809 0.014458 0.00396046 0.00482376 0.0851716 
0.825017 0.0142534 0.0560894 0.0137479 0.00512784 0.00504271 0.0807218 
0.843757 0.0151376 0.0540963 0.00974105 0.00415492 0.00452803 0.0685848 
0.819289 0.013318 0.0606652 0.00862757 0.0043988 0.00388531 0.0898162 
0.817403 0.0130291 0.0605605 0.0103403 0.00451404 0.0040421 0.0901113 
0.803737 0.0150108 0.0558547 0.0113871 0.00598524 0.00476084 0.103265 
0.835557 0.0130905 0.0519769 0.0140561 0.00569852 0.00410243 0.0755183 
0.840812 0.0153365 0.0490297 0.0179063 0.00775677 0.00436261 0.0647965 
0.842997 0.0250204 0.0417713 0.0215887 0.0148487 0.00487744 0.0488962 
0.85285 0.0171449 0.0446012 0.0231699 0.00765847 0.00489331 0.0496818 
0.834601 0.0151041 0.0464596 0.021897 0.00589191 0.00462952 0.0714165 
0.849378 0.0156062 0.0448398 0.0145481 0.00516515 0.00389524 0.0665672 
0.825305 0.0133272 0.0559418 0.011791 0.00401792 0.00412141 0.0854956 
0.817653 0.0166305 0.0526133 0.00775052 0.0057433 0.00552205 0.0940871 
0.805157 0.0147833 0.0560117 0.0066295 0.00376632 0.00507 0.108582 
0.78092 0.0133731 0.0598267 0.00821551 0.00338638 0.00461954 0.129659 
0.778601 0.013233 0.060302 0.00632289 0.00396656 0.00496744 0.132607 
0.778889 0.0124545 0.0662494 0.00619422 0.00319695 0.00464524 0.128371 
0.794421 0.0113778 0.0657229 0.00705833 0.00340849 0.00585866 0.112153 
0.801258 0.0127626 0.0606641 0.00539692 0.0033418 0.00502178 0.111555 
0.814682 0.0118251 0.0599823 0.00865492 0.00406358 0.00504461 0.0957471 
0.803954 0.0117163 0.0610737 0.00912741 0.00371864 0.00550675 0.104903 
0.852539 0.0158017 0.0342824 0.0357235 0.00318088 0.002536 0.0559361 
0.841039 0.0159814 0.0305321 0.0578875 0.00480171 0.00285503 0.0469035 
0.849139 0.0144573 0.0343427 0.0417219 0.00503852 0.00318205 0.0521187 
0.830253 0.0112736 0.0400493 0.0348611 0.00633133 0.00402889 0.073203 
0.812053 0.0105277 0.0481001 0.0206022 0.00708857 0.0040534 0.0975746 
0.801782 0.00910397 0.0506049 0.0176751 0.00522964 0.00348156 0.112123 
0.825823 0.0102209 0.0425443 0.0219582 0.00547223 0.00318957 0.0907914 
0.82428 0.00887623 0.0484391 0.0157296 0.00513495 0.00312107 0.0944189 
0.796521 0.00887361 0.0532933 0.0149111 0.00612703 0.00323757 0.117037 
0.810027 0.00871028 0.0504013 0.0232379 0.00639596 0.00349871 0.0977289 
0.800129 0.00838961 0.0497107 0.015817 0.00518353 0.00354288 0.117227 
0.797057 0.00745941 0.0512629 0.0203931 0.00632307 0.00275235 0.114752 
0.802053 0.00750059 0.0537911 0.0208275 0.00600849 0.00261283 0.107206 
0.797133 0.00704466 0.0603438 0.0151615 0.00375739 0.00312416 0.113435 
0.768746 0.0086154 0.0551951 0.0188521 0.00544354 0.00449442 0.138654 
0.643327 0.00680545 0.0776376 0.0038278 0.00252352 0.00504087 0.260838 
0.799817 0.00775668 0.0565786 0.0117757 0.00442483 0.0037464 0.115901 
0.841392 0.0090215 0.052872 0.00944436 0.00403263 0.00470025 0.0785371 
0.825181 0.00987168 0.0475088 0.014531 0.00474098 0.00453112 0.0936355 
0.839689 0.00836837 0.047457 0.0239313 0.00657111 0.00352616 0.0704571 
0.866521 0.0106749 0.0380095 0.0284885 0.00760044 0.00375421 0.0449513 
0.848403 0.0120006 0.0350303 0.0389314 0.0114107 0.00657713 0.0476465 
0.811847 0.00998435 0.0561714 0.0333901 0.00909412 0.009985 0.0695277 
0.65475 0.00978486 0.139039 0.0251654 0.00948054 0.0525004 0.10928 
0.0686681 0.0107018 0.241178 0.100193 0.0099951 0.279319 0.289945 
0.206354 0.0112716 0.1988 0.0412009 0.0174562 0.060465 0.464452 
0.394901 0.00743511 0.141646 0.0216451 0.0141047 0.0133499 0.406918 
0.475494 0.00639836 0.128945 0.0216757 0.00770366 0.0111645 0.348619 
0.852539 0.0158017 0.0342824 0.0357235 0.00318088 0.002536 0.0559361 
0.841039 0.0159814 0.0305321 0.0578875 0.00480171 0.00285503 0.0469035 
0.849139 0.0144573 0.0343427 0.0417219 0.00503852 0.00318205 0.0521187 
0.830253 0.0112736 0.0400493 0.0348611 0.00633133 0.00402889 0.073203 
0.812053 0.0105277 0.0481001 0.0206022 0.00708857 0.0040534 0.0975746 
0.801782 0.00910397 0.0506049 0.0176751 0.00522964 0.00348156 0.112123 
0.825823 0.0102209 0.0425443 0.0219582 0.00547223 0.00318957 0.0907914 
0.82428 0.00887623 0.0484391 0.0157296 0.00513495 0.00312107 0.0944189 
0.796521 0.00887361 0.0532933 0.0149111 0.00612703 0.00323757 0.117037 
0.810027 0.00871028 0.0504013 0.0232379 0.00639596 0.00349871 0.0977289 
0.800129 0.00838961 0.0497107 0.015817 0.00518353 0.00354288 0.117227 
0.797057 0.00745941 0.0512629 0.0203931 0.00632307 0.00275235 0.114752 
0.802053 0.00750059 0.0537911 0.0208275 0.00600849 0.00261283 0.107206 
0.797133 0.00704466 0.0603438 0.0151615 0.00375739 0.00312416 0.113435 
0.768746 0.0086154 0.0551951 0.0188521 0.00544354 0.00449442 0.138654 
0.643327 0.00680545 0.0776376 0.0038278 0.00252352 0.00504087 0.260838 
0.799817 0.00775668 0.0565786 0.0117757 0.00442483 0.0037464 0.115901 
0.841392 0.0090215 0.052872 0.00944436 0.00403263 0.00470025 0.0785371 
0.825181 0.00987168 0.0475088 0.014531 0.00474098 0.00453112 0.0936355 
0.839689 0.00836837 0.047457 0.0239313 0.00657111 0.00352616 0.0704571 
0.866521 0.0106749 0.0380095 0.0284885 0.00760044 0.00375421 0.0449513 
0.848403 0.0120006 0.0350303 0.0389314 0.0114107 0.00657713 0.0476465 
0.811847 0.00998435 0.0561714 0.0333901 0.00909412 0.009985 0.0695277 
0.65475 0.00978486 0.139039 0.0251654 0.00948054 0.0525004 0.10928 
0.0686681 0.0107018 0.241178 0.100193 0.0099951 0.279319 0.289945 
0.206354 0.0112716 0.1988 0.0412009 0.0174562 0.060465 0.464452 
0.394901 0.00743511 0.141646 0.0216451 0.0141047 0.0133499 0.406918 
0.475494 0.00639836 0.128945 0.0216757 0.00770366 0.0111645 0.348619 
0.627159 0.00735566 0.0777444 0.0178317 0.0071332 0.00757868 0.255197 
0.627845 0.00701468 0.0779581 0.0163123 0.0076376 0.00750291 0.25573 
0.582195 0.00706941 0.0819745 0.0199496 0.00759633 0.00756404 0.293651 
0.650319 0.00691176 0.0731008 0.0257538 0.00892889 0.00612565 0.22886 
0.772126 0.00784807 0.0642314 0.0115461 0.00836186 0.00392415 0.131962 
0.794547 0.00722698 0.0634693 0.0193737 0.00633566 0.00334166 0.105706 
0.809168 0.0088241 0.0678103 0.0148706 0.00961327 0.0038812 0.0858321 
0.819776 0.049578 0.0392036 0.00611549 0.0312835 0.00934237 0.0447013 
0.84897 0.0233757 0.0318006 0.0140833 0.0110609 0.0023647 0.0683444 
0.868495 0.0091152 0.0400455 0.0214883 0.00350222 0.00175863 0.0555947 
0.829183 0.00761859 0.0600608 0.0432237 0.00121818 0.00293721 0.0557589 
0.853241 0.0105005 0.053402 0.0138547 0.00134285 0.00306738 0.0645918 
0.852895 0.0107391 0.056128 0.0135838 0.00125927 0.00305619 0.0623387 
0.873432 0.0143863 0.0414038 0.0169278 0.00253145 0.00301124 0.0483077 
0.889604 0.0155467 0.0378377 0.0227754 0.00218587 0.0030126 0.0290377 
0.884878 0.0213877 0.0333403 0.0301919 0.00242292 0.00365896 0.0241201 
0.896017 0.018893 0.0299912 0.0233396 0.00293801 0.0032294 0.0255918 
0.886728 0.0206655 0.030497 0.0271448 0.00313848 0.00366404 0.0281621 
0.884266 0.0178626 0.0314784 0.0323423 0.00315183 0.00325486 0.0276437 
0.892362 0.0212838 0.0318667 0.0123371 0.00371077 0.00354277 0.0348973 
0.877184 0.020609 0.0367268 0.0176016 0.0039765 0.00283949 0.0410625 
0.86236 0.0213663 0.040045 0.0147502 0.0043632 0.00292255 0.0541925 
0.847086 0.0118899 0.0470009 0.0190512 0.00280217 0.00416243 0.068007 
0.873431 0.0150279 0.0416924 0.0225967 0.00388808 0.00387803 0.0394856 
0.842437 0.0151859 0.033555 0.0541096 0.0107558 0.00523489 0.0387216 
0.864949 0.0137421 0.0367183 0.035561 0.00609876 0.00324444 0.0396861 
0.824581 0.0188299 0.025863 0.0934883 0.00820244 0.00407432 0.0249615 
0.864766 0.0143095 0.0320631 0.0453112 0.00599296 0.00359542 0.0339622 
0.880257 0.0175226 0.028701 0.0344144 0.00683243 0.00355836 0.0287138 
0.852539 0.0158017 0.0342824 0.0357235 0.00318088 0.002536 0.0559361 
0.841039 0.0159814 0.0305321 0.0578875 0.00480171 0.00285503 0.0469035 
0.849139 0.0144573 0.0343427 0.0417219 0.00503852 0.00318205 0.0521187 
0.830253 0.0112736 0.0400493 0.0348611 0.00633133 0.00402889 0.073203 
0.812053 0.0105277 0.0481001 0.0206022 0.00708857 0.0040534 0.0975746 
0.801782 0.00910397 0.0506049 0.0176751 0.00522964 0.00348156 0.112123 
0.825823 0.0102209 0.0425443 0.0219582 0.00547223 0.00318957 0.0907914 
0.82428 0.00887623 0.0484391 0.0157296 0.00513495 0.00312107 0.0944189 
0.796521 0.00887361 0.0532933 0.0149111 0.00612703 0.00323757 0.117037 
0.810027 0.00871028 0.0504013 0.0232379 0.00639596 0.00349871 0.0977289 
0.800129 0.00838961 0.0497107 0.015817 0.00518353 0.00354288 0.117227 
0.797057 0.00745941 0.0512629 0.0203931 0.00632307 0.00275235 0.114752 
0.802053 0.00750059 0.0537911 0.0208275 0.00600849 0.00261283 0.107206 
0.797133 0.00704466 0.0603438 0.0151615 0.00375739 0.00312416 0.113435 
0.768746 0.0086154 0.0551951 0.0188521 0.00544354 0.00449442 0.138654 
0.643327 0.00680545 0.0776376 0.0038278 0.00252352 0.00504087 0.260838 
0.799817 0.00775668 0.0565786 0.0117757 0.00442483 0.0037464 0.115901 
0.841392 0.0090215 0.052872 0.00944436 0.00403263 0.00470025 0.0785371 
0.825181 0.00987168 0.0475088 0.014531 0.00474098 0.00453112 0.0936355 
0.839689 0.00836837 0.047457 0.0239313 0.00657111 0.00352616 0.0704571 
0.866521 0.0106749 0.0380095 0.0284885 0.00760044 0.00375421 0.0449513 
0.848403 0.0120006 0.0350303 0.0389314 0.0114107 0.00657713 0.0476465 
0.811847 0.00998435 0.0561714 0.0333901 0.00909412 0.009985 0.0695277 
0.65475 0.00978486 0.139039 0.0251654 0.00948054 0.0525004 0.10928 
0.0686681 0.0107018 0.241178 0.100193 0.0099951 0.279319 0.289945 
0.206354 0.0112716 0.1988 0.0412009 0.0174562 0.060465 0.464452 
0.394901 0.00743511 0.141646 0.0216451 0.0141047 0.0133499 0.406918 
0.475494 0.00639836 0.128945 0.0216757 0.00770366 0.0111645 0.348619 
0.779094 0.0225311 0.0476259 0.0227015 0.00287478 0.0396838 0.0854891 
0.789029 0.0230177 0.0414879 0.0213885 0.00357155 0.0344476 0.0870578 
0.780687 0.0220986 0.0431969 0.0291963 0.0036127 0.0336141 0.0875945 
0.77012 0.0241622 0.0409904 0.0429123 0.00719948 0.0402022 0.0744132 
0.754937 0.0484699 0.0345937 0.0160626 0.0144017 0.0797455 0.0517893 
0.758137 0.0294012 0.0419525 0.0268399 0.00872622 0.0615289 0.0734148 
0.7487 0.0202082 0.0448855 0.0340393 0.00811949 0.0378015 0.106246 
0.71745 0.0208301 0.0471907 0.0268227 0.00713269 0.0509758 0.129598 
0.734256 0.0205934 0.0419717 0.0403786 0.00870401 0.0334116 0.120684 
0.787689 0.0233579 0.0375406 0.0274374 0.00855305 0.0321995 0.0832227 
0.78422 0.023384 0.0370415 0.0309711 0.00655432 0.0372922 0.0805373 
0.804724 0.0264195 0.0297298 0.0405032 0.00590207 0.0282937 0.0644277 
0.783708 0.0199229 0.041907 0.0358973 0.00556336 0.0324065 0.0805951 
0.788891 0.0199301 0.0362879 0.0233626 0.00618245 0.0313259 0.0940196 
0.771965 0.0183776 0.0394461 0.0246314 0.00524672 0.0375933 0.10274 
0.794707 0.01935 0.0362593 0.0447438 0.00528391 0.0264122 0.0732438 
0.778977 0.0165762 0.0488922 0.0379027 0.00540509 0.0217091 0.0905376 
0.738209 0.016603 0.0574567 0.0323973 0.00457254 0.0247435 0.126018 
0.698928 0.013158 0.0597418 0.0115317 0.00300399 0.0193031 0.194334 
0.75352 0.0140715 0.0528498 0.017252 0.004156 0.0237639 0.134387 
0.753973 0.0148846 0.0552719 0.0214899 0.00413557 0.0293898 0.120855 
0.732076 0.0144492 0.0612409 0.0202972 0.00561222 0.0260987 0.140226 
0.752966 0.0152594 0.0532428 0.0170773 0.0050542 0.0288779 0.127523 
0.765501 0.0177284 0.0505353 0.0141292 0.00415694 0.0211009 0.126849 
0.7578 0.0156835 0.053451 0.0124047 0.00446991 0.0214235 0.134768 
0.71995 0.0485208 0.0423308 0.00980439 0.0123919 0.0924997 0.0745022 
0.778743 0.0205155 0.0429014 0.0259545 0.00695835 0.0315209 0.0934062 
0.691744 0.0243616 0.0431833 0.0462844 0.00547367 0.0547571 0.134196 
0.852539 0.0158017 0.0342824 0.0357235 0.00318088 0.002536 0.0559361 
0.841039 0.0159814 0.0305321 0.0578875 0.00480171 0.00285503 0.0469035 
0.849139 0.0144573 0.0343427 0.0417219 0.00503852 0.00318205 0.0521187 
0.830253 0.0112736 0.0400493 0.0348611 0.00633133 0.00402889 0.073203 
0.812053 0.0105277 0.0481001 0.0206022 0.00708857 0.0040534 0.0975746 
0.801782 0.00910397 0.0506049 0.0176751 0.00522964 0.00348156 0.112123 
0.825823 0.0102209 0.0425443 0.0219582 0.00547223 0.00318957 0.0907914 
0.82428 0.00887623 0.0484391 0.0157296 0.00513495 0.00312107 0.0944189 
0.796521 0.00887361 0.0532933 0.0149111 0.00612703 0.00323757 0.117037 
0.810027 0.00871028 0.0504013 0.0232379 0.00639596 0.00349871 0.0977289 
0.800129 0.00838961 0.0497107 0.015817 0.00518353 0.00354288 0.117227 
0.797057 0.00745941 0.0512629 0.0203931 0.00632307 0.00275235 0.114752 
0.802053 0.00750059 0.0537911 0.0208275 0.00600849 0.00261283 0.107206 
0.797133 0.00704466 0.0603438 0.0151615 0.00375739 0.00312416 0.113435 
0.768746 0.0086154 0.0551951 0.0188521 0.00544354 0.00449442 0.138654 
0.643327 0.00680545 0.0776376 0.0038278 0.00252352 0.00504087 0.260838 
0.799817 0.00775668 0.0565786 0.0117757 0.00442483 0.0037464 0.115901 
0.841392 0.0090215 0.052872 0.00944436 0.00403263 0.00470025 0.0785371 
0.825181 0.00987168 0.0475088 0.014531 0.00474098 0.00453112 0.0936355 
0.839689 0.00836837 0.047457 0.0239313 0.00657111 0.00352616 0.0704571 
0.866521 0.0106749 0.0380095 0.0284885 0.00760044 0.00375421 0.0449513 
0.848403 0.0120006 0.0350303 0.0389314 0.0114107 0.00657713 0.0476465 
0.811847 0.00998435 0.0561714 0.0333901 0.00909412 0.009985 0.0695277 
0.65475 0.00978486 0.139039 0.0251654 0.00948054 0.0525004 0.10928 
0.0686681 0.0107018 0.241178 0.100193 0.0099951 0.279319 0.289945 
0.206354 0.0112716 0.1988 0.0412009 0.0174562 0.060465 0.464452 
0.394901 0.00743511 0.141646 0.0216451 0.0141047 0.0133499 0.406918 
0.475494 0.00639836 0.128945 0.0216757 0.00770366 0.0111645 0.348619 
0.860338 0.0223413 0.0211159 0.0372053 0.00574213 0.0165742 0.036683 
0.86579 0.0224653 0.0201974 0.0298951 0.00661179 0.0179768 0.0370637 
0.846287 0.0197818 0.0225642 0.0250576 0.00690631 0.0169075 0.0624958 
0.83871 0.0235154 0.0213269 0.0310984 0.00830557 0.0139189 0.063125 
0.834394 0.0222329 0.0230853 0.0260854 0.00942111 0.0159711 0.0688105 
0.8197 0.0222282 0.0239631 0.0437031 0.00858664 0.0196115 0.062207 
0.863159 0.0200122 0.0215582 0.0190641 0.00782315 0.0158273 0.0525564 
0.834202 0.0189478 0.0250564 0.0316094 0.00840063 0.012905 0.0688783 
0.83886 0.0145223 0.0338369 0.01667 0.00301316 0.0119157 0.0811823 
0.781306 0.0136973 0.0358903 0.0184626 0.00621885 0.0119382 0.132487 
0.726466 0.0132545 0.0446494 0.0102149 0.00712221 0.0158479 0.182446 
0.475656 0.011652 0.0659104 0.0401711 0.0105086 0.0200827 0.376019 
0.557382 0.0108455 0.0606108 0.0237108 0.00929906 0.0144363 0.323715 
0.505532 0.0107604 0.0726943 0.0287056 0.0119448 0.014889 0.355474 
0.476789 0.0113608 0.0771422 0.0195084 0.0105477 0.017519 0.387133 
0.566671 0.0124911 0.0778952 0.013271 0.00561978 0.0192273 0.304824 
0.561486 0.0117197 0.0834004 0.0110695 0.00448785 0.0198887 0.307948 
0.585353 0.0115346 0.0781562 0.0151659 0.00845468 0.0196397 0.281696 
0.501845 0.00999657 0.0845759 0.0143578 0.00954379 0.0153966 0.364284 
0.49479 0.00979516 0.0855908 0.023073 0.011475 0.0139155 0.361361 
0.541105 0.00861075 0.081294 0.0161095 0.0079843 0.0107635 0.334133 
0.567699 0.00815172 0.0834761 0.0210059 0.00860698 0.010722 0.300339 
0.484483 0.00858982 0.0840945 0.0214737 0.00704144 0.00981472 0.384503 
0.458154 0.00850859 0.0848907 0.0188599 0.00981721 0.00988476 0.409885 
0.720548 0.0115628 0.0485121 0.0228333 0.010503 0.00776557 0.178275 
0.778876 0.0161183 0.0361839 0.0316883 0.00985244 0.0109631 0.116318 
0.793379 0.0168492 0.0361226 0.0428482 0.00865849 0.00928475 0.0928579 
