0.809318 0.0129876 0.0629167 0.0119856 0.00412643 0.0071804 0.0914852 
0.714075 0.0110547 0.0804534 0.0040775 0.00318015 0.0112167 0.175943 
0.717923 0.0117055 0.0771286 0.00291937 0.00193158 0.013767 0.174625 
0.761102 0.0126164 0.0726475 0.00412484 0.00269028 0.0111884 0.135631 
0.564967 0.0086294 0.101884 0.00303485 0.00204004 0.0139445 0.3055 
0.568451 0.00777201 0.108214 0.00208882 0.00152298 0.00932382 0.302628 
0.662762 0.00877118 0.0857785 0.00325374 0.00216865 0.0103606 0.226906 
0.729049 0.00984439 0.0795361 0.00308336 0.0022375 0.00777428 0.168476 
0.76359 0.00973879 0.0741403 0.00476067 0.0025519 0.00614568 0.139073 
0.756277 0.0100997 0.0718681 0.00470814 0.00238523 0.00698251 0.147679 
0.743389 0.0106297 0.070439 0.00510515 0.00218501 0.00810584 0.160146 
0.7797 0.0101251 0.0729633 0.00866773 0.00225972 0.00779988 0.118484 
0.784499 0.0106676 0.064109 0.00868708 0.00299864 0.00638618 0.122652 
0.782869 0.0117741 0.06345 0.0056378 0.00360596 0.00697245 0.125691 
0.777084 0.0107071 0.0679854 0.0083062 0.00476145 0.00693383 0.124222 
0.760861 0.0110592 0.069007 0.00585979 0.00525094 0.00701001 0.140952 
0.773337 0.0100676 0.0671781 0.00665667 0.00427782 0.00565643 0.132826 
0.806497 0.0119338 0.0583293 0.00864442 0.0116665 0.00680519 0.0961241 
0.839696 0.0135857 0.0493313 0.00768414 0.00650792 0.00669861 0.0764968 
0.841378 0.0143673 0.0491802 0.00750708 0.00529234 0.00568853 0.0765866 
0.808674 0.0118368 0.0564098 0.00666007 0.00396469 0.00529252 0.107162 
0.807642 0.0132805 0.057266 0.00682739 0.00565771 0.00597848 0.103347 
0.783425 0.0135111 0.0613024 0.00645604 0.00447391 0.00556365 0.125268 
0.679504 0.0121872 0.0726373 0.00437063 0.00471238 0.00773036 0.218858 
0.551023 0.0100809 0.091252 0.00318837 0.00301606 0.00541908 0.336021 
0.487257 0.00858991 0.0965021 0.00291167 0.00276325 0.00623938 0.395736 
0.560595 0.00891374 0.0987108 0.00359543 0.00282153 0.00678391 0.31858 
0.599144 0.00859082 0.0935929 0.00397517 0.00256954 0.00679191 0.285336 
0.623347 0.00900723 0.0889881 0.00398655 0.00323216 0.00599888 0.26544 
0.506771 0.00719075 0.115594 0.0309262 0.00983146 0.0104344 0.319252 
0.525051 0.00680166 0.109496 0.0427331 0.00889217 0.00882835 0.298198 
0.498851 0.00621518 0.111706 0.0411764 0.00814212 0.00785404 0.326055 
0.517942 0.00727726 0.115272 0.0410324 0.00844891 0.0137846 0.296242 
0.551114 0.00703314 0.102865 0.018456 0.00662623 0.013897 0.300009 
0.596604 0.00613981 0.105849 0.00816051 0.00423903 0.00975758 0.269251 
0.619504 0.00739179 0.0985104 0.0209036 0.00895063 0.0128871 0.231852 
0.673869 0.00634712 0.0821428 0.0101059 0.00666025 0.00685273 0.214022 
0.657016 0.00685877 0.0768354 0.0126033 0.00635663 0.00812248 0.232207 
0.755896 0.00756856 0.0644851 0.00790445 0.00252172 0.00352653 0.158098 
0.792869 0.00717134 0.0639417 0.0179842 0.00372662 0.00454855 0.109758 
0.748579 0.00663621 0.0654335 0.0201697 0.0035673 0.00395801 0.151657 
0.762259 0.00651991 0.06558 0.017032 0.00423122 0.00430566 0.140072 
0.735862 0.00629196 0.0709827 0.0128504 0.00277276 0.00438292 0.166857 
0.772826 0.00654189 0.0618561 0.018262 0.00336948 0.00472852 0.132416 
0.785745 0.00690761 0.0613868 0.021593 0.0043035 0.00419966 0.115865 
0.806354 0.00741646 0.0634364 0.0129961 0.0033741 0.00413136 0.102292 
0.772354 0.00718935 0.0615582 0.0155933 0.00383004 0.00395227 0.135522 
0.804716 0.00720247 0.0584338 0.011635 0.00457916 0.0042802 0.109154 
0.801158 0.00665 0.0614382 0.0107672 0.00399227 0.00394982 0.112044 
0.780639 0.00755637 0.0608305 0.0137813 0.00402026 0.00459568 0.128577 
0.720223 0.00791222 0.0638085 0.0105432 0.0028582 0.00416527 0.19049 
0.732431 0.00763653 0.0657948 0.00914008 0.00428839 0.00505574 0.175653 
0.707014 0.00798637 0.0648597 0.00797672 0.00315582 0.00603674 0.202971 
0.707213 0.00872792 0.0580308 0.00780396 0.00328324 0.0071533 0.207788 
0.707321 0.0103921 0.0548637 0.0063627 0.00373079 0.0069613 0.210369 
0.743387 0.0097918 0.0505484 0.00983509 0.0049591 0.00764454 0.173835 
0.745437 0.00987498 0.0546334 0.00714016 0.00287801 0.00690191 0.173134 
0.829403 0.0115877 0.0443271 0.0112682 0.00300314 0.00710923 0.0933013 
0.813313 0.0103081 0.0499217 0.00786752 0.00214563 0.00472763 0.111717 
0.801551 0.00942201 0.0532907 0.0157371 0.0024127 0.00715892 0.110427 
0.76941 0.00782218 0.0609487 0.0098106 0.00222694 0.00645925 0.143322 
0.807987 0.00769195 0.058784 0.012493 0.00250292 0.00622765 0.104314 
0.794845 0.00776381 0.0612989 0.0113275 0.00198188 0.00583743 0.116945 
0.750403 0.00848864 0.0624832 0.00862681 0.00263053 0.00868697 0.158681 
0.675518 0.00709075 0.0735586 0.0098757 0.00187629 0.0109902 0.221091 
0.609089 0.00630747 0.0876513 0.00396417 0.00166629 0.00981437 0.281507 
0.69307 0.00607777 0.0865955 0.00527763 0.001912 0.00867079 0.198397 
0.714422 0.006531 0.0863191 0.00395162 0.00174108 0.00715433 0.179881 
0.641274 0.00636625 0.102338 0.00319013 0.00177741 0.00845305 0.236601 
0.739434 0.00619597 0.0883585 0.00447583 0.0017043 0.00783592 0.151996 
0.779838 0.00600082 0.0795735 0.00549774 0.00140358 0.00801649 0.119669 
0.722772 0.00676281 0.082684 0.0048599 0.00215856 0.00949964 0.171263 
0.723134 0.00749398 0.0751163 0.00444495 0.00167397 0.010715 0.177421 
0.650051 0.00891843 0.0860454 0.00232707 0.00118115 0.00897581 0.242501 
0.750857 0.00757611 0.0783689 0.00519047 0.00122008 0.0104626 0.146325 
0.734433 0.00698571 0.0898697 0.00309199 0.00124594 0.00715621 0.157217 
0.766525 0.00637013 0.0874342 0.00442646 0.00176911 0.00815362 0.125322 
0.780917 0.00623857 0.0890462 0.00441013 0.00185212 0.00702883 0.110507 
0.782612 0.00663687 0.0809724 0.00448669 0.00190726 0.0120351 0.111349 
0.746467 0.0073399 0.0829171 0.00704586 0.00345536 0.0140755 0.1387 
0.741931 0.00655234 0.0883988 0.00672728 0.00285092 0.0161636 0.137376 
0.638329 0.00737244 0.0972253 0.0102234 0.00427972 0.0164635 0.226106 
0.579661 0.00618838 0.114937 0.0102376 0.00233884 0.0128999 0.273737 
0.642095 0.00616679 0.0991576 0.00983424 0.00314364 0.0140993 0.225504 
0.559953 0.00535051 0.122858 0.00738296 0.00230736 0.0108368 0.291311 
0.504287 0.00590202 0.119898 0.00604486 0.00276841 0.01224 0.34886 
0.542518 0.00629008 0.114272 0.00842381 0.00252075 0.0168899 0.309085 
0.634596 0.00657219 0.0944898 0.00713712 0.00300298 0.0144589 0.239743 
0.630458 0.00600507 0.101124 0.00836578 0.00187473 0.0134635 0.238709 
0.619569 0.0067683 0.0980157 0.0281693 0.00266133 0.0190996 0.225717 
0.666061 0.00604582 0.0952204 0.010434 0.00151556 0.0161408 0.204582 
0.687109 0.00585029 0.102837 0.0151086 0.00190005 0.0193103 0.167885 
0.558891 0.00625334 0.117251 0.00944338 0.0025929 0.0197651 0.285803 
0.526921 0.00690888 0.11336 0.00739103 0.002751 0.029353 0.313315 
0.589846 0.0065039 0.110263 0.0166107 0.0022853 0.0237128 0.250778 
0.63378 0.00704775 0.0967933 0.0081499 0.00289233 0.0241685 0.227168 
0.652945 0.0061518 0.0980714 0.00624581 0.00164678 0.0188856 0.216054 
0.661586 0.00538693 0.108887 0.0078496 0.00154073 0.017422 0.197328 
0.586593 0.00594232 0.109363 0.0104481 0.00256167 0.0192117 0.265881 
0.554274 0.00666521 0.116154 0.00783325 0.00328838 0.020366 0.29142 
0.506771 0.00719075 0.115594 0.0309262 0.00983146 0.0104344 0.319252 
0.525051 0.00680166 0.109496 0.0427331 0.00889217 0.00882835 0.298198 
0.498851 0.00621518 0.111706 0.0411764 0.00814212 0.00785404 0.326055 
0.517942 0.00727726 0.115272 0.0410324 0.00844891 0.0137846 0.296242 
0.551114 0.00703314 0.102865 0.018456 0.00662623 0.013897 0.300009 
0.596604 0.00613981 0.105849 0.00816051 0.00423903 0.00975758 0.269251 
0.619504 0.00739179 0.0985104 0.0209036 0.00895063 0.0128871 0.231852 
0.673869 0.00634712 0.0821428 0.0101059 0.00666025 0.00685273 0.214022 
0.657016 0.00685877 0.0768354 0.0126033 0.00635663 0.00812248 0.232207 
0.755896 0.00756856 0.0644851 0.00790445 0.00252172 0.00352653 0.158098 
0.792869 0.00717134 0.0639417 0.0179842 0.00372662 0.00454855 0.109758 
0.748579 0.00663621 0.0654335 0.0201697 0.0035673 0.00395801 0.151657 
0.762259 0.00651991 0.06558 0.017032 0.00423122 0.00430566 0.140072 
0.735862 0.00629196 0.0709827 0.0128504 0.00277276 0.00438292 0.166857 
0.772826 0.00654189 0.0618561 0.018262 0.00336948 0.00472852 0.132416 
0.785745 0.00690761 0.0613868 0.021593 0.0043035 0.00419966 0.115865 
0.806354 0.00741646 0.0634364 0.0129961 0.0033741 0.00413136 0.102292 
0.772354 0.00718935 0.0615582 0.0155933 0.00383004 0.00395227 0.135522 
0.804716 0.00720247 0.0584338 0.011635 0.00457916 0.0042802 0.109154 
0.801158 0.00665 0.0614382 0.0107672 0.00399227 0.00394982 0.112044 
0.780639 0.00755637 0.0608305 0.0137813 0.00402026 0.00459568 0.128577 
0.720223 0.00791222 0.0638085 0.0105432 0.0028582 0.00416527 0.19049 
0.732431 0.00763653 0.0657948 0.00914008 0.00428839 0.00505574 0.175653 
0.707014 0.00798637 0.0648597 0.00797672 0.00315582 0.00603674 0.202971 
0.707213 0.00872792 0.0580308 0.00780396 0.00328324 0.0071533 0.207788 
0.707321 0.0103921 0.0548637 0.0063627 0.00373079 0.0069613 0.210369 
0.743387 0.0097918 0.0505484 0.00983509 0.0049591 0.00764454 0.173835 
0.745437 0.00987498 0.0546334 0.00714016 0.00287801 0.00690191 0.173134 
0.829403 0.0115877 0.0443271 0.0112682 0.00300314 0.00710923 0.0933013 
0.813313 0.0103081 0.0499217 0.00786752 0.00214563 0.00472763 0.111717 
0.801551 0.00942201 0.0532907 0.0157371 0.0024127 0.00715892 0.110427 
0.76941 0.00782218 0.0609487 0.0098106 0.00222694 0.00645925 0.143322 
0.807987 0.00769195 0.058784 0.012493 0.00250292 0.00622765 0.104314 
0.794845 0.00776381 0.0612989 0.0113275 0.00198188 0.00583743 0.116945 
0.750403 0.00848864 0.0624832 0.00862681 0.00263053 0.00868697 0.158681 
0.675518 0.00709075 0.0735586 0.0098757 0.00187629 0.0109902 0.221091 
0.609089 0.00630747 0.0876513 0.00396417 0.00166629 0.00981437 0.281507 
0.69307 0.00607777 0.0865955 0.00527763 0.001912 0.00867079 0.198397 
0.714422 0.006531 0.0863191 0.00395162 0.00174108 0.00715433 0.179881 
0.641274 0.00636625 0.102338 0.00319013 0.00177741 0.00845305 0.236601 
0.739434 0.00619597 0.0883585 0.00447583 0.0017043 0.00783592 0.151996 
0.779838 0.00600082 0.0795735 0.00549774 0.00140358 0.00801649 0.119669 
0.722772 0.00676281 0.082684 0.0048599 0.00215856 0.00949964 0.171263 
0.723134 0.00749398 0.0751163 0.00444495 0.00167397 0.010715 0.177421 
0.650051 0.00891843 0.0860454 0.00232707 0.00118115 0.00897581 0.242501 
0.750857 0.00757611 0.0783689 0.00519047 0.00122008 0.0104626 0.146325 
0.734433 0.00698571 0.0898697 0.00309199 0.00124594 0.00715621 0.157217 
0.766525 0.00637013 0.0874342 0.00442646 0.00176911 0.00815362 0.125322 
0.780917 0.00623857 0.0890462 0.00441013 0.00185212 0.00702883 0.110507 
0.782612 0.00663687 0.0809724 0.00448669 0.00190726 0.0120351 0.111349 
0.746467 0.0073399 0.0829171 0.00704586 0.00345536 0.0140755 0.1387 
0.741931 0.00655234 0.0883988 0.00672728 0.00285092 0.0161636 0.137376 
0.638329 0.00737244 0.0972253 0.0102234 0.00427972 0.0164635 0.226106 
0.579661 0.00618838 0.114937 0.0102376 0.00233884 0.0128999 0.273737 
0.642095 0.00616679 0.0991576 0.00983424 0.00314364 0.0140993 0.225504 
0.559953 0.00535051 0.122858 0.00738296 0.00230736 0.0108368 0.291311 
0.504287 0.00590202 0.119898 0.00604486 0.00276841 0.01224 0.34886 
0.542518 0.00629008 0.114272 0.00842381 0.00252075 0.0168899 0.309085 
0.634596 0.00657219 0.0944898 0.00713712 0.00300298 0.0144589 0.239743 
0.630458 0.00600507 0.101124 0.00836578 0.00187473 0.0134635 0.238709 
0.619569 0.0067683 0.0980157 0.0281693 0.00266133 0.0190996 0.225717 
0.666061 0.00604582 0.0952204 0.010434 0.00151556 0.0161408 0.204582 
0.687109 0.00585029 0.102837 0.0151086 0.00190005 0.0193103 0.167885 
0.558891 0.00625334 0.117251 0.00944338 0.0025929 0.0197651 0.285803 
0.526921 0.00690888 0.11336 0.00739103 0.002751 0.029353 0.313315 
0.589846 0.0065039 0.110263 0.0166107 0.0022853 0.0237128 0.250778 
0.63378 0.00704775 0.0967933 0.0081499 0.00289233 0.0241685 0.227168 
0.652945 0.0061518 0.0980714 0.00624581 0.00164678 0.0188856 0.216054 
0.661586 0.00538693 0.108887 0.0078496 0.00154073 0.017422 0.197328 
0.586593 0.00594232 0.109363 0.0104481 0.00256167 0.0192117 0.265881 
0.554274 0.00666521 0.116154 0.00783325 0.00328838 0.020366 0.29142 
0.167431 0.293046 0.0269999 0.304362 0.030413 0.144926 0.032822 
0.162341 0.247435 0.0237907 0.347217 0.04946 0.140381 0.0293743 
0.121174 0.224888 0.0177262 0.258918 0.0303944 0.321257 0.0256432 
0.14574 0.218804 0.0153022 0.257672 0.0390527 0.298713 0.024716 
0.116773 0.181953 0.012903 0.244269 0.0396222 0.383686 0.0207936 
0.113599 0.193116 0.0129822 0.255241 0.0420051 0.362375 0.0206818 
0.109068 0.164346 0.0129186 0.292963 0.0488791 0.350392 0.0214334 
0.11053 0.176007 0.0134387 0.319239 0.061055 0.299124 0.0206065 
0.106649 0.149843 0.0128346 0.383129 0.0812724 0.246103 0.0201701 
0.0816109 0.0901615 0.0123474 0.573558 0.0645128 0.158862 0.018947 
0.0695252 0.0454789 0.00920955 0.730414 0.0584671 0.0723138 0.0145917 
0.0524283 0.0430358 0.00727367 0.785471 0.0554914 0.0460067 0.0102929 
0.0687039 0.0656893 0.00947837 0.740654 0.0552782 0.0472891 0.0129074 
0.0825096 0.0932902 0.0122753 0.679252 0.0548246 0.0609949 0.0168533 
0.105163 0.142597 0.0168844 0.591697 0.041458 0.0795907 0.0226097 
0.120806 0.174546 0.0172131 0.536372 0.0401657 0.0870138 0.0238836 
0.0565821 0.0561625 0.00960399 0.736727 0.0221157 0.103579 0.0152291 
0.0648692 0.0624351 0.011604 0.693021 0.0256594 0.123706 0.0187057 
0.0630243 0.0800981 0.0133901 0.686775 0.0253612 0.111532 0.01982 
0.0759365 0.0839465 0.0151791 0.649125 0.0290233 0.122071 0.0247187 
0.0763455 0.0797643 0.0170408 0.584994 0.0310343 0.178886 0.0319351 
0.0829166 0.0796935 0.0140519 0.581353 0.0427693 0.171917 0.0272988 
0.0887445 0.0894811 0.0150801 0.577443 0.0355288 0.163748 0.0299737 
0.0830069 0.0935308 0.0160442 0.503415 0.0352155 0.237668 0.0311196 
0.141363 0.134386 0.0219703 0.460415 0.0429377 0.160285 0.038643 
0.103597 0.13825 0.0194707 0.459106 0.0442458 0.20329 0.0320405 
0.109288 0.124896 0.0186226 0.504148 0.0470293 0.164412 0.0316045 
0.104966 0.131686 0.0196391 0.478109 0.046318 0.187285 0.0319973 
0.123699 0.138496 0.0232659 0.439238 0.0448548 0.191425 0.0390215 
0.118572 0.143733 0.0228635 0.415504 0.0329437 0.228268 0.0381154 
0.10753 0.136425 0.0235031 0.465881 0.036556 0.193717 0.0363879 
0.106581 0.137968 0.0238062 0.384425 0.0345001 0.275255 0.0374646 
0.0993354 0.121511 0.0227253 0.553221 0.0338163 0.132803 0.0365882 
0.116206 0.115163 0.0241907 0.473714 0.0275656 0.20203 0.0411314 
0.145443 0.127325 0.0259248 0.390474 0.0342502 0.232284 0.0442992 
0.155045 0.120131 0.0261186 0.453295 0.0295817 0.170778 0.0450512 
0.150739 0.131866 0.0248014 0.408837 0.0289361 0.207964 0.0468565 
0.163389 0.120317 0.026488 0.416151 0.0255027 0.200445 0.0477082 
0.0972842 0.0993343 0.0214636 0.533782 0.026076 0.183909 0.0381504 
0.209452 0.113809 0.0245009 0.414453 0.0306467 0.160426 0.046713 
0.198176 0.122237 0.0269473 0.430749 0.0294916 0.14618 0.0462179 
0.328028 0.090888 0.0233342 0.357244 0.0181752 0.132339 0.0499915 
0.214532 0.0849486 0.0191254 0.475452 0.0393226 0.12506 0.0415599 
0.267648 0.049892 0.0156518 0.513431 0.01849 0.0960701 0.038817 
0.383403 0.0574364 0.0161472 0.360631 0.0302217 0.105638 0.0465231 
0.536905 0.0593546 0.0179033 0.241614 0.015909 0.0850733 0.0432411 
0.482155 0.0648488 0.0189211 0.213628 0.0179862 0.141252 0.0612094 
0.538673 0.0540021 0.0216097 0.214513 0.0144282 0.0939926 0.0627815 
0.600062 0.0468538 0.0206679 0.18501 0.0175203 0.0749083 0.0549768 
0.666868 0.0494347 0.0235938 0.133474 0.0100043 0.0616023 0.0550227 
0.648181 0.0622709 0.0186395 0.168135 0.0125981 0.051039 0.0391366 
0.669493 0.0569179 0.020304 0.150181 0.0113306 0.0484964 0.0432772 
0.677668 0.0506206 0.019226 0.160199 0.0128724 0.0382303 0.0411837 
0.773864 0.0557736 0.0209534 0.0598913 0.0106986 0.0388755 0.0399437 
0.763734 0.0412524 0.0234094 0.0750708 0.00863607 0.0403875 0.0475096 
0.790322 0.0276516 0.0296933 0.0556791 0.00869361 0.0321843 0.0557763 
0.763716 0.0224385 0.0342356 0.0805331 0.00822015 0.0318219 0.0590346 
0.835317 0.0165639 0.0281969 0.0210554 0.0050652 0.0360405 0.0577609 
0.830632 0.0246723 0.0264669 0.0161454 0.00755739 0.0379806 0.0565458 
0.810564 0.0252406 0.0283747 0.0285458 0.00507221 0.0449426 0.0572599 
0.784698 0.0351787 0.0239094 0.0687606 0.00958322 0.0362157 0.0416547 
0.811084 0.0237735 0.032727 0.0351746 0.00479136 0.0352015 0.0572482 
0.791104 0.0322509 0.0329846 0.0445906 0.00735497 0.0440387 0.0476758 
0.861375 0.0207838 0.0342241 0.0218021 0.00316788 0.0161498 0.0424975 
0.849553 0.0213113 0.0281261 0.0332439 0.00543987 0.0206711 0.0416545 
0.852655 0.0243633 0.0290953 0.0290065 0.00415224 0.0231008 0.0376267 
0.841759 0.0203423 0.0349568 0.034731 0.00330161 0.0245079 0.0404015 
0.846517 0.0222414 0.0350243 0.0311376 0.00299695 0.018741 0.0433415 
0.838065 0.0228586 0.031823 0.039781 0.00362651 0.0260328 0.0378127 
0.807395 0.0231508 0.0370879 0.0482801 0.00470004 0.0345283 0.0448575 
0.831403 0.0196604 0.0373388 0.0384934 0.00418903 0.0239694 0.0449459 
0.769641 0.0384351 0.0270292 0.0662924 0.0114837 0.040215 0.0469032 
0.770872 0.0192354 0.0385318 0.0254244 0.00444397 0.0418567 0.0996358 
0.777382 0.0231642 0.0367382 0.0302332 0.00648994 0.0382778 0.087715 
0.77577 0.0178716 0.0363632 0.0206945 0.00691276 0.0274534 0.114935 
0.810223 0.0210213 0.0345496 0.0183319 0.00385847 0.0214795 0.0905365 
0.810731 0.0190827 0.0372812 0.012458 0.00282733 0.020644 0.0969754 
0.786682 0.0198397 0.0373795 0.0351738 0.00375262 0.0277712 0.0894011 
0.788461 0.0176069 0.0455685 0.0252314 0.00266388 0.0353269 0.0851415 
0.838125 0.021655 0.0328894 0.0209398 0.00424354 0.0257918 0.0563554 
0.820782 0.0169245 0.0385545 0.0170767 0.0035317 0.0283693 0.0747615 
0.832442 0.0173104 0.0346421 0.0313556 0.00436925 0.0240509 0.0558297 
0.740928 0.0130046 0.0526092 0.0183386 0.00322388 0.0367335 0.135162 
0.773482 0.0149009 0.0492442 0.0313983 0.00490248 0.0451821 0.0808901 
0.770225 0.0133876 0.051123 0.0223331 0.0044713 0.0379277 0.100533 
0.712112 0.0151528 0.0563473 0.0276599 0.0066449 0.0527006 0.129382 
0.772537 0.0134533 0.0539638 0.0374335 0.00551307 0.0234282 0.0936711 
0.795983 0.0177636 0.0495409 0.0100435 0.0131212 0.0102245 0.103323 
0.794373 0.0445591 0.0216615 0.0229591 0.0278014 0.00183329 0.0868124 
0.873916 0.0223141 0.0232243 0.0341614 0.00581892 0.00695913 0.0336057 
0.869934 0.0304945 0.0182069 0.0407511 0.00611473 0.00878831 0.0257107 
0.845708 0.0551814 0.0166504 0.032675 0.0133654 0.00296517 0.0334543 
0.820074 0.0391745 0.0175562 0.0710477 0.0100122 0.00521218 0.0369233 
0.827692 0.0430757 0.0166097 0.0670932 0.013537 0.00474649 0.0272463 
0.788224 0.0544903 0.0165295 0.100452 0.014544 0.00638923 0.019371 
0.846714 0.0397993 0.0179779 0.0617651 0.00784073 0.00509478 0.0208083 
0.833101 0.0586483 0.0198313 0.039948 0.0129703 0.00620912 0.0292916 
0.810457 0.0473341 0.0173969 0.0744751 0.0153492 0.00982397 0.0251638 
0.804797 0.0529038 0.017858 0.0827491 0.0111304 0.00732638 0.0232359 
0.506771 0.00719075 0.115594 0.0309262 0.00983146 0.0104344 0.319252 
0.525051 0.00680166 0.109496 0.0427331 0.00889217 0.00882835 0.298198 
0.498851 0.00621518 0.111706 0.0411764 0.00814212 0.00785404 0.326055 
0.517942 0.00727726 0.115272 0.0410324 0.00844891 0.0137846 0.296242 
0.551114 0.00703314 0.102865 0.018456 0.00662623 0.013897 0.300009 
0.596604 0.00613981 0.105849 0.00816051 0.00423903 0.00975758 0.269251 
0.619504 0.00739179 0.0985104 0.0209036 0.00895063 0.0128871 0.231852 
0.673869 0.00634712 0.0821428 0.0101059 0.00666025 0.00685273 0.214022 
0.657016 0.00685877 0.0768354 0.0126033 0.00635663 0.00812248 0.232207 
0.755896 0.00756856 0.0644851 0.00790445 0.00252172 0.00352653 0.158098 
0.792869 0.00717134 0.0639417 0.0179842 0.00372662 0.00454855 0.109758 
0.748579 0.00663621 0.0654335 0.0201697 0.0035673 0.00395801 0.151657 
0.762259 0.00651991 0.06558 0.017032 0.00423122 0.00430566 0.140072 
0.735862 0.00629196 0.0709827 0.0128504 0.00277276 0.00438292 0.166857 
0.772826 0.00654189 0.0618561 0.018262 0.00336948 0.00472852 0.132416 
0.785745 0.00690761 0.0613868 0.021593 0.0043035 0.00419966 0.115865 
0.806354 0.00741646 0.0634364 0.0129961 0.0033741 0.00413136 0.102292 
0.772354 0.00718935 0.0615582 0.0155933 0.00383004 0.00395227 0.135522 
0.804716 0.00720247 0.0584338 0.011635 0.00457916 0.0042802 0.109154 
0.801158 0.00665 0.0614382 0.0107672 0.00399227 0.00394982 0.112044 
0.780639 0.00755637 0.0608305 0.0137813 0.00402026 0.00459568 0.128577 
0.720223 0.00791222 0.0638085 0.0105432 0.0028582 0.00416527 0.19049 
0.732431 0.00763653 0.0657948 0.00914008 0.00428839 0.00505574 0.175653 
0.707014 0.00798637 0.0648597 0.00797672 0.00315582 0.00603674 0.202971 
0.707213 0.00872792 0.0580308 0.00780396 0.00328324 0.0071533 0.207788 
0.707321 0.0103921 0.0548637 0.0063627 0.00373079 0.0069613 0.210369 
0.743387 0.0097918 0.0505484 0.00983509 0.0049591 0.00764454 0.173835 
0.745437 0.00987498 0.0546334 0.00714016 0.00287801 0.00690191 0.173134 
0.829403 0.0115877 0.0443271 0.0112682 0.00300314 0.00710923 0.0933013 
0.813313 0.0103081 0.0499217 0.00786752 0.00214563 0.00472763 0.111717 
0.801551 0.00942201 0.0532907 0.0157371 0.0024127 0.00715892 0.110427 
0.76941 0.00782218 0.0609487 0.0098106 0.00222694 0.00645925 0.143322 
0.807987 0.00769195 0.058784 0.012493 0.00250292 0.00622765 0.104314 
0.794845 0.00776381 0.0612989 0.0113275 0.00198188 0.00583743 0.116945 
0.750403 0.00848864 0.0624832 0.00862681 0.00263053 0.00868697 0.158681 
0.675518 0.00709075 0.0735586 0.0098757 0.00187629 0.0109902 0.221091 
0.609089 0.00630747 0.0876513 0.00396417 0.00166629 0.00981437 0.281507 
0.69307 0.00607777 0.0865955 0.00527763 0.001912 0.00867079 0.198397 
0.714422 0.006531 0.0863191 0.00395162 0.00174108 0.00715433 0.179881 
0.641274 0.00636625 0.102338 0.00319013 0.00177741 0.00845305 0.236601 
0.739434 0.00619597 0.0883585 0.00447583 0.0017043 0.00783592 0.151996 
0.779838 0.00600082 0.0795735 0.00549774 0.00140358 0.00801649 0.119669 
0.722772 0.00676281 0.082684 0.0048599 0.00215856 0.00949964 0.171263 
0.723134 0.00749398 0.0751163 0.00444495 0.00167397 0.010715 0.177421 
0.650051 0.00891843 0.0860454 0.00232707 0.00118115 0.00897581 0.242501 
0.750857 0.00757611 0.0783689 0.00519047 0.00122008 0.0104626 0.146325 
0.734433 0.00698571 0.0898697 0.00309199 0.00124594 0.00715621 0.157217 
0.766525 0.00637013 0.0874342 0.00442646 0.00176911 0.00815362 0.125322 
0.780917 0.00623857 0.0890462 0.00441013 0.00185212 0.00702883 0.110507 
0.782612 0.00663687 0.0809724 0.00448669 0.00190726 0.0120351 0.111349 
0.746467 0.0073399 0.0829171 0.00704586 0.00345536 0.0140755 0.1387 
0.741931 0.00655234 0.0883988 0.00672728 0.00285092 0.0161636 0.137376 
0.638329 0.00737244 0.0972253 0.0102234 0.00427972 0.0164635 0.226106 
0.579661 0.00618838 0.114937 0.0102376 0.00233884 0.0128999 0.273737 
0.642095 0.00616679 0.0991576 0.00983424 0.00314364 0.0140993 0.225504 
0.559953 0.00535051 0.122858 0.00738296 0.00230736 0.0108368 0.291311 
0.504287 0.00590202 0.119898 0.00604486 0.00276841 0.01224 0.34886 
0.542518 0.00629008 0.114272 0.00842381 0.00252075 0.0168899 0.309085 
0.634596 0.00657219 0.0944898 0.00713712 0.00300298 0.0144589 0.239743 
0.630458 0.00600507 0.101124 0.00836578 0.00187473 0.0134635 0.238709 
0.619569 0.0067683 0.0980157 0.0281693 0.00266133 0.0190996 0.225717 
0.666061 0.00604582 0.0952204 0.010434 0.00151556 0.0161408 0.204582 
0.687109 0.00585029 0.102837 0.0151086 0.00190005 0.0193103 0.167885 
0.558891 0.00625334 0.117251 0.00944338 0.0025929 0.0197651 0.285803 
0.526921 0.00690888 0.11336 0.00739103 0.002751 0.029353 0.313315 
0.589846 0.0065039 0.110263 0.0166107 0.0022853 0.0237128 0.250778 
0.63378 0.00704775 0.0967933 0.0081499 0.00289233 0.0241685 0.227168 
0.652945 0.0061518 0.0980714 0.00624581 0.00164678 0.0188856 0.216054 
0.661586 0.00538693 0.108887 0.0078496 0.00154073 0.017422 0.197328 
0.586593 0.00594232 0.109363 0.0104481 0.00256167 0.0192117 0.265881 
0.554274 0.00666521 0.116154 0.00783325 0.00328838 0.020366 0.29142 
0.18173 0.0836763 0.0228209 0.554613 0.0185601 0.105713 0.0328862 
0.217642 0.0705872 0.0205417 0.571698 0.0182471 0.0717081 0.0295757 
0.106156 0.0528403 0.020402 0.723507 0.0237419 0.0488755 0.0244772 
0.300845 0.0500661 0.0369578 0.35113 0.0301482 0.143846 0.0870081 
0.250948 0.0661736 0.0274744 0.423288 0.0202747 0.150292 0.0615487 
0.342094 0.0644345 0.0283884 0.332826 0.0194011 0.144931 0.0679256 
0.313018 0.067199 0.0236731 0.391227 0.0159534 0.130262 0.0586682 
0.312336 0.0698503 0.0227883 0.430875 0.0170252 0.0980358 0.0490901 
0.344793 0.0729372 0.0213396 0.399396 0.0210573 0.0954617 0.045015 
0.284735 0.0658815 0.0243377 0.417151 0.0244121 0.12406 0.0594232 
0.486826 0.0669705 0.0239088 0.267441 0.0242599 0.0800988 0.0504944 
0.371332 0.0478735 0.0156246 0.484337 0.0277896 0.0291645 0.0238793 
0.265218 0.0541353 0.0178046 0.57373 0.0170491 0.0409816 0.0310812 
0.349891 0.0357434 0.0213236 0.486821 0.0155533 0.0427415 0.0479263 
0.547444 0.038152 0.0252448 0.28053 0.0195276 0.0424944 0.0466074 
0.689792 0.032013 0.0251661 0.189239 0.0114935 0.0215571 0.0307387 
0.75207 0.0378001 0.0260512 0.0996512 0.0119838 0.0341495 0.0382946 
0.733215 0.0387261 0.0206326 0.138405 0.0125251 0.0255455 0.0309504 
0.712267 0.0362904 0.0252474 0.134093 0.012367 0.0321746 0.0475606 
0.716754 0.0443976 0.0236364 0.134887 0.0123818 0.0267959 0.0411474 
0.720249 0.0362358 0.029134 0.126078 0.00764191 0.0277072 0.0529537 
0.797191 0.0239526 0.037575 0.0444067 0.00446369 0.0242115 0.0681996 
0.768923 0.0333595 0.0360276 0.0708167 0.00489264 0.02712 0.0588604 
0.791064 0.0327724 0.0375484 0.0600616 0.0043889 0.0221778 0.0519869 
0.795152 0.0290311 0.0361374 0.0473514 0.0046483 0.0271888 0.060491 
0.800606 0.0375558 0.0309911 0.0542673 0.00519161 0.029697 0.0416913 
0.798848 0.0253339 0.0412565 0.0435892 0.00303292 0.0287946 0.0591451 
0.822477 0.0253846 0.0368823 0.0398629 0.00399755 0.0266498 0.0447455 
0.506771 0.00719075 0.115594 0.0309262 0.00983146 0.0104344 0.319252 
0.525051 0.00680166 0.109496 0.0427331 0.00889217 0.00882835 0.298198 
0.498851 0.00621518 0.111706 0.0411764 0.00814212 0.00785404 0.326055 
0.517942 0.00727726 0.115272 0.0410324 0.00844891 0.0137846 0.296242 
0.551114 0.00703314 0.102865 0.018456 0.00662623 0.013897 0.300009 
0.596604 0.00613981 0.105849 0.00816051 0.00423903 0.00975758 0.269251 
0.619504 0.00739179 0.0985104 0.0209036 0.00895063 0.0128871 0.231852 
0.673869 0.00634712 0.0821428 0.0101059 0.00666025 0.00685273 0.214022 
0.657016 0.00685877 0.0768354 0.0126033 0.00635663 0.00812248 0.232207 
0.755896 0.00756856 0.0644851 0.00790445 0.00252172 0.00352653 0.158098 
0.792869 0.00717134 0.0639417 0.0179842 0.00372662 0.00454855 0.109758 
0.748579 0.00663621 0.0654335 0.0201697 0.0035673 0.00395801 0.151657 
0.762259 0.00651991 0.06558 0.017032 0.00423122 0.00430566 0.140072 
0.735862 0.00629196 0.0709827 0.0128504 0.00277276 0.00438292 0.166857 
0.772826 0.00654189 0.0618561 0.018262 0.00336948 0.00472852 0.132416 
0.785745 0.00690761 0.0613868 0.021593 0.0043035 0.00419966 0.115865 
0.806354 0.00741646 0.0634364 0.0129961 0.0033741 0.00413136 0.102292 
0.772354 0.00718935 0.0615582 0.0155933 0.00383004 0.00395227 0.135522 
0.804716 0.00720247 0.0584338 0.011635 0.00457916 0.0042802 0.109154 
0.801158 0.00665 0.0614382 0.0107672 0.00399227 0.00394982 0.112044 
0.780639 0.00755637 0.0608305 0.0137813 0.00402026 0.00459568 0.128577 
0.720223 0.00791222 0.0638085 0.0105432 0.0028582 0.00416527 0.19049 
0.732431 0.00763653 0.0657948 0.00914008 0.00428839 0.00505574 0.175653 
0.707014 0.00798637 0.0648597 0.00797672 0.00315582 0.00603674 0.202971 
0.707213 0.00872792 0.0580308 0.00780396 0.00328324 0.0071533 0.207788 
0.707321 0.0103921 0.0548637 0.0063627 0.00373079 0.0069613 0.210369 
0.743387 0.0097918 0.0505484 0.00983509 0.0049591 0.00764454 0.173835 
0.745437 0.00987498 0.0546334 0.00714016 0.00287801 0.00690191 0.173134 
0.829403 0.0115877 0.0443271 0.0112682 0.00300314 0.00710923 0.0933013 
0.813313 0.0103081 0.0499217 0.00786752 0.00214563 0.00472763 0.111717 
0.801551 0.00942201 0.0532907 0.0157371 0.0024127 0.00715892 0.110427 
0.76941 0.00782218 0.0609487 0.0098106 0.00222694 0.00645925 0.143322 
0.807987 0.00769195 0.058784 0.012493 0.00250292 0.00622765 0.104314 
0.794845 0.00776381 0.0612989 0.0113275 0.00198188 0.00583743 0.116945 
0.750403 0.00848864 0.0624832 0.00862681 0.00263053 0.00868697 0.158681 
0.675518 0.00709075 0.0735586 0.0098757 0.00187629 0.0109902 0.221091 
0.609089 0.00630747 0.0876513 0.00396417 0.00166629 0.00981437 0.281507 
0.69307 0.00607777 0.0865955 0.00527763 0.001912 0.00867079 0.198397 
0.714422 0.006531 0.0863191 0.00395162 0.00174108 0.00715433 0.179881 
0.641274 0.00636625 0.102338 0.00319013 0.00177741 0.00845305 0.236601 
0.739434 0.00619597 0.0883585 0.00447583 0.0017043 0.00783592 0.151996 
0.779838 0.00600082 0.0795735 0.00549774 0.00140358 0.00801649 0.119669 
0.722772 0.00676281 0.082684 0.0048599 0.00215856 0.00949964 0.171263 
0.723134 0.00749398 0.0751163 0.00444495 0.00167397 0.010715 0.177421 
0.650051 0.00891843 0.0860454 0.00232707 0.00118115 0.00897581 0.242501 
0.750857 0.00757611 0.0783689 0.00519047 0.00122008 0.0104626 0.146325 
0.734433 0.00698571 0.0898697 0.00309199 0.00124594 0.00715621 0.157217 
0.766525 0.00637013 0.0874342 0.00442646 0.00176911 0.00815362 0.125322 
0.780917 0.00623857 0.0890462 0.00441013 0.00185212 0.00702883 0.110507 
0.782612 0.00663687 0.0809724 0.00448669 0.00190726 0.0120351 0.111349 
0.746467 0.0073399 0.0829171 0.00704586 0.00345536 0.0140755 0.1387 
0.741931 0.00655234 0.0883988 0.00672728 0.00285092 0.0161636 0.137376 
0.638329 0.00737244 0.0972253 0.0102234 0.00427972 0.0164635 0.226106 
0.579661 0.00618838 0.114937 0.0102376 0.00233884 0.0128999 0.273737 
0.642095 0.00616679 0.0991576 0.00983424 0.00314364 0.0140993 0.225504 
0.559953 0.00535051 0.122858 0.00738296 0.00230736 0.0108368 0.291311 
0.504287 0.00590202 0.119898 0.00604486 0.00276841 0.01224 0.34886 
0.542518 0.00629008 0.114272 0.00842381 0.00252075 0.0168899 0.309085 
0.634596 0.00657219 0.0944898 0.00713712 0.00300298 0.0144589 0.239743 
0.630458 0.00600507 0.101124 0.00836578 0.00187473 0.0134635 0.238709 
0.619569 0.0067683 0.0980157 0.0281693 0.00266133 0.0190996 0.225717 
0.666061 0.00604582 0.0952204 0.010434 0.00151556 0.0161408 0.204582 
0.687109 0.00585029 0.102837 0.0151086 0.00190005 0.0193103 0.167885 
0.558891 0.00625334 0.117251 0.00944338 0.0025929 0.0197651 0.285803 
0.526921 0.00690888 0.11336 0.00739103 0.002751 0.029353 0.313315 
0.589846 0.0065039 0.110263 0.0166107 0.0022853 0.0237128 0.250778 
0.63378 0.00704775 0.0967933 0.0081499 0.00289233 0.0241685 0.227168 
0.652945 0.0061518 0.0980714 0.00624581 0.00164678 0.0188856 0.216054 
0.661586 0.00538693 0.108887 0.0078496 0.00154073 0.017422 0.197328 
0.586593 0.00594232 0.109363 0.0104481 0.00256167 0.0192117 0.265881 
0.554274 0.00666521 0.116154 0.00783325 0.00328838 0.020366 0.29142 
0.764197 0.0103536 0.0538087 0.011447 0.00544634 0.00568787 0.149059 
0.778924 0.014363 0.0469067 0.010834 0.00860002 0.00660688 0.133765 
0.792411 0.0133222 0.0485837 0.0120052 0.00719611 0.00713571 0.119346 
0.827963 0.0153613 0.0398859 0.0151577 0.00672533 0.00722771 0.0876788 
0.829551 0.0149617 0.0433287 0.0123435 0.00698973 0.00864159 0.0841836 
0.820789 0.0150079 0.044694 0.00996072 0.00633871 0.0100578 0.0931516 
0.747591 0.0127901 0.0586976 0.00820058 0.00721592 0.00898688 0.156518 
0.680432 0.0101456 0.0743481 0.00639899 0.00499731 0.0106116 0.213066 
0.606846 0.0106228 0.0729915 0.00545753 0.00534117 0.00950969 0.289231 
0.67799 0.0113985 0.0663911 0.00499865 0.00538712 0.00844672 0.225388 
0.70635 0.0107408 0.0646653 0.00519336 0.00374641 0.00993678 0.199368 
0.659231 0.0101357 0.0663577 0.00543667 0.00458266 0.0109418 0.243314 
0.714635 0.0107071 0.0678925 0.00946267 0.00748362 0.0120511 0.177767 
0.720272 0.0100038 0.0644359 0.00793333 0.00679921 0.0108056 0.17975 
0.616054 0.00901599 0.0783493 0.00794355 0.009654 0.013438 0.265545 
0.605761 0.00962608 0.0817542 0.00654277 0.00963584 0.00992187 0.276759 
0.700385 0.00730945 0.0759063 0.0104336 0.00800778 0.0068876 0.19107 
0.684789 0.00916544 0.0784959 0.00695765 0.0130436 0.0119842 0.195564 
0.641941 0.00760213 0.0858773 0.00526739 0.00694414 0.00794526 0.244422 
0.692599 0.0089516 0.0730569 0.00690926 0.00715889 0.00803819 0.203286 
0.624559 0.00974312 0.0828508 0.00563902 0.0121953 0.00805489 0.256958 
0.657627 0.00828876 0.0884563 0.00478462 0.00582398 0.00794597 0.227073 
0.553338 0.00824632 0.0984974 0.00523617 0.00636649 0.0099039 0.318411 
0.53094 0.00813241 0.103858 0.00268853 0.00277366 0.0115378 0.34007 
0.674518 0.00966483 0.0743467 0.00774101 0.00760554 0.0091588 0.216965 
0.440403 0.00702561 0.110852 0.00248324 0.00222897 0.01068 0.426327 
0.584599 0.00907148 0.0845648 0.00492608 0.00560738 0.012236 0.298996 
0.410985 0.00743229 0.106324 0.00259931 0.00275175 0.0113342 0.458573 
0.528108 0.00892219 0.0962389 0.00393074 0.00536964 0.0114423 0.345988 
0.383477 0.00761279 0.106244 0.00323595 0.00480896 0.00989358 0.484728 
0.500413 0.00799698 0.101538 0.0043298 0.00374408 0.00936224 0.372616 
0.475278 0.00712564 0.106065 0.0030814 0.00290719 0.0103806 0.395162 
0.461289 0.00809006 0.0995817 0.00417382 0.00441489 0.0111845 0.411266 
0.39378 0.00823197 0.110834 0.00394607 0.00569088 0.0146917 0.462825 
0.377573 0.00871333 0.128199 0.00366084 0.00592907 0.0174545 0.45847 
0.465114 0.00804999 0.115506 0.00296691 0.00238326 0.0150821 0.390898 
0.473888 0.00881797 0.110447 0.00296118 0.0028289 0.0173164 0.383741 
0.458455 0.00832198 0.113195 0.00294487 0.00312951 0.0149092 0.399044 
0.392155 0.0079111 0.108987 0.00278987 0.00220794 0.0146861 0.471264 
0.547049 0.00754565 0.0947711 0.00324269 0.00245162 0.0119781 0.332961 
0.386685 0.00700815 0.114314 0.00367168 0.00255094 0.0147097 0.471061 
0.506487 0.00695726 0.114715 0.00319604 0.00273169 0.01333 0.352583 
