0.595808 0.0161632 0.0266765 0.318295 0.0101951 0.00180523 0.0310565 
0.544662 0.0111855 0.0317764 0.37238 0.0100548 0.00140528 0.0285359 
0.631746 0.0116639 0.0264537 0.29407 0.0119092 0.00156097 0.0225966 
0.72747 0.0142693 0.0310827 0.182684 0.0101833 0.00137207 0.0329386 
0.774024 0.0110967 0.0318791 0.118512 0.0182218 0.00168169 0.0445846 
0.740009 0.0157794 0.0284033 0.147898 0.0163961 0.0017461 0.0497681 
0.743798 0.0251822 0.0207219 0.175583 0.0135901 0.00217784 0.0189471 
0.618529 0.0197519 0.0203085 0.302994 0.0138198 0.00206976 0.0225272 
0.745012 0.0231196 0.0238515 0.171701 0.00977219 0.00194434 0.024599 
0.734812 0.0181093 0.0263208 0.18438 0.0114361 0.00126551 0.0236758 
0.67403 0.021373 0.0306348 0.231101 0.00760886 0.00151375 0.0337383 
0.776618 0.0245244 0.0269915 0.127464 0.00854765 0.00214884 0.0337053 
0.756611 0.0142303 0.0364625 0.156792 0.00725629 0.00155114 0.0270968 
0.724972 0.00997553 0.053102 0.179069 0.00378554 0.00133592 0.0277598 
0.655567 0.0129054 0.0342925 0.274398 0.00522081 9.25643E-4 0.0166905 
0.707958 0.0128903 0.0524652 0.185847 0.00347242 0.00105116 0.036316 
0.686765 0.0158685 0.0315447 0.231933 0.00790062 0.00146655 0.0245216 
0.659072 0.0159292 0.0279977 0.266179 0.00887563 0.00140007 0.0205461 
0.71875 0.0206003 0.0268296 0.197465 0.0113566 0.00176176 0.0232366 
0.697212 0.0273989 0.0201689 0.225095 0.0132709 0.00162216 0.0152328 
0.776774 0.0189469 0.0222926 0.148743 0.0146848 0.00145914 0.0170999 
0.731 0.013117 0.0297382 0.181701 0.0130355 0.00176034 0.0296478 
0.764561 0.0125757 0.0290259 0.145287 0.0140947 0.00166586 0.0327896 
0.731615 0.0170117 0.0248537 0.195049 0.0122631 0.00149782 0.0177099 
0.680946 0.0216824 0.024031 0.236555 0.0121876 0.00175317 0.0228441 
0.76118 0.02484 0.0284322 0.143228 0.00919006 0.00139528 0.0317335 
0.776086 0.0237697 0.0441414 0.109382 0.00441013 0.001278 0.0409324 
0.722015 0.02094 0.0382794 0.176273 0.00646295 9.9444E-4 0.0350348 
0.699088 0.0155008 0.0398801 0.190822 0.00744669 0.00142702 0.0458356 
0.508604 0.0097308 0.030016 0.412465 0.0121412 0.00164785 0.0253949 
0.736832 0.010228 0.0393329 0.166931 0.00908297 0.00169525 0.0358978 
0.753514 0.0108139 0.0425728 0.147698 0.00591603 0.00184755 0.0376381 
0.770273 0.0135203 0.0363708 0.128112 0.00903705 0.0024304 0.0402563 
0.767755 0.00923702 0.0509576 0.122744 0.0108173 0.00168719 0.0368015 
0.615711 0.00792854 0.0356029 0.299128 0.0125902 0.00168785 0.0273513 
0.640536 0.0084924 0.0306502 0.281202 0.0107557 0.00247664 0.0258872 
0.61686 0.00817021 0.0389847 0.280381 0.010226 0.0025082 0.0428702 
0.669504 0.0086375 0.0423447 0.233521 0.00816991 0.00152452 0.0362981 
0.607086 0.00879201 0.0350269 0.294661 0.0123667 0.0017659 0.0403015 
0.766478 0.00896544 0.0444368 0.132434 0.00621723 0.00150592 0.0399627 
0.635116 0.0103696 0.0299686 0.286464 0.00985106 0.00135893 0.0268723 
0.630476 0.00866335 0.0268123 0.306644 0.0112146 0.0016104 0.0145797 
0.557979 0.00893569 0.0207443 0.382763 0.014217 0.00152733 0.0138331 
0.623935 0.0125687 0.0219225 0.294759 0.0287082 0.00154016 0.0165663 
0.577624 0.0138381 0.0246444 0.344481 0.0146425 0.00172699 0.0230428 
0.56428 0.0125327 0.0278051 0.355058 0.0136767 0.00139235 0.0252552 
0.655868 0.015193 0.0248289 0.256022 0.0192792 0.00188615 0.0269229 
0.644635 0.0126573 0.0287182 0.270734 0.0151009 0.0017635 0.0263912 
0.528023 0.0136249 0.0194819 0.404893 0.0160517 0.00194786 0.0159774 
0.521755 0.0115424 0.0187197 0.40688 0.0232302 0.00188172 0.0159909 
0.456151 0.00973395 0.0171877 0.4828 0.0202732 0.00157847 0.0122756 
0.545559 0.00836825 0.0258129 0.389512 0.0150539 0.00121281 0.0144817 
0.571897 0.0132357 0.0211162 0.366066 0.0162789 0.0011176 0.0102886 
0.488342 0.0132227 0.020361 0.451656 0.0122028 0.00121719 0.0129989 
0.632844 0.0113224 0.0427065 0.273462 0.0061917 0.00129187 0.0321813 
0.562797 0.0142964 0.0293842 0.355203 0.0108517 0.00113507 0.0263323 
0.584402 0.0126061 0.0336899 0.336456 0.0054677 9.81093E-4 0.0263971 
0.499845 0.0101881 0.0335586 0.426071 0.00758231 0.00108698 0.021668 
0.45996 0.00932445 0.0301153 0.478668 0.00539601 0.00113309 0.0154038 
0.55389 0.00959464 0.0338093 0.376124 0.0071693 0.00115579 0.0182564 
0.51556 0.00872925 0.0303158 0.412322 0.00981649 9.89471E-4 0.0222667 
0.554025 0.00932477 0.0283443 0.373199 0.0108274 0.00121496 0.0230651 
0.501187 0.00968547 0.0396609 0.414379 0.00710349 0.00153641 0.026448 
0.597161 0.0107918 0.0314577 0.325243 0.00983475 0.00187275 0.023639 
0.57305 0.0119188 0.0209637 0.366438 0.0121254 0.00154348 0.0139605 
0.667679 0.015696 0.0200888 0.255817 0.0218907 0.00220219 0.0166266 
0.56915 0.0124531 0.0214961 0.356582 0.0236868 0.00189173 0.0147403 
0.6514 0.0192775 0.0183877 0.267823 0.0261979 0.00166729 0.0152471 
0.507163 0.0218865 0.0163776 0.418163 0.0192488 0.00173829 0.0154223 
0.602981 0.0258016 0.0203158 0.317088 0.0109786 0.00202257 0.020813 
0.59817 0.0239982 0.024867 0.315582 0.0106936 0.00159972 0.0250896 
0.614849 0.0175866 0.0267265 0.306395 0.0102717 0.00134468 0.0228272 
0.488028 0.0128711 0.0198432 0.44487 0.016484 0.00156774 0.0163352 
0.516816 0.0207418 0.0225777 0.40792 0.0115569 0.00117995 0.0192079 
0.63634 0.0197815 0.0358227 0.275955 0.00657855 0.00129269 0.0242298 
0.647325 0.0198166 0.0226501 0.274096 0.0169656 0.00205093 0.017096 
0.620329 0.0215051 0.0202009 0.30247 0.0174607 0.00251947 0.0155144 
0.682519 0.0143453 0.0284761 0.242584 0.0130995 0.00157304 0.017403 
0.603766 0.0146747 0.0209093 0.330659 0.0164162 0.00146301 0.0121124 
0.577256 0.0120464 0.0223683 0.353065 0.0194352 0.00162179 0.0142073 
0.568354 0.010674 0.0232473 0.365686 0.0161016 0.00172105 0.014216 
0.614136 0.0101231 0.0227699 0.318533 0.0206377 0.00177281 0.0120277 
0.542038 0.00927933 0.023478 0.391295 0.0177128 0.00182339 0.0143731 
0.517757 0.00900205 0.0249498 0.422536 0.0126894 0.00165706 0.0114086 
0.534094 0.0140525 0.0184064 0.390493 0.0254405 0.00233011 0.0151834 
0.563218 0.0134136 0.0205626 0.35689 0.027808 0.00220948 0.0158991 
0.580924 0.0203845 0.0187119 0.330644 0.0310955 0.00259239 0.015648 
0.704779 0.0159135 0.0297794 0.189898 0.0237559 0.00267332 0.0332005 
0.632546 0.031822 0.0194109 0.26129 0.0333207 0.00223498 0.0193751 
0.593109 0.0209459 0.0198108 0.329074 0.0194939 0.00177365 0.0157926 
0.712106 0.0260231 0.0239441 0.191861 0.0191946 0.00179343 0.025078 
0.720989 0.0206696 0.0341209 0.171086 0.00770568 0.00138963 0.0440392 
0.69658 0.0238687 0.031935 0.193732 0.0114096 0.00166239 0.0408124 
0.678477 0.0191857 0.0370532 0.195118 0.00887926 0.00143991 0.0598468 
0.586871 0.0147838 0.0433088 0.259722 0.00764919 0.0013733 0.086292 
0.626663 0.0147002 0.0468159 0.242481 0.00587699 0.00146551 0.061998 
0.486955 0.0127485 0.0337569 0.41488 0.00658622 0.0014322 0.043641 
0.545852 0.0135229 0.0262729 0.368404 0.0109172 0.00149948 0.0335317 
0.477973 0.0162147 0.030752 0.437229 0.0066694 0.0014862 0.0296758 
0.465851 0.0153497 0.0287653 0.458218 0.00610933 9.63495E-4 0.0247432 
0.458847 0.0162707 0.0209477 0.472865 0.00785338 0.00130671 0.0219095 
0.618781 0.0162485 0.0234072 0.308939 0.0115648 0.00125673 0.0198033 
0.669508 0.0180988 0.0268965 0.240044 0.0102381 0.00129982 0.0339149 
0.716653 0.0239595 0.0242779 0.185645 0.0162206 0.00152937 0.0317144 
0.697915 0.0282126 0.0221753 0.210902 0.0157048 0.00160889 0.023482 
0.757959 0.0353444 0.0208174 0.150413 0.0160308 0.00188825 0.0175471 
0.705881 0.0448448 0.0208959 0.188805 0.0145367 0.0021654 0.0228709 
0.741479 0.0387801 0.0186901 0.157291 0.0164608 0.00181222 0.0254871 
0.772534 0.0446799 0.0254232 0.109812 0.00851186 0.00225956 0.0367796 
0.648744 0.0344446 0.027939 0.239836 0.00751638 0.00156441 0.0399551 
0.573036 0.0337294 0.018482 0.331551 0.0202452 0.00146281 0.021494 
0.687728 0.0402321 0.0216768 0.201766 0.0193243 0.00155226 0.0277205 
0.741228 0.0450662 0.0225226 0.13478 0.0176793 0.00211965 0.0366034 
0.732527 0.0451773 0.0225443 0.145158 0.0213421 0.0024685 0.0307827 
0.726369 0.0313342 0.0207409 0.172312 0.021446 0.00156469 0.0262332 
0.708706 0.0352887 0.0260403 0.192318 0.0106931 0.00120756 0.0257464 
0.754129 0.0461409 0.0224743 0.131965 0.0126816 0.00229192 0.0303165 
0.736659 0.0417517 0.021322 0.152494 0.0202845 0.00228263 0.0252062 
0.61195 0.0194821 0.0326615 0.29312 0.00883659 0.00114866 0.0328015 
0.721644 0.0243136 0.0421955 0.140078 0.00640219 0.00122435 0.0641423 
0.635656 0.027542 0.0322192 0.260028 0.0068404 0.00116678 0.0365479 
0.638095 0.0212778 0.0326282 0.265091 0.00787854 0.00135251 0.033677 
0.741791 0.0368069 0.0290066 0.137652 0.0094676 0.00197495 0.0433013 
0.652108 0.0249613 0.0298826 0.25012 0.00827552 0.00158417 0.0330689 
0.686967 0.019972 0.0366774 0.214913 0.00669952 0.0010366 0.0337353 
0.616472 0.0212284 0.0275929 0.292912 0.0130515 0.00151382 0.0272292 
0.679868 0.0236389 0.0291124 0.219482 0.00885345 0.0015178 0.0375276 
0.62691 0.0215976 0.0242309 0.2975 0.00889484 0.00106393 0.0198031 
0.710738 0.0218704 0.0265052 0.209274 0.00974414 0.00119474 0.0206733 
0.606573 0.0268143 0.0202476 0.314384 0.0136535 0.0012744 0.0170531 
0.643244 0.0319489 0.0267572 0.267624 0.00782399 0.00114694 0.0214551 
0.619491 0.0244834 0.0195288 0.299398 0.0205014 0.00116293 0.0154346 
0.679804 0.0301194 0.0209151 0.228601 0.0194533 0.00193582 0.0191708 
0.699235 0.028296 0.0222069 0.208577 0.0168121 0.00162039 0.0232524 
0.63578 0.0188718 0.0434366 0.25412 0.00492157 0.00102919 0.0418407 
0.611382 0.0213863 0.0329319 0.298007 0.00720493 0.00115567 0.027932 
0.685613 0.0224795 0.0339546 0.21786 0.00659015 0.0011926 0.0323096 
0.636552 0.0213268 0.0379828 0.25875 0.00586427 0.00134411 0.0381799 
0.639016 0.0243892 0.0291073 0.269725 0.0101411 0.00140988 0.0262118 
0.654937 0.022821 0.0317266 0.253664 0.00944619 0.00167253 0.0257321 
0.674432 0.0224305 0.0299171 0.228663 0.00958528 0.00188677 0.0330852 
0.600628 0.0209308 0.0224556 0.309487 0.0183665 0.00150906 0.0266233 
0.64971 0.0238718 0.0333753 0.246119 0.00869745 0.00154521 0.0366818 
0.659481 0.0189842 0.0377093 0.227467 0.00914711 0.0013255 0.0458859 
0.633037 0.0266887 0.0274619 0.274242 0.0104801 0.00160787 0.0264818 
0.662578 0.0284816 0.0301862 0.214829 0.0177588 0.00191754 0.044249 
0.620585 0.0254051 0.0369965 0.25812 0.00968485 0.00166279 0.0475463 
0.569297 0.0257422 0.0268312 0.330165 0.0109032 0.00135765 0.0357044 
0.704846 0.0147401 0.0235851 0.200708 0.0256772 0.00129699 0.0291466 
0.650164 0.0219339 0.0218503 0.238601 0.0288169 0.00191169 0.036722 
0.579467 0.0146855 0.0227316 0.32264 0.0269938 0.00179786 0.0316846 
0.600451 0.0185525 0.0201465 0.309217 0.0288742 0.00178254 0.0209766 
0.625518 0.0150198 0.0357269 0.274562 0.0106605 0.00153897 0.0369737 
0.561126 0.0164547 0.032219 0.336324 0.0116985 0.00169075 0.0404873 
0.639223 0.0217766 0.0322197 0.249306 0.011368 0.0014556 0.0446516 
0.724778 0.015465 0.0349838 0.172031 0.00985121 0.00133379 0.0415574 
0.654538 0.0132049 0.0408957 0.22955 0.0101413 0.0013184 0.0503517 
0.684446 0.0132812 0.0299162 0.234346 0.0106226 0.00138119 0.0260074 
0.642796 0.0179402 0.0284503 0.266567 0.010414 0.00157835 0.0322537 
0.635738 0.0259715 0.0268128 0.264281 0.0113172 0.00181313 0.0340666 
0.531116 0.0262736 0.0177684 0.389283 0.0154813 0.00182776 0.0182506 
0.622558 0.0211427 0.0250123 0.286563 0.0119787 0.00147763 0.0312674 
0.611958 0.0214431 0.0196508 0.310339 0.0141251 0.00135326 0.0211304 
0.574049 0.0186318 0.0172312 0.354879 0.0150222 0.00102171 0.0191647 
0.621422 0.0213741 0.0231673 0.286361 0.0127533 0.00181604 0.033106 
0.58393 0.0234909 0.0211333 0.339788 0.0103037 0.00178677 0.0195668 
0.677563 0.0219755 0.0281332 0.213211 0.015165 0.00183301 0.04212 
0.673807 0.0220599 0.02975 0.230287 0.00895348 0.00171857 0.033424 
0.634404 0.0167918 0.0306932 0.255666 0.0146792 0.00219406 0.0455717 
0.653753 0.0159963 0.035294 0.24238 0.00952983 0.00119546 0.0418514 
0.587934 0.0175053 0.0328156 0.301617 0.0151288 0.00139051 0.0436086 
0.55671 0.0155567 0.0299911 0.343091 0.0142656 0.00134656 0.0390384 
0.541029 0.0132822 0.025701 0.372809 0.0158057 0.00129308 0.03008 
0.529025 0.0106759 0.0277933 0.391351 0.0138824 9.95004E-4 0.026278 
0.502361 0.0145598 0.0220567 0.420665 0.0141303 0.00120287 0.025025 
0.580667 0.0205813 0.0237911 0.336661 0.00965045 0.00178232 0.0268668 
0.597419 0.0168867 0.0261303 0.331333 0.00907252 0.00116696 0.0179922 
0.660508 0.0196068 0.0260192 0.260485 0.0100902 0.00147559 0.021815 
0.680912 0.0148515 0.0252595 0.248746 0.0120916 0.00115426 0.0169846 
0.665321 0.0293669 0.0191912 0.239748 0.0245068 0.00182652 0.0200398 
0.536832 0.0168663 0.0198026 0.389828 0.0166025 0.00124026 0.0188288 
0.679821 0.0173122 0.0346143 0.222981 0.00896617 0.00105312 0.0352526 
0.642962 0.0185001 0.0273322 0.262246 0.0146994 0.00115417 0.0331063 
0.697429 0.024858 0.0235694 0.213279 0.0136067 0.00174995 0.0255073 
0.607913 0.0246842 0.0179259 0.306363 0.021587 0.0021847 0.0193417 
0.594503 0.0161176 0.0268956 0.338145 0.00812163 9.55572E-4 0.0152611 
0.482343 0.015757 0.0213575 0.442301 0.0151305 0.00152088 0.0215894 
0.692274 0.0162446 0.0288306 0.225822 0.0105352 0.00138452 0.0249083 
0.654353 0.0272683 0.01745 0.254307 0.0303398 0.00177616 0.0145057 
0.583178 0.0163271 0.035343 0.339427 0.00641475 8.80258E-4 0.01843 
0.50641 0.0138003 0.0241408 0.432985 0.00770497 8.6331E-4 0.0140961 
0.518065 0.0126044 0.0252393 0.414597 0.0107753 9.02494E-4 0.0178164 
0.62027 0.0166162 0.029433 0.286919 0.0152568 0.00146321 0.0300418 
0.652172 0.0200421 0.0195159 0.269148 0.0222325 0.00113271 0.0157564 
0.622769 0.0144432 0.030602 0.29562 0.00963383 0.0010089 0.0259227 
0.59129 0.0136717 0.0240083 0.336236 0.011096 0.00135249 0.0223457 
0.658613 0.0152323 0.0288544 0.251575 0.0132489 0.00137247 0.0311042 
0.583699 0.0134682 0.0242578 0.345694 0.0121576 0.00108958 0.0196338 
0.560208 0.0218756 0.018512 0.371252 0.0127333 0.00157914 0.0138403 
0.612011 0.0131572 0.0316181 0.306886 0.0111383 0.00107231 0.0241169 
0.674389 0.0147958 0.0313844 0.22233 0.0174874 0.00167102 0.0379421 
0.696003 0.0257309 0.0247067 0.222998 0.0112158 0.00159159 0.0177538 
0.683973 0.0264459 0.029305 0.222744 0.00975098 0.00157225 0.0262093 
0.620036 0.0213013 0.0324443 0.288631 0.00930792 0.00127094 0.0270093 
0.690288 0.0163464 0.0308926 0.215444 0.0151592 0.00131778 0.030552 
0.5373 0.0140592 0.025652 0.388822 0.0112459 0.00106567 0.0218556 
0.631513 0.0147924 0.0300733 0.289419 0.0100435 0.00119471 0.0229638 
0.605354 0.0223254 0.0195129 0.309317 0.0228646 0.00163683 0.0189892 
0.623745 0.0202007 0.0253222 0.290073 0.0118252 0.00153618 0.027298 
0.593278 0.0168131 0.0340447 0.322097 0.00644698 0.00123397 0.0260858 
0.540076 0.0160007 0.032663 0.377725 0.00617464 0.00112884 0.026232 
0.543506 0.0144858 0.0547486 0.330611 0.00473375 0.0012382 0.0506763 
0.514922 0.0205545 0.0229083 0.407522 0.0114182 0.00149184 0.0211828 
0.610928 0.0153362 0.0347306 0.303733 0.00933226 0.00120088 0.0247395 
0.613803 0.0178029 0.0436525 0.28066 0.00716716 0.00132291 0.0355913 
0.687366 0.0156193 0.0395442 0.197589 0.0112065 0.0012669 0.0474081 
0.629815 0.0147995 0.0246103 0.276264 0.0246039 0.00119709 0.0287097 
0.587595 0.0139678 0.022992 0.327834 0.0236796 0.00133308 0.0225987 
0.595742 0.0149237 0.0262969 0.320569 0.0188964 0.00134154 0.0222301 
0.531101 0.0174573 0.0249786 0.396227 0.0112921 0.00102406 0.0179199 
0.521871 0.0135852 0.0242822 0.40526 0.0123898 0.00106747 0.021544 
0.582822 0.0176655 0.025575 0.341145 0.0105125 0.00110432 0.0211763 
0.638464 0.0240438 0.0215715 0.281142 0.0156764 0.00137116 0.0177308 
0.503169 0.0164398 0.0250879 0.424447 0.00901901 8.83684E-4 0.0209535 
0.435524 0.0122537 0.0260725 0.494116 0.00937922 0.00130242 0.0213519 
0.493962 0.0156389 0.0223758 0.422238 0.0192899 0.00148411 0.0250109 
0.453139 0.0139622 0.0268815 0.471301 0.0107843 0.00105447 0.0228776 
0.513186 0.0143273 0.0249978 0.416568 0.0110882 9.32586E-4 0.0189008 
0.536235 0.024057 0.0201978 0.379198 0.0200656 0.00179685 0.0184502 
0.563902 0.0178232 0.0291645 0.3528 0.00942123 0.00139957 0.0254889 
0.483638 0.0176277 0.0254496 0.438431 0.0103804 0.00125256 0.0232209 
0.512929 0.0156296 0.0217554 0.410702 0.0187809 0.00131832 0.0188847 
0.536358 0.0255788 0.0188308 0.383798 0.017134 0.0016898 0.0166107 
0.526299 0.0194278 0.021765 0.395852 0.0126323 0.00157492 0.0224491 
0.401318 0.0193538 0.0180978 0.537939 0.00866827 0.00118342 0.0134404 
0.480521 0.0229256 0.0187125 0.447309 0.0110582 0.00130601 0.0181673 
0.543615 0.0190718 0.0202532 0.389456 0.0127884 0.0010911 0.0137239 
0.559264 0.0218338 0.0236317 0.361002 0.0109334 0.001115 0.0222198 
0.704846 0.0147401 0.0235851 0.200708 0.0256772 0.00129699 0.0291466 
0.650164 0.0219339 0.0218503 0.238601 0.0288169 0.00191169 0.036722 
0.579467 0.0146855 0.0227316 0.32264 0.0269938 0.00179786 0.0316846 
0.600451 0.0185525 0.0201465 0.309217 0.0288742 0.00178254 0.0209766 
0.625518 0.0150198 0.0357269 0.274562 0.0106605 0.00153897 0.0369737 
0.561126 0.0164547 0.032219 0.336324 0.0116985 0.00169075 0.0404873 
0.639223 0.0217766 0.0322197 0.249306 0.011368 0.0014556 0.0446516 
0.724778 0.015465 0.0349838 0.172031 0.00985121 0.00133379 0.0415574 
0.654538 0.0132049 0.0408957 0.22955 0.0101413 0.0013184 0.0503517 
0.684446 0.0132812 0.0299162 0.234346 0.0106226 0.00138119 0.0260074 
0.642796 0.0179402 0.0284503 0.266567 0.010414 0.00157835 0.0322537 
0.635738 0.0259715 0.0268128 0.264281 0.0113172 0.00181313 0.0340666 
0.531116 0.0262736 0.0177684 0.389283 0.0154813 0.00182776 0.0182506 
0.622558 0.0211427 0.0250123 0.286563 0.0119787 0.00147763 0.0312674 
0.611958 0.0214431 0.0196508 0.310339 0.0141251 0.00135326 0.0211304 
0.574049 0.0186318 0.0172312 0.354879 0.0150222 0.00102171 0.0191647 
0.621422 0.0213741 0.0231673 0.286361 0.0127533 0.00181604 0.033106 
0.58393 0.0234909 0.0211333 0.339788 0.0103037 0.00178677 0.0195668 
0.677563 0.0219755 0.0281332 0.213211 0.015165 0.00183301 0.04212 
0.673807 0.0220599 0.02975 0.230287 0.00895348 0.00171857 0.033424 
0.634404 0.0167918 0.0306932 0.255666 0.0146792 0.00219406 0.0455717 
0.653753 0.0159963 0.035294 0.24238 0.00952983 0.00119546 0.0418514 
0.587934 0.0175053 0.0328156 0.301617 0.0151288 0.00139051 0.0436086 
0.55671 0.0155567 0.0299911 0.343091 0.0142656 0.00134656 0.0390384 
0.541029 0.0132822 0.025701 0.372809 0.0158057 0.00129308 0.03008 
0.529025 0.0106759 0.0277933 0.391351 0.0138824 9.95004E-4 0.026278 
0.502361 0.0145598 0.0220567 0.420665 0.0141303 0.00120287 0.025025 
0.580667 0.0205813 0.0237911 0.336661 0.00965045 0.00178232 0.0268668 
0.597419 0.0168867 0.0261303 0.331333 0.00907252 0.00116696 0.0179922 
0.660508 0.0196068 0.0260192 0.260485 0.0100902 0.00147559 0.021815 
0.680912 0.0148515 0.0252595 0.248746 0.0120916 0.00115426 0.0169846 
0.665321 0.0293669 0.0191912 0.239748 0.0245068 0.00182652 0.0200398 
0.536832 0.0168663 0.0198026 0.389828 0.0166025 0.00124026 0.0188288 
0.679821 0.0173122 0.0346143 0.222981 0.00896617 0.00105312 0.0352526 
0.642962 0.0185001 0.0273322 0.262246 0.0146994 0.00115417 0.0331063 
0.697429 0.024858 0.0235694 0.213279 0.0136067 0.00174995 0.0255073 
0.607913 0.0246842 0.0179259 0.306363 0.021587 0.0021847 0.0193417 
0.594503 0.0161176 0.0268956 0.338145 0.00812163 9.55572E-4 0.0152611 
0.482343 0.015757 0.0213575 0.442301 0.0151305 0.00152088 0.0215894 
0.692274 0.0162446 0.0288306 0.225822 0.0105352 0.00138452 0.0249083 
0.654353 0.0272683 0.01745 0.254307 0.0303398 0.00177616 0.0145057 
0.583178 0.0163271 0.035343 0.339427 0.00641475 8.80258E-4 0.01843 
0.50641 0.0138003 0.0241408 0.432985 0.00770497 8.6331E-4 0.0140961 
0.518065 0.0126044 0.0252393 0.414597 0.0107753 9.02494E-4 0.0178164 
0.62027 0.0166162 0.029433 0.286919 0.0152568 0.00146321 0.0300418 
0.652172 0.0200421 0.0195159 0.269148 0.0222325 0.00113271 0.0157564 
0.622769 0.0144432 0.030602 0.29562 0.00963383 0.0010089 0.0259227 
0.59129 0.0136717 0.0240083 0.336236 0.011096 0.00135249 0.0223457 
0.658613 0.0152323 0.0288544 0.251575 0.0132489 0.00137247 0.0311042 
0.583699 0.0134682 0.0242578 0.345694 0.0121576 0.00108958 0.0196338 
0.560208 0.0218756 0.018512 0.371252 0.0127333 0.00157914 0.0138403 
0.612011 0.0131572 0.0316181 0.306886 0.0111383 0.00107231 0.0241169 
0.674389 0.0147958 0.0313844 0.22233 0.0174874 0.00167102 0.0379421 
0.696003 0.0257309 0.0247067 0.222998 0.0112158 0.00159159 0.0177538 
0.683973 0.0264459 0.029305 0.222744 0.00975098 0.00157225 0.0262093 
0.620036 0.0213013 0.0324443 0.288631 0.00930792 0.00127094 0.0270093 
0.690288 0.0163464 0.0308926 0.215444 0.0151592 0.00131778 0.030552 
0.5373 0.0140592 0.025652 0.388822 0.0112459 0.00106567 0.0218556 
0.631513 0.0147924 0.0300733 0.289419 0.0100435 0.00119471 0.0229638 
0.605354 0.0223254 0.0195129 0.309317 0.0228646 0.00163683 0.0189892 
0.623745 0.0202007 0.0253222 0.290073 0.0118252 0.00153618 0.027298 
0.593278 0.0168131 0.0340447 0.322097 0.00644698 0.00123397 0.0260858 
0.540076 0.0160007 0.032663 0.377725 0.00617464 0.00112884 0.026232 
0.543506 0.0144858 0.0547486 0.330611 0.00473375 0.0012382 0.0506763 
0.514922 0.0205545 0.0229083 0.407522 0.0114182 0.00149184 0.0211828 
0.610928 0.0153362 0.0347306 0.303733 0.00933226 0.00120088 0.0247395 
0.613803 0.0178029 0.0436525 0.28066 0.00716716 0.00132291 0.0355913 
0.687366 0.0156193 0.0395442 0.197589 0.0112065 0.0012669 0.0474081 
0.629815 0.0147995 0.0246103 0.276264 0.0246039 0.00119709 0.0287097 
0.587595 0.0139678 0.022992 0.327834 0.0236796 0.00133308 0.0225987 
0.595742 0.0149237 0.0262969 0.320569 0.0188964 0.00134154 0.0222301 
0.531101 0.0174573 0.0249786 0.396227 0.0112921 0.00102406 0.0179199 
0.521871 0.0135852 0.0242822 0.40526 0.0123898 0.00106747 0.021544 
0.582822 0.0176655 0.025575 0.341145 0.0105125 0.00110432 0.0211763 
0.638464 0.0240438 0.0215715 0.281142 0.0156764 0.00137116 0.0177308 
0.503169 0.0164398 0.0250879 0.424447 0.00901901 8.83684E-4 0.0209535 
0.435524 0.0122537 0.0260725 0.494116 0.00937922 0.00130242 0.0213519 
0.493962 0.0156389 0.0223758 0.422238 0.0192899 0.00148411 0.0250109 
0.453139 0.0139622 0.0268815 0.471301 0.0107843 0.00105447 0.0228776 
0.513186 0.0143273 0.0249978 0.416568 0.0110882 9.32586E-4 0.0189008 
0.536235 0.024057 0.0201978 0.379198 0.0200656 0.00179685 0.0184502 
0.563902 0.0178232 0.0291645 0.3528 0.00942123 0.00139957 0.0254889 
0.483638 0.0176277 0.0254496 0.438431 0.0103804 0.00125256 0.0232209 
0.512929 0.0156296 0.0217554 0.410702 0.0187809 0.00131832 0.0188847 
0.536358 0.0255788 0.0188308 0.383798 0.017134 0.0016898 0.0166107 
0.526299 0.0194278 0.021765 0.395852 0.0126323 0.00157492 0.0224491 
0.401318 0.0193538 0.0180978 0.537939 0.00866827 0.00118342 0.0134404 
0.480521 0.0229256 0.0187125 0.447309 0.0110582 0.00130601 0.0181673 
0.543615 0.0190718 0.0202532 0.389456 0.0127884 0.0010911 0.0137239 
0.559264 0.0218338 0.0236317 0.361002 0.0109334 0.001115 0.0222198 
0.457032 0.0124101 0.0180588 0.469431 0.0205243 0.00139123 0.0211525 
0.481522 0.0131891 0.0158479 0.457524 0.016953 0.00113696 0.013828 
0.596872 0.0108272 0.0187181 0.327258 0.0259448 0.00133619 0.0190437 
0.456785 0.0113466 0.0144952 0.471894 0.0319591 0.00129742 0.0122218 
0.419241 0.0134687 0.0135635 0.529422 0.0161747 0.00111339 0.00701691 
0.305075 0.0209976 0.0115085 0.643533 0.0107297 0.0013912 0.00676425 
0.459523 0.0150572 0.0166949 0.489646 0.0110105 0.00101836 0.00705023 
0.515609 0.0146727 0.0180571 0.423027 0.014345 0.00152488 0.012765 
0.387096 0.0122547 0.0139053 0.5623 0.015341 0.00126459 0.00783912 
0.49136 0.0194449 0.0192405 0.447628 0.00838627 0.00137339 0.0125664 
0.464231 0.0118527 0.0270973 0.469925 0.0070752 0.00129009 0.0185285 
0.455639 0.0145889 0.0176798 0.479595 0.013827 0.00166809 0.017002 
0.526542 0.0118455 0.0291708 0.403146 0.00827918 0.00128026 0.0197361 
0.477524 0.0134002 0.0163879 0.465658 0.0147169 0.0013255 0.0109868 
0.473808 0.01952 0.0176154 0.465749 0.00942648 0.00135851 0.0125224 
0.544651 0.015291 0.0200492 0.387292 0.0128921 0.00177152 0.0180527 
0.492532 0.0122233 0.0194153 0.437338 0.0192033 0.00143046 0.0178585 
0.46528 0.0214001 0.0151814 0.471905 0.0150442 0.00139876 0.00979083 
0.458328 0.0169761 0.0151604 0.472727 0.0234627 0.00162513 0.0117203 
0.432856 0.0154466 0.0131783 0.508513 0.0186818 0.00151596 0.00980905 
0.395079 0.0139166 0.0125794 0.551092 0.0172041 0.00130662 0.00882212 
0.394167 0.0197267 0.0109431 0.537057 0.0270029 0.00194571 0.00915681 
0.433394 0.0165213 0.0123434 0.50997 0.0174651 0.00143987 0.00886566 
0.413219 0.0201663 0.0113435 0.525636 0.0215664 0.00169239 0.0063756 
0.537437 0.0241495 0.0162993 0.39616 0.0137545 0.00149638 0.0107031 
0.45965 0.0219902 0.0135372 0.451771 0.0401916 0.00233634 0.0105242 
0.552571 0.0204565 0.0137521 0.379132 0.0231335 0.00187635 0.00907854 
0.375602 0.0141108 0.0118841 0.569508 0.0195596 0.00141125 0.00792383 
0.483295 0.0109947 0.0163689 0.457095 0.0199992 0.00117439 0.0110733 
0.428748 0.0125968 0.0147732 0.51469 0.0173556 0.00125662 0.0105802 
0.278083 0.0125992 0.010252 0.673914 0.0159149 0.00133334 0.0079039 
0.35025 0.0111534 0.0120251 0.583445 0.0323923 0.00153033 0.00920408 
0.586198 0.0119403 0.0217479 0.331144 0.0260585 0.00180008 0.021111 
0.545216 0.0162365 0.0155532 0.397348 0.0134508 0.00142042 0.0107756 
0.586107 0.0153258 0.021387 0.337967 0.0173283 0.00150055 0.0203841 
0.583467 0.0113869 0.0262819 0.34936 0.00977842 0.00101911 0.018707 
0.627717 0.0165803 0.0183421 0.304875 0.0166018 0.00116559 0.0147173 
0.486488 0.0102591 0.0166661 0.454596 0.0195272 8.28111E-4 0.0116353 
0.567807 0.0127652 0.0192351 0.369794 0.0160207 0.00136915 0.0130089 
0.613097 0.0139081 0.0288529 0.305171 0.0158687 0.0012144 0.0218884 
0.562553 0.0111491 0.0254168 0.365927 0.0152769 0.0010245 0.0186527 
0.60172 0.022107 0.0158863 0.290342 0.0516404 0.00169366 0.0166104 
0.616434 0.00987656 0.0388333 0.289952 0.0138005 9.76126E-4 0.0301277 
0.426899 0.0118069 0.0174764 0.516413 0.0147202 0.00112728 0.011558 
0.486172 0.0235874 0.0183128 0.440017 0.0132768 0.00154198 0.0170917 
0.624813 0.0257986 0.0199326 0.287556 0.021907 0.00240722 0.017586 
0.549712 0.0205969 0.0194828 0.371643 0.0190526 0.00251384 0.0169988 
0.401724 0.0146788 0.0148212 0.528273 0.026724 0.00207818 0.0117012 
0.383833 0.0134858 0.0126442 0.55606 0.0236903 0.00169521 0.0085911 
0.472282 0.01424 0.0154759 0.465397 0.0198983 0.00153703 0.0111697 
0.285621 0.009047 0.0112433 0.675719 0.0117 0.00110308 0.0055669 
0.401524 0.0118147 0.0167605 0.541531 0.017402 0.00123325 0.0097344 
0.407621 0.0119232 0.0159329 0.527378 0.0234793 0.00140719 0.012259 
0.454497 0.0177293 0.014089 0.473746 0.0282767 0.00196503 0.00969645 
0.39111 0.0162075 0.0139382 0.527963 0.0372768 0.00178114 0.0117234 
0.39595 0.0163873 0.015104 0.536536 0.0234168 0.00182547 0.0107804 
0.354378 0.0128461 0.0116694 0.56686 0.0427017 0.00179154 0.00975341 
0.359672 0.0150815 0.012302 0.577425 0.0237357 0.00161356 0.0101698 
0.323217 0.0101829 0.0121361 0.615926 0.0265053 0.00156336 0.0104692 
0.469109 0.0160717 0.0178933 0.468334 0.0147803 0.00150292 0.0123086 
0.404209 0.0197647 0.0157845 0.521528 0.0234499 0.00218377 0.0130806 
0.335261 0.0138225 0.013705 0.598424 0.0259863 0.00192048 0.0108811 
0.265177 0.0101301 0.0114976 0.678205 0.0253465 0.00151797 0.00812612 
0.245499 0.0157754 0.0130861 0.704089 0.00929623 0.00161371 0.0106405 
0.310676 0.0248411 0.0127597 0.615501 0.0240484 0.00196663 0.0102071 
0.175545 0.013031 0.00839491 0.76816 0.0273291 0.00143974 0.00609989 
0.15226 0.00754168 0.00856782 0.817965 0.00859987 8.62128E-4 0.00420374 
0.185619 0.00880995 0.00835875 0.77695 0.0154022 8.85712E-4 0.00397466 
0.254423 0.00999008 0.0101115 0.692638 0.0249397 0.00117324 0.00672469 
0.281347 0.0169733 0.0112967 0.65966 0.0230764 0.00116737 0.00647965 
0.394076 0.0115384 0.0147731 0.519403 0.0487561 0.00155732 0.00989582 
0.383997 0.0138086 0.0172368 0.559179 0.0131908 0.00128442 0.0113031 
0.523219 0.0179 0.0177294 0.387936 0.0350155 0.00219281 0.0160077 
0.408022 0.0115886 0.0148724 0.538415 0.0160256 0.00120425 0.00987176 
0.451184 0.0147711 0.0132163 0.483344 0.0234672 0.00136448 0.0126531 
0.704846 0.0147401 0.0235851 0.200708 0.0256772 0.00129699 0.0291466 
0.650164 0.0219339 0.0218503 0.238601 0.0288169 0.00191169 0.036722 
0.579467 0.0146855 0.0227316 0.32264 0.0269938 0.00179786 0.0316846 
0.600451 0.0185525 0.0201465 0.309217 0.0288742 0.00178254 0.0209766 
0.625518 0.0150198 0.0357269 0.274562 0.0106605 0.00153897 0.0369737 
0.561126 0.0164547 0.032219 0.336324 0.0116985 0.00169075 0.0404873 
0.639223 0.0217766 0.0322197 0.249306 0.011368 0.0014556 0.0446516 
0.724778 0.015465 0.0349838 0.172031 0.00985121 0.00133379 0.0415574 
0.654538 0.0132049 0.0408957 0.22955 0.0101413 0.0013184 0.0503517 
0.684446 0.0132812 0.0299162 0.234346 0.0106226 0.00138119 0.0260074 
0.642796 0.0179402 0.0284503 0.266567 0.010414 0.00157835 0.0322537 
0.635738 0.0259715 0.0268128 0.264281 0.0113172 0.00181313 0.0340666 
0.531116 0.0262736 0.0177684 0.389283 0.0154813 0.00182776 0.0182506 
0.622558 0.0211427 0.0250123 0.286563 0.0119787 0.00147763 0.0312674 
0.611958 0.0214431 0.0196508 0.310339 0.0141251 0.00135326 0.0211304 
0.574049 0.0186318 0.0172312 0.354879 0.0150222 0.00102171 0.0191647 
0.621422 0.0213741 0.0231673 0.286361 0.0127533 0.00181604 0.033106 
0.58393 0.0234909 0.0211333 0.339788 0.0103037 0.00178677 0.0195668 
0.677563 0.0219755 0.0281332 0.213211 0.015165 0.00183301 0.04212 
0.673807 0.0220599 0.02975 0.230287 0.00895348 0.00171857 0.033424 
0.634404 0.0167918 0.0306932 0.255666 0.0146792 0.00219406 0.0455717 
0.653753 0.0159963 0.035294 0.24238 0.00952983 0.00119546 0.0418514 
0.587934 0.0175053 0.0328156 0.301617 0.0151288 0.00139051 0.0436086 
0.55671 0.0155567 0.0299911 0.343091 0.0142656 0.00134656 0.0390384 
0.541029 0.0132822 0.025701 0.372809 0.0158057 0.00129308 0.03008 
0.529025 0.0106759 0.0277933 0.391351 0.0138824 9.95004E-4 0.026278 
0.502361 0.0145598 0.0220567 0.420665 0.0141303 0.00120287 0.025025 
0.580667 0.0205813 0.0237911 0.336661 0.00965045 0.00178232 0.0268668 
0.597419 0.0168867 0.0261303 0.331333 0.00907252 0.00116696 0.0179922 
0.660508 0.0196068 0.0260192 0.260485 0.0100902 0.00147559 0.021815 
0.680912 0.0148515 0.0252595 0.248746 0.0120916 0.00115426 0.0169846 
0.665321 0.0293669 0.0191912 0.239748 0.0245068 0.00182652 0.0200398 
0.536832 0.0168663 0.0198026 0.389828 0.0166025 0.00124026 0.0188288 
0.679821 0.0173122 0.0346143 0.222981 0.00896617 0.00105312 0.0352526 
0.642962 0.0185001 0.0273322 0.262246 0.0146994 0.00115417 0.0331063 
0.697429 0.024858 0.0235694 0.213279 0.0136067 0.00174995 0.0255073 
0.607913 0.0246842 0.0179259 0.306363 0.021587 0.0021847 0.0193417 
0.594503 0.0161176 0.0268956 0.338145 0.00812163 9.55572E-4 0.0152611 
0.482343 0.015757 0.0213575 0.442301 0.0151305 0.00152088 0.0215894 
0.692274 0.0162446 0.0288306 0.225822 0.0105352 0.00138452 0.0249083 
0.654353 0.0272683 0.01745 0.254307 0.0303398 0.00177616 0.0145057 
0.583178 0.0163271 0.035343 0.339427 0.00641475 8.80258E-4 0.01843 
0.50641 0.0138003 0.0241408 0.432985 0.00770497 8.6331E-4 0.0140961 
0.518065 0.0126044 0.0252393 0.414597 0.0107753 9.02494E-4 0.0178164 
0.62027 0.0166162 0.029433 0.286919 0.0152568 0.00146321 0.0300418 
0.652172 0.0200421 0.0195159 0.269148 0.0222325 0.00113271 0.0157564 
0.622769 0.0144432 0.030602 0.29562 0.00963383 0.0010089 0.0259227 
0.59129 0.0136717 0.0240083 0.336236 0.011096 0.00135249 0.0223457 
0.658613 0.0152323 0.0288544 0.251575 0.0132489 0.00137247 0.0311042 
0.583699 0.0134682 0.0242578 0.345694 0.0121576 0.00108958 0.0196338 
0.560208 0.0218756 0.018512 0.371252 0.0127333 0.00157914 0.0138403 
0.612011 0.0131572 0.0316181 0.306886 0.0111383 0.00107231 0.0241169 
0.674389 0.0147958 0.0313844 0.22233 0.0174874 0.00167102 0.0379421 
0.696003 0.0257309 0.0247067 0.222998 0.0112158 0.00159159 0.0177538 
0.683973 0.0264459 0.029305 0.222744 0.00975098 0.00157225 0.0262093 
0.620036 0.0213013 0.0324443 0.288631 0.00930792 0.00127094 0.0270093 
0.690288 0.0163464 0.0308926 0.215444 0.0151592 0.00131778 0.030552 
0.5373 0.0140592 0.025652 0.388822 0.0112459 0.00106567 0.0218556 
0.631513 0.0147924 0.0300733 0.289419 0.0100435 0.00119471 0.0229638 
0.605354 0.0223254 0.0195129 0.309317 0.0228646 0.00163683 0.0189892 
0.623745 0.0202007 0.0253222 0.290073 0.0118252 0.00153618 0.027298 
0.593278 0.0168131 0.0340447 0.322097 0.00644698 0.00123397 0.0260858 
0.540076 0.0160007 0.032663 0.377725 0.00617464 0.00112884 0.026232 
0.543506 0.0144858 0.0547486 0.330611 0.00473375 0.0012382 0.0506763 
0.514922 0.0205545 0.0229083 0.407522 0.0114182 0.00149184 0.0211828 
0.610928 0.0153362 0.0347306 0.303733 0.00933226 0.00120088 0.0247395 
0.613803 0.0178029 0.0436525 0.28066 0.00716716 0.00132291 0.0355913 
0.687366 0.0156193 0.0395442 0.197589 0.0112065 0.0012669 0.0474081 
0.629815 0.0147995 0.0246103 0.276264 0.0246039 0.00119709 0.0287097 
0.587595 0.0139678 0.022992 0.327834 0.0236796 0.00133308 0.0225987 
0.595742 0.0149237 0.0262969 0.320569 0.0188964 0.00134154 0.0222301 
0.531101 0.0174573 0.0249786 0.396227 0.0112921 0.00102406 0.0179199 
0.521871 0.0135852 0.0242822 0.40526 0.0123898 0.00106747 0.021544 
0.582822 0.0176655 0.025575 0.341145 0.0105125 0.00110432 0.0211763 
0.638464 0.0240438 0.0215715 0.281142 0.0156764 0.00137116 0.0177308 
0.503169 0.0164398 0.0250879 0.424447 0.00901901 8.83684E-4 0.0209535 
0.435524 0.0122537 0.0260725 0.494116 0.00937922 0.00130242 0.0213519 
0.493962 0.0156389 0.0223758 0.422238 0.0192899 0.00148411 0.0250109 
0.453139 0.0139622 0.0268815 0.471301 0.0107843 0.00105447 0.0228776 
0.513186 0.0143273 0.0249978 0.416568 0.0110882 9.32586E-4 0.0189008 
0.536235 0.024057 0.0201978 0.379198 0.0200656 0.00179685 0.0184502 
0.563902 0.0178232 0.0291645 0.3528 0.00942123 0.00139957 0.0254889 
0.483638 0.0176277 0.0254496 0.438431 0.0103804 0.00125256 0.0232209 
0.512929 0.0156296 0.0217554 0.410702 0.0187809 0.00131832 0.0188847 
0.536358 0.0255788 0.0188308 0.383798 0.017134 0.0016898 0.0166107 
0.526299 0.0194278 0.021765 0.395852 0.0126323 0.00157492 0.0224491 
0.401318 0.0193538 0.0180978 0.537939 0.00866827 0.00118342 0.0134404 
0.480521 0.0229256 0.0187125 0.447309 0.0110582 0.00130601 0.0181673 
0.543615 0.0190718 0.0202532 0.389456 0.0127884 0.0010911 0.0137239 
0.559264 0.0218338 0.0236317 0.361002 0.0109334 0.001115 0.0222198 
0.440438 0.0486972 0.0215985 0.455637 0.0187148 0.00488806 0.0100258 
0.433044 0.0681783 0.0197106 0.447369 0.0191756 0.00359887 0.00892319 
0.349028 0.0436811 0.0182187 0.560817 0.0175258 0.00377835 0.006951 
0.568422 0.0490348 0.0371086 0.316378 0.00935022 0.00637715 0.0133293 
0.611447 0.0550605 0.0366363 0.265816 0.0115016 0.00722413 0.0123151 
0.628797 0.0560354 0.0329213 0.249552 0.0125079 0.0083486 0.0118381 
0.698373 0.0424226 0.0400647 0.190383 0.00727592 0.00766218 0.0138192 
0.647355 0.0553444 0.0318224 0.22415 0.0177654 0.00967782 0.0138854 
0.576631 0.0303584 0.0338064 0.334279 0.00765716 0.0063301 0.0109385 
0.560105 0.0201372 0.0472187 0.348181 0.00675774 0.0062928 0.0113074 
0.546766 0.0247607 0.0493451 0.357244 0.00415807 0.00441841 0.0133074 
0.473091 0.0286519 0.0424369 0.429084 0.00409611 0.00532749 0.0173132 
0.565076 0.0240757 0.0536955 0.33058 0.00626949 0.00506458 0.0152381 
0.561656 0.0172781 0.0720013 0.317208 0.00701778 0.00644451 0.0183944 
0.577797 0.0130758 0.086433 0.285707 0.00771361 0.00412156 0.0251512 
0.733638 0.017546 0.0651786 0.151244 0.00643042 0.00438903 0.0215736 
0.741721 0.0225734 0.063759 0.145188 0.00532184 0.0040339 0.0174024 
0.572778 0.0170428 0.0653581 0.319442 0.00505106 0.00345983 0.0168677 
0.687474 0.0141705 0.0678343 0.203234 0.00799599 0.0036518 0.0156392 
0.683106 0.0185404 0.0937654 0.17068 0.00418631 0.00440013 0.0253219 
0.699667 0.0235197 0.0724359 0.167651 0.00923351 0.00544299 0.0220502 
0.757831 0.0174069 0.10684 0.070952 0.00515416 0.00681689 0.0349983 
0.696007 0.0162192 0.104218 0.139853 0.0064454 0.00625907 0.0309977 
0.591689 0.0142489 0.0870913 0.270819 0.0109831 0.00402065 0.0211489 
0.646085 0.0169859 0.0761066 0.206272 0.0263534 0.00395331 0.0242447 
0.692201 0.0142996 0.0966803 0.137055 0.00945169 0.00472451 0.045587 
0.667514 0.0160902 0.0378592 0.246335 0.0149076 0.00368247 0.0136115 
0.555436 0.0168473 0.0306903 0.37233 0.0112379 0.00237004 0.011089 
0.52155 0.0235861 0.0710594 0.358015 0.0023915 0.00236278 0.0210355 
0.55763 0.0334584 0.0342849 0.354248 0.00448844 0.00223138 0.0136597 
0.433001 0.0413508 0.0192539 0.490022 0.00548542 0.00212013 0.00876673 
0.508458 0.0227923 0.0215157 0.427676 0.00644301 0.00293992 0.0101749 
0.51978 0.0170068 0.0268516 0.412691 0.00704239 0.00191597 0.0147124 
0.404079 0.0124509 0.0219897 0.536072 0.00904335 0.00124028 0.0151252 
0.515227 0.0182544 0.0221691 0.405343 0.0155632 0.00204999 0.0213935 
0.499293 0.0185198 0.0229029 0.416916 0.0161378 0.00237098 0.0238589 
0.381776 0.0162621 0.0183271 0.55242 0.0109255 0.00198302 0.0183056 
0.521839 0.0226914 0.0240257 0.400775 0.0101506 0.00172281 0.0187953 
0.371789 0.021842 0.0141824 0.550999 0.0295965 0.00211843 0.00947262 
0.436451 0.0346768 0.0146635 0.462183 0.0393022 0.00200344 0.0107207 
0.428069 0.0319842 0.0144724 0.468317 0.0433441 0.00205873 0.0117545 
0.367096 0.0147881 0.0123301 0.548331 0.0464647 0.00175316 0.00923678 
0.303616 0.0179384 0.012689 0.631926 0.0236576 0.0017807 0.00839227 
0.322169 0.0166653 0.0121202 0.611067 0.0287511 0.00127295 0.0079545 
0.401846 0.0261149 0.0152569 0.507934 0.0344155 0.00228333 0.0121495 
0.387446 0.0174519 0.0135709 0.534938 0.0346637 0.00184044 0.0100895 
0.376025 0.0211615 0.0136513 0.54503 0.0325228 0.00191686 0.00969292 
0.476072 0.0181944 0.0184731 0.456342 0.0178872 0.00162491 0.0114063 
0.355232 0.017258 0.0145107 0.581229 0.0220918 0.0014494 0.00822984 
0.487462 0.0186025 0.0182708 0.412381 0.0458174 0.00250565 0.0149605 
0.598036 0.0259228 0.023041 0.315043 0.0188657 0.00143872 0.0176529 
0.51346 0.0242573 0.0216313 0.400478 0.0210343 0.00176864 0.0173697 
0.413911 0.0299818 0.0176041 0.491044 0.0287447 0.00284967 0.0158645 
0.31891 0.0154481 0.0133448 0.609286 0.0319303 0.00211543 0.00896534 
0.515023 0.0168222 0.0233288 0.397518 0.0236764 0.00212002 0.0215121 
0.640383 0.0299429 0.0310749 0.24217 0.015783 0.0027437 0.0379023 
0.586322 0.0347832 0.0257198 0.318174 0.0125753 0.00160577 0.0208203 
0.657191 0.0301275 0.0351128 0.226862 0.00755015 0.00258095 0.040576 
0.635124 0.0219019 0.0274801 0.268471 0.020098 0.00220417 0.02472 
0.595251 0.0216763 0.0292525 0.31395 0.0143974 0.00166241 0.0238101 
0.670219 0.0265188 0.0276932 0.233862 0.0154871 0.00197804 0.0242421 
0.679308 0.0308028 0.0248889 0.223016 0.0160856 0.00249145 0.0234076 
0.728091 0.0313976 0.0233616 0.176246 0.0144741 0.00228777 0.0241418 
0.726618 0.0299214 0.0262048 0.183429 0.0149152 0.00247135 0.0164404 
0.645104 0.0266426 0.0233969 0.26868 0.0144374 0.00236812 0.0193713 
0.656449 0.0286357 0.0261333 0.262998 0.00960681 0.00159948 0.0145772 
0.642887 0.0323313 0.027873 0.270516 0.00765312 0.00167045 0.0170688 
0.652114 0.0342022 0.0241752 0.256071 0.0132079 0.00199301 0.0182365 
0.671058 0.0241343 0.0303671 0.239688 0.0155076 0.00160605 0.0176391 
0.630571 0.0372522 0.0270636 0.271436 0.0124174 0.00177015 0.0194899 
0.685894 0.0257581 0.0295775 0.228542 0.00967684 0.0013386 0.0192129 
0.671379 0.032422 0.0257683 0.226489 0.0154343 0.00237037 0.0261373 
0.692816 0.0277844 0.0240353 0.217111 0.0195333 0.00201669 0.0167032 
0.574103 0.0257187 0.0222897 0.352042 0.0128171 0.00140034 0.011629 
0.477287 0.0281078 0.0201461 0.436841 0.0211006 0.00189221 0.0146261 
0.479474 0.0230901 0.0237385 0.448895 0.00961789 0.0014189 0.0137656 
0.439483 0.0289376 0.0208271 0.480784 0.012201 0.00196042 0.0158066 
0.501411 0.0217149 0.0282308 0.42303 0.0066454 0.00145126 0.0175167 
0.545312 0.023939 0.0294446 0.369822 0.0103175 0.00206354 0.0191009 
0.524505 0.017794 0.037848 0.37937 0.00684011 0.00173892 0.0319036 
0.530388 0.0201197 0.0252354 0.384439 0.0167388 0.0020309 0.0210478 
0.461089 0.0192633 0.0186253 0.471422 0.0161583 0.00153255 0.0119093 
0.435273 0.0144677 0.0178705 0.498686 0.0181625 0.00172526 0.0138148 
0.412029 0.0152617 0.0177006 0.5244 0.014673 0.00194575 0.01399 
0.625211 0.0222725 0.0274255 0.287232 0.0120986 0.00199392 0.0237664 
0.425401 0.0210476 0.02375 0.491227 0.00975812 0.00213131 0.0266856 
0.61022 0.0208348 0.0238807 0.2932 0.0232152 0.00228679 0.0263625 
0.679729 0.0258432 0.0288568 0.211066 0.020356 0.00295267 0.0311963 
0.619412 0.0225671 0.0212791 0.286595 0.0285932 0.0024775 0.0190763 
0.573775 0.0267576 0.0205291 0.338004 0.0196944 0.00256698 0.018673 
0.612906 0.0240706 0.0272258 0.293887 0.0156336 0.0021132 0.0241639 
0.557246 0.0196663 0.0242021 0.368019 0.0118678 0.0016885 0.0173103 
0.522889 0.0138091 0.0232766 0.402228 0.0207118 0.001821 0.0152645 
0.537984 0.0174926 0.0203167 0.390197 0.0184717 0.00151364 0.0140236 
0.55623 0.0220673 0.0196455 0.37315 0.0153843 0.00137264 0.0121499 
0.598253 0.0250084 0.0203526 0.314215 0.026384 0.00150309 0.0142832 
0.608145 0.021392 0.0254981 0.305026 0.0196883 0.00161524 0.0186355 
0.568167 0.0211402 0.0316268 0.342268 0.0100438 0.00202991 0.0247249 
0.536653 0.019303 0.0223625 0.385858 0.0167429 0.0018413 0.0172395 
0.442751 0.0189002 0.0201861 0.491539 0.0116597 0.00149896 0.0134646 
0.571071 0.028515 0.0198878 0.343013 0.0240419 0.00181205 0.0116596 
0.435911 0.0182636 0.018553 0.506343 0.0107679 0.00137351 0.00878832 
0.472301 0.0221836 0.0167785 0.460041 0.0170408 0.00166742 0.00998706 
0.403057 0.022275 0.0173727 0.520959 0.0213949 0.00226358 0.0126778 
0.424715 0.0166488 0.0167907 0.516346 0.014005 0.0015355 0.00995902 
0.704846 0.0147401 0.0235851 0.200708 0.0256772 0.00129699 0.0291466 
0.650164 0.0219339 0.0218503 0.238601 0.0288169 0.00191169 0.036722 
0.579467 0.0146855 0.0227316 0.32264 0.0269938 0.00179786 0.0316846 
0.600451 0.0185525 0.0201465 0.309217 0.0288742 0.00178254 0.0209766 
0.625518 0.0150198 0.0357269 0.274562 0.0106605 0.00153897 0.0369737 
0.561126 0.0164547 0.032219 0.336324 0.0116985 0.00169075 0.0404873 
0.639223 0.0217766 0.0322197 0.249306 0.011368 0.0014556 0.0446516 
0.724778 0.015465 0.0349838 0.172031 0.00985121 0.00133379 0.0415574 
0.654538 0.0132049 0.0408957 0.22955 0.0101413 0.0013184 0.0503517 
0.684446 0.0132812 0.0299162 0.234346 0.0106226 0.00138119 0.0260074 
0.642796 0.0179402 0.0284503 0.266567 0.010414 0.00157835 0.0322537 
0.635738 0.0259715 0.0268128 0.264281 0.0113172 0.00181313 0.0340666 
0.531116 0.0262736 0.0177684 0.389283 0.0154813 0.00182776 0.0182506 
0.622558 0.0211427 0.0250123 0.286563 0.0119787 0.00147763 0.0312674 
0.611958 0.0214431 0.0196508 0.310339 0.0141251 0.00135326 0.0211304 
0.574049 0.0186318 0.0172312 0.354879 0.0150222 0.00102171 0.0191647 
0.621422 0.0213741 0.0231673 0.286361 0.0127533 0.00181604 0.033106 
0.58393 0.0234909 0.0211333 0.339788 0.0103037 0.00178677 0.0195668 
0.677563 0.0219755 0.0281332 0.213211 0.015165 0.00183301 0.04212 
0.673807 0.0220599 0.02975 0.230287 0.00895348 0.00171857 0.033424 
0.634404 0.0167918 0.0306932 0.255666 0.0146792 0.00219406 0.0455717 
0.653753 0.0159963 0.035294 0.24238 0.00952983 0.00119546 0.0418514 
0.587934 0.0175053 0.0328156 0.301617 0.0151288 0.00139051 0.0436086 
0.55671 0.0155567 0.0299911 0.343091 0.0142656 0.00134656 0.0390384 
0.541029 0.0132822 0.025701 0.372809 0.0158057 0.00129308 0.03008 
0.529025 0.0106759 0.0277933 0.391351 0.0138824 9.95004E-4 0.026278 
0.502361 0.0145598 0.0220567 0.420665 0.0141303 0.00120287 0.025025 
0.580667 0.0205813 0.0237911 0.336661 0.00965045 0.00178232 0.0268668 
0.597419 0.0168867 0.0261303 0.331333 0.00907252 0.00116696 0.0179922 
0.660508 0.0196068 0.0260192 0.260485 0.0100902 0.00147559 0.021815 
0.680912 0.0148515 0.0252595 0.248746 0.0120916 0.00115426 0.0169846 
0.665321 0.0293669 0.0191912 0.239748 0.0245068 0.00182652 0.0200398 
0.536832 0.0168663 0.0198026 0.389828 0.0166025 0.00124026 0.0188288 
0.679821 0.0173122 0.0346143 0.222981 0.00896617 0.00105312 0.0352526 
0.642962 0.0185001 0.0273322 0.262246 0.0146994 0.00115417 0.0331063 
0.697429 0.024858 0.0235694 0.213279 0.0136067 0.00174995 0.0255073 
0.607913 0.0246842 0.0179259 0.306363 0.021587 0.0021847 0.0193417 
0.594503 0.0161176 0.0268956 0.338145 0.00812163 9.55572E-4 0.0152611 
0.482343 0.015757 0.0213575 0.442301 0.0151305 0.00152088 0.0215894 
0.692274 0.0162446 0.0288306 0.225822 0.0105352 0.00138452 0.0249083 
0.654353 0.0272683 0.01745 0.254307 0.0303398 0.00177616 0.0145057 
0.583178 0.0163271 0.035343 0.339427 0.00641475 8.80258E-4 0.01843 
0.50641 0.0138003 0.0241408 0.432985 0.00770497 8.6331E-4 0.0140961 
0.518065 0.0126044 0.0252393 0.414597 0.0107753 9.02494E-4 0.0178164 
0.62027 0.0166162 0.029433 0.286919 0.0152568 0.00146321 0.0300418 
0.652172 0.0200421 0.0195159 0.269148 0.0222325 0.00113271 0.0157564 
0.622769 0.0144432 0.030602 0.29562 0.00963383 0.0010089 0.0259227 
0.59129 0.0136717 0.0240083 0.336236 0.011096 0.00135249 0.0223457 
0.658613 0.0152323 0.0288544 0.251575 0.0132489 0.00137247 0.0311042 
0.583699 0.0134682 0.0242578 0.345694 0.0121576 0.00108958 0.0196338 
0.560208 0.0218756 0.018512 0.371252 0.0127333 0.00157914 0.0138403 
0.612011 0.0131572 0.0316181 0.306886 0.0111383 0.00107231 0.0241169 
0.674389 0.0147958 0.0313844 0.22233 0.0174874 0.00167102 0.0379421 
0.696003 0.0257309 0.0247067 0.222998 0.0112158 0.00159159 0.0177538 
0.683973 0.0264459 0.029305 0.222744 0.00975098 0.00157225 0.0262093 
0.620036 0.0213013 0.0324443 0.288631 0.00930792 0.00127094 0.0270093 
0.690288 0.0163464 0.0308926 0.215444 0.0151592 0.00131778 0.030552 
0.5373 0.0140592 0.025652 0.388822 0.0112459 0.00106567 0.0218556 
0.631513 0.0147924 0.0300733 0.289419 0.0100435 0.00119471 0.0229638 
0.605354 0.0223254 0.0195129 0.309317 0.0228646 0.00163683 0.0189892 
0.623745 0.0202007 0.0253222 0.290073 0.0118252 0.00153618 0.027298 
0.593278 0.0168131 0.0340447 0.322097 0.00644698 0.00123397 0.0260858 
0.540076 0.0160007 0.032663 0.377725 0.00617464 0.00112884 0.026232 
0.543506 0.0144858 0.0547486 0.330611 0.00473375 0.0012382 0.0506763 
0.514922 0.0205545 0.0229083 0.407522 0.0114182 0.00149184 0.0211828 
0.610928 0.0153362 0.0347306 0.303733 0.00933226 0.00120088 0.0247395 
0.613803 0.0178029 0.0436525 0.28066 0.00716716 0.00132291 0.0355913 
0.687366 0.0156193 0.0395442 0.197589 0.0112065 0.0012669 0.0474081 
0.629815 0.0147995 0.0246103 0.276264 0.0246039 0.00119709 0.0287097 
0.587595 0.0139678 0.022992 0.327834 0.0236796 0.00133308 0.0225987 
0.595742 0.0149237 0.0262969 0.320569 0.0188964 0.00134154 0.0222301 
0.531101 0.0174573 0.0249786 0.396227 0.0112921 0.00102406 0.0179199 
0.521871 0.0135852 0.0242822 0.40526 0.0123898 0.00106747 0.021544 
0.582822 0.0176655 0.025575 0.341145 0.0105125 0.00110432 0.0211763 
0.638464 0.0240438 0.0215715 0.281142 0.0156764 0.00137116 0.0177308 
0.503169 0.0164398 0.0250879 0.424447 0.00901901 8.83684E-4 0.0209535 
0.435524 0.0122537 0.0260725 0.494116 0.00937922 0.00130242 0.0213519 
0.493962 0.0156389 0.0223758 0.422238 0.0192899 0.00148411 0.0250109 
0.453139 0.0139622 0.0268815 0.471301 0.0107843 0.00105447 0.0228776 
0.513186 0.0143273 0.0249978 0.416568 0.0110882 9.32586E-4 0.0189008 
0.536235 0.024057 0.0201978 0.379198 0.0200656 0.00179685 0.0184502 
0.563902 0.0178232 0.0291645 0.3528 0.00942123 0.00139957 0.0254889 
0.483638 0.0176277 0.0254496 0.438431 0.0103804 0.00125256 0.0232209 
0.512929 0.0156296 0.0217554 0.410702 0.0187809 0.00131832 0.0188847 
0.536358 0.0255788 0.0188308 0.383798 0.017134 0.0016898 0.0166107 
0.526299 0.0194278 0.021765 0.395852 0.0126323 0.00157492 0.0224491 
0.401318 0.0193538 0.0180978 0.537939 0.00866827 0.00118342 0.0134404 
0.480521 0.0229256 0.0187125 0.447309 0.0110582 0.00130601 0.0181673 
0.543615 0.0190718 0.0202532 0.389456 0.0127884 0.0010911 0.0137239 
0.559264 0.0218338 0.0236317 0.361002 0.0109334 0.001115 0.0222198 
0.49007 0.0194831 0.0232065 0.431426 0.0105371 0.00169722 0.0235806 
0.483677 0.021656 0.0200133 0.429241 0.0202002 0.00272475 0.0224881 
0.386069 0.0195391 0.0137845 0.528412 0.0377603 0.00328378 0.0111517 
0.445597 0.0172248 0.0190631 0.467957 0.0310846 0.00272684 0.0163459 
0.41212 0.0192897 0.0181683 0.49275 0.0401915 0.00256865 0.014911 
0.439796 0.0271123 0.0176363 0.486005 0.0163162 0.00159317 0.0115405 
0.462897 0.0175193 0.0179843 0.470672 0.0186394 0.00125648 0.0110318 
0.610555 0.0219566 0.0245636 0.308077 0.016886 0.00143413 0.0165287 
0.483116 0.0227072 0.0201586 0.444705 0.0121918 0.00141418 0.0157074 
0.337974 0.0143449 0.0193875 0.606013 0.0104703 0.0010111 0.0107995 
0.335701 0.0186542 0.0170029 0.587505 0.0235696 0.00196321 0.0156035 
0.550661 0.0250004 0.0265947 0.35874 0.0125451 0.00234839 0.02411 
0.47074 0.0172483 0.0301725 0.437661 0.0134026 0.00229431 0.0284808 
0.280995 0.0141491 0.0137236 0.655188 0.0231887 0.00156608 0.0111896 
0.4195 0.0248754 0.0182363 0.439108 0.0773498 0.00317878 0.0177512 
0.275307 0.020236 0.0121434 0.531688 0.144454 0.00313023 0.0130406 
0.353406 0.0138517 0.0182886 0.576823 0.0215346 0.00144317 0.0146537 
0.516418 0.0193642 0.0233605 0.392171 0.0245309 0.00183296 0.0223222 
0.619853 0.0202178 0.0294487 0.284662 0.015797 0.00221971 0.0278015 
0.373407 0.0180993 0.0168408 0.552909 0.0219341 0.0017385 0.0150712 
0.40458 0.0140232 0.0186325 0.504408 0.0407637 0.00213985 0.0154534 
0.430315 0.0190601 0.0176983 0.475432 0.0400235 0.00234873 0.0151218 
0.299084 0.0135153 0.0151439 0.620025 0.0383603 0.00208235 0.0117886 
0.446788 0.0126441 0.0207266 0.467525 0.0334486 0.00200405 0.016863 
0.352574 0.0175749 0.0177173 0.574067 0.0200452 0.00246388 0.0155572 
0.358927 0.0143982 0.0185787 0.568779 0.0229457 0.00216106 0.0142105 
0.444343 0.0261586 0.0186978 0.457254 0.035248 0.00352876 0.0147694 
0.470521 0.0281231 0.0218222 0.439519 0.0172769 0.00290882 0.0198292 
0.531641 0.033333 0.0228915 0.361141 0.0262223 0.00306566 0.0217047 
0.572041 0.0159239 0.0250508 0.344378 0.0201967 0.00190446 0.0205045 
0.529137 0.0175612 0.0227122 0.380472 0.0303225 0.0025835 0.0172116 
0.593235 0.0187659 0.0304818 0.310284 0.0171546 0.00216636 0.0279121 
0.531186 0.022864 0.0211696 0.372954 0.0275762 0.00306586 0.021184 
0.596719 0.0183584 0.02494 0.29763 0.0395646 0.00245456 0.0203337 
0.409219 0.0169208 0.0182583 0.477948 0.0581057 0.00241162 0.0171372 
0.418503 0.0183945 0.016503 0.48163 0.0494047 0.00254591 0.0130188 
0.520404 0.0218498 0.0202279 0.38576 0.0332431 0.00303338 0.0154815 
0.649271 0.0303346 0.0218744 0.227786 0.0407843 0.00368618 0.0262631 
0.626567 0.0196027 0.0235468 0.273834 0.0314137 0.0033026 0.0217332 
0.398473 0.0220283 0.0173526 0.513581 0.0308308 0.00323194 0.0145025 
0.409274 0.018324 0.0210722 0.51248 0.0154608 0.00295195 0.0204376 
0.468173 0.0214756 0.018206 0.453191 0.0203186 0.00293551 0.0157 
0.484571 0.015775 0.0241907 0.433803 0.0144111 0.00307456 0.0241743 
0.480837 0.0146543 0.0241692 0.431983 0.0229084 0.00260035 0.0228479 
0.356709 0.0238231 0.0146037 0.572688 0.0166373 0.00263349 0.0129049 
0.469954 0.0196699 0.0211361 0.453089 0.0168675 0.00256564 0.0167171 
0.564953 0.0173692 0.0254484 0.346919 0.0176785 0.00256628 0.0250654 
0.550544 0.0201551 0.0280871 0.335641 0.0187672 0.00318749 0.0436181 
0.507621 0.0155258 0.0275305 0.401153 0.0161607 0.00257581 0.0294329 
0.675592 0.022776 0.0271337 0.224876 0.0223393 0.00269108 0.0245919 
0.58085 0.0210588 0.0211609 0.318743 0.0354519 0.00271499 0.0200199 
0.595014 0.0195857 0.0265004 0.292942 0.0292404 0.00272418 0.0339929 
0.533701 0.0180062 0.0271182 0.353832 0.0307673 0.00317362 0.0334019 
0.498968 0.0236642 0.0251687 0.41216 0.0133593 0.00226633 0.0244143 
0.509825 0.0271936 0.0242431 0.395946 0.0114192 0.00295726 0.0284157 
0.360846 0.0164147 0.0219551 0.555986 0.0120814 0.00299933 0.0297172 
0.552016 0.0190957 0.0249917 0.351974 0.0172473 0.00310198 0.0315734 
0.448899 0.0180657 0.0187963 0.474898 0.0202475 0.00239456 0.0166992 
0.48533 0.0186055 0.0231811 0.429245 0.0172602 0.00210433 0.0242732 
0.465102 0.0257835 0.0232967 0.434455 0.0218794 0.00250046 0.0269833 
0.551268 0.0279206 0.0304249 0.338916 0.014121 0.00243523 0.0349141 
0.624289 0.0323332 0.0288937 0.257734 0.0187372 0.00299186 0.0350204 
0.504558 0.0514459 0.022504 0.378776 0.018366 0.0035628 0.0207869 
0.610464 0.0796219 0.0209078 0.224125 0.0388398 0.00522567 0.0208167 
0.502492 0.0476724 0.0203973 0.317501 0.0863218 0.00461058 0.0210044 
0.416001 0.0234739 0.0184016 0.417632 0.101283 0.0036844 0.0195237 
0.585179 0.0281368 0.0226837 0.306832 0.0306337 0.00246592 0.0240684 
0.710339 0.0215735 0.0322376 0.172876 0.0217041 0.00321134 0.0380586 
0.606964 0.0223044 0.0257568 0.286498 0.0228301 0.00292649 0.0327202 
0.710744 0.0292409 0.0283783 0.176108 0.0198193 0.00312211 0.0325873 
0.612682 0.0346606 0.0261418 0.272434 0.0173025 0.00314648 0.033632 
0.591535 0.0344452 0.0247921 0.301099 0.018273 0.0025664 0.0272897 
0.621274 0.0283308 0.0371782 0.244736 0.0127734 0.00283911 0.0528689 
0.484801 0.0252454 0.0295128 0.403827 0.0170287 0.00265257 0.0369324 
0.704846 0.0147401 0.0235851 0.200708 0.0256772 0.00129699 0.0291466 
0.650164 0.0219339 0.0218503 0.238601 0.0288169 0.00191169 0.036722 
0.579467 0.0146855 0.0227316 0.32264 0.0269938 0.00179786 0.0316846 
0.600451 0.0185525 0.0201465 0.309217 0.0288742 0.00178254 0.0209766 
0.625518 0.0150198 0.0357269 0.274562 0.0106605 0.00153897 0.0369737 
0.561126 0.0164547 0.032219 0.336324 0.0116985 0.00169075 0.0404873 
0.639223 0.0217766 0.0322197 0.249306 0.011368 0.0014556 0.0446516 
0.724778 0.015465 0.0349838 0.172031 0.00985121 0.00133379 0.0415574 
0.654538 0.0132049 0.0408957 0.22955 0.0101413 0.0013184 0.0503517 
0.684446 0.0132812 0.0299162 0.234346 0.0106226 0.00138119 0.0260074 
0.642796 0.0179402 0.0284503 0.266567 0.010414 0.00157835 0.0322537 
0.635738 0.0259715 0.0268128 0.264281 0.0113172 0.00181313 0.0340666 
0.531116 0.0262736 0.0177684 0.389283 0.0154813 0.00182776 0.0182506 
0.622558 0.0211427 0.0250123 0.286563 0.0119787 0.00147763 0.0312674 
0.611958 0.0214431 0.0196508 0.310339 0.0141251 0.00135326 0.0211304 
0.574049 0.0186318 0.0172312 0.354879 0.0150222 0.00102171 0.0191647 
0.621422 0.0213741 0.0231673 0.286361 0.0127533 0.00181604 0.033106 
0.58393 0.0234909 0.0211333 0.339788 0.0103037 0.00178677 0.0195668 
0.677563 0.0219755 0.0281332 0.213211 0.015165 0.00183301 0.04212 
0.673807 0.0220599 0.02975 0.230287 0.00895348 0.00171857 0.033424 
0.634404 0.0167918 0.0306932 0.255666 0.0146792 0.00219406 0.0455717 
0.653753 0.0159963 0.035294 0.24238 0.00952983 0.00119546 0.0418514 
0.587934 0.0175053 0.0328156 0.301617 0.0151288 0.00139051 0.0436086 
0.55671 0.0155567 0.0299911 0.343091 0.0142656 0.00134656 0.0390384 
0.541029 0.0132822 0.025701 0.372809 0.0158057 0.00129308 0.03008 
0.529025 0.0106759 0.0277933 0.391351 0.0138824 9.95004E-4 0.026278 
0.502361 0.0145598 0.0220567 0.420665 0.0141303 0.00120287 0.025025 
0.580667 0.0205813 0.0237911 0.336661 0.00965045 0.00178232 0.0268668 
0.597419 0.0168867 0.0261303 0.331333 0.00907252 0.00116696 0.0179922 
0.660508 0.0196068 0.0260192 0.260485 0.0100902 0.00147559 0.021815 
0.680912 0.0148515 0.0252595 0.248746 0.0120916 0.00115426 0.0169846 
0.665321 0.0293669 0.0191912 0.239748 0.0245068 0.00182652 0.0200398 
0.536832 0.0168663 0.0198026 0.389828 0.0166025 0.00124026 0.0188288 
0.679821 0.0173122 0.0346143 0.222981 0.00896617 0.00105312 0.0352526 
0.642962 0.0185001 0.0273322 0.262246 0.0146994 0.00115417 0.0331063 
0.697429 0.024858 0.0235694 0.213279 0.0136067 0.00174995 0.0255073 
0.607913 0.0246842 0.0179259 0.306363 0.021587 0.0021847 0.0193417 
0.594503 0.0161176 0.0268956 0.338145 0.00812163 9.55572E-4 0.0152611 
0.482343 0.015757 0.0213575 0.442301 0.0151305 0.00152088 0.0215894 
0.692274 0.0162446 0.0288306 0.225822 0.0105352 0.00138452 0.0249083 
0.654353 0.0272683 0.01745 0.254307 0.0303398 0.00177616 0.0145057 
0.583178 0.0163271 0.035343 0.339427 0.00641475 8.80258E-4 0.01843 
0.50641 0.0138003 0.0241408 0.432985 0.00770497 8.6331E-4 0.0140961 
0.518065 0.0126044 0.0252393 0.414597 0.0107753 9.02494E-4 0.0178164 
0.62027 0.0166162 0.029433 0.286919 0.0152568 0.00146321 0.0300418 
0.652172 0.0200421 0.0195159 0.269148 0.0222325 0.00113271 0.0157564 
0.622769 0.0144432 0.030602 0.29562 0.00963383 0.0010089 0.0259227 
0.59129 0.0136717 0.0240083 0.336236 0.011096 0.00135249 0.0223457 
0.658613 0.0152323 0.0288544 0.251575 0.0132489 0.00137247 0.0311042 
0.583699 0.0134682 0.0242578 0.345694 0.0121576 0.00108958 0.0196338 
0.560208 0.0218756 0.018512 0.371252 0.0127333 0.00157914 0.0138403 
0.612011 0.0131572 0.0316181 0.306886 0.0111383 0.00107231 0.0241169 
0.674389 0.0147958 0.0313844 0.22233 0.0174874 0.00167102 0.0379421 
0.696003 0.0257309 0.0247067 0.222998 0.0112158 0.00159159 0.0177538 
0.683973 0.0264459 0.029305 0.222744 0.00975098 0.00157225 0.0262093 
0.620036 0.0213013 0.0324443 0.288631 0.00930792 0.00127094 0.0270093 
0.690288 0.0163464 0.0308926 0.215444 0.0151592 0.00131778 0.030552 
0.5373 0.0140592 0.025652 0.388822 0.0112459 0.00106567 0.0218556 
0.631513 0.0147924 0.0300733 0.289419 0.0100435 0.00119471 0.0229638 
0.605354 0.0223254 0.0195129 0.309317 0.0228646 0.00163683 0.0189892 
0.623745 0.0202007 0.0253222 0.290073 0.0118252 0.00153618 0.027298 
0.593278 0.0168131 0.0340447 0.322097 0.00644698 0.00123397 0.0260858 
0.540076 0.0160007 0.032663 0.377725 0.00617464 0.00112884 0.026232 
0.543506 0.0144858 0.0547486 0.330611 0.00473375 0.0012382 0.0506763 
0.514922 0.0205545 0.0229083 0.407522 0.0114182 0.00149184 0.0211828 
0.610928 0.0153362 0.0347306 0.303733 0.00933226 0.00120088 0.0247395 
0.613803 0.0178029 0.0436525 0.28066 0.00716716 0.00132291 0.0355913 
0.687366 0.0156193 0.0395442 0.197589 0.0112065 0.0012669 0.0474081 
0.629815 0.0147995 0.0246103 0.276264 0.0246039 0.00119709 0.0287097 
0.587595 0.0139678 0.022992 0.327834 0.0236796 0.00133308 0.0225987 
0.595742 0.0149237 0.0262969 0.320569 0.0188964 0.00134154 0.0222301 
0.531101 0.0174573 0.0249786 0.396227 0.0112921 0.00102406 0.0179199 
0.521871 0.0135852 0.0242822 0.40526 0.0123898 0.00106747 0.021544 
0.582822 0.0176655 0.025575 0.341145 0.0105125 0.00110432 0.0211763 
0.638464 0.0240438 0.0215715 0.281142 0.0156764 0.00137116 0.0177308 
0.503169 0.0164398 0.0250879 0.424447 0.00901901 8.83684E-4 0.0209535 
0.435524 0.0122537 0.0260725 0.494116 0.00937922 0.00130242 0.0213519 
0.493962 0.0156389 0.0223758 0.422238 0.0192899 0.00148411 0.0250109 
0.453139 0.0139622 0.0268815 0.471301 0.0107843 0.00105447 0.0228776 
0.513186 0.0143273 0.0249978 0.416568 0.0110882 9.32586E-4 0.0189008 
0.536235 0.024057 0.0201978 0.379198 0.0200656 0.00179685 0.0184502 
0.563902 0.0178232 0.0291645 0.3528 0.00942123 0.00139957 0.0254889 
0.483638 0.0176277 0.0254496 0.438431 0.0103804 0.00125256 0.0232209 
0.512929 0.0156296 0.0217554 0.410702 0.0187809 0.00131832 0.0188847 
0.536358 0.0255788 0.0188308 0.383798 0.017134 0.0016898 0.0166107 
0.526299 0.0194278 0.021765 0.395852 0.0126323 0.00157492 0.0224491 
0.401318 0.0193538 0.0180978 0.537939 0.00866827 0.00118342 0.0134404 
0.480521 0.0229256 0.0187125 0.447309 0.0110582 0.00130601 0.0181673 
0.543615 0.0190718 0.0202532 0.389456 0.0127884 0.0010911 0.0137239 
0.559264 0.0218338 0.0236317 0.361002 0.0109334 0.001115 0.0222198 
0.58918 0.0129196 0.0295467 0.326864 0.0169725 0.00173147 0.0227861 
0.467645 0.0165726 0.0211116 0.444531 0.0281823 0.00288555 0.019072 
0.553197 0.0161585 0.0247335 0.360998 0.0243736 0.00170184 0.0188376 
0.459491 0.0210015 0.0234077 0.462798 0.0150767 0.00180387 0.0164215 
0.403375 0.0186811 0.0176219 0.532566 0.0148447 0.00160535 0.0113059 
0.474869 0.0206887 0.0205077 0.442611 0.0224913 0.00233803 0.016495 
0.553844 0.0322291 0.0227936 0.345781 0.0224024 0.0034381 0.0195118 
0.508458 0.0251634 0.023322 0.40081 0.0194589 0.00242064 0.0203667 
0.315293 0.0146149 0.0137721 0.618668 0.0247428 0.00191732 0.0109915 
0.451668 0.0267642 0.0180099 0.445676 0.0386711 0.00346808 0.0157425 
0.46607 0.0247155 0.0162511 0.377995 0.0909788 0.00445638 0.0195333 
0.656405 0.0181945 0.0236121 0.236656 0.0347453 0.00318524 0.0272018 
0.56365 0.014328 0.0230224 0.351584 0.0222638 0.0020041 0.0231472 
0.528565 0.0146854 0.019681 0.334035 0.0757078 0.00245918 0.0248666 
0.513673 0.0133979 0.0213847 0.387797 0.0388283 0.00233383 0.0225853 
0.577625 0.0136797 0.0214981 0.342756 0.0258633 0.00141429 0.0171635 
0.422079 0.013635 0.0149274 0.516317 0.0186039 0.00172589 0.0127112 
0.500608 0.0194377 0.0182018 0.439668 0.0108923 0.00144948 0.00974206 
0.437972 0.0318011 0.0152395 0.479755 0.0195609 0.00247873 0.0131926 
0.495827 0.0267472 0.0166351 0.423456 0.0209642 0.0019792 0.0143916 
0.376525 0.0207285 0.0154214 0.531065 0.0366632 0.00282786 0.0167692 
0.35282 0.0355546 0.0211267 0.549536 0.0207779 0.00779244 0.0123931 
0.562085 0.0139884 0.0682484 0.274047 0.0220966 0.019264 0.0402708 
0.739361 0.00707501 0.116707 0.00972142 0.00328321 0.011186 0.112667 
0.760954 0.00597484 0.140848 0.0058048 0.00538694 0.00635488 0.0746772 
0.761061 0.00551416 0.148402 0.0151674 0.00307913 0.00332452 0.0634519 
0.800418 0.00601236 0.132325 0.0294823 0.00131362 0.0037331 0.0267158 
0.797167 0.00850009 0.12416 0.038227 0.00136895 0.00589362 0.0246837 
0.794423 0.00940886 0.123978 0.0334582 0.00260438 0.00726074 0.028867 
0.767862 0.0127731 0.0962007 0.0952562 0.00347258 0.00565722 0.0187779 
0.836368 0.0110448 0.0829995 0.0401451 0.00834154 0.00346584 0.0176352 
0.809463 0.0162631 0.0663149 0.0730326 0.0109138 0.00465476 0.0193577 
0.836405 0.0112501 0.0680935 0.0516625 0.00964101 0.00291906 0.0200288 
0.833947 0.012244 0.0637163 0.0450986 0.0113299 0.00321444 0.0304493 
0.851267 0.0142776 0.0592221 0.0351331 0.012798 0.00327823 0.0240244 
0.837268 0.00996557 0.054375 0.0484074 0.0178578 0.00348099 0.0286456 
0.854494 0.0148953 0.0533939 0.0401617 0.0120291 0.00224474 0.0227811 
0.828747 0.0111314 0.0590237 0.0562811 0.0136451 0.00226715 0.0289041 
0.839608 0.0160425 0.0654488 0.0330896 0.00780508 0.00197685 0.0360296 
0.819442 0.00923168 0.0783347 0.0467393 0.00409199 0.00192432 0.0402356 
0.862744 0.0201025 0.0444874 0.0354257 0.00998293 0.00204965 0.0252074 
0.832758 0.0144235 0.0493004 0.0674623 0.00532209 0.0023579 0.0283754 
0.858941 0.0152931 0.0431825 0.0483008 0.00658616 0.0024797 0.025217 
0.867507 0.0121784 0.0402953 0.0474492 0.00744681 0.00154854 0.0235749 
0.843046 0.0129734 0.0336525 0.0707479 0.0119784 0.00236185 0.0252398 
0.853126 0.015275 0.0340818 0.0624005 0.0110575 0.00226356 0.0217957 
0.836402 0.0192808 0.0297361 0.0765672 0.0119793 0.0041138 0.0219211 
0.832278 0.0216359 0.0260649 0.0893418 0.0125189 0.00317013 0.0149908 
0.839446 0.0181399 0.0294154 0.0815341 0.0111278 0.00332063 0.0170165 
0.843988 0.0184704 0.033305 0.0550341 0.0149572 0.00335879 0.0308867 
0.820631 0.0182654 0.0373379 0.0873249 0.00962264 0.00255525 0.0242627 
0.862284 0.0124026 0.0474189 0.0371534 0.00681909 0.00190299 0.0320191 
0.843869 0.0132459 0.0481816 0.0551982 0.00383562 0.00227763 0.0333925 
0.860232 0.0151526 0.0385252 0.0468085 0.00543279 0.00274042 0.0311086 
0.798296 0.0141939 0.0428651 0.0994866 0.00853616 0.00215575 0.0344662 
0.785165 0.0128277 0.0469517 0.0846792 0.0108889 0.00284987 0.0566372 
0.817991 0.0137291 0.0444174 0.0474263 0.0182997 0.00365821 0.0544786 
0.789056 0.0150516 0.0474837 0.0732621 0.020427 0.00341361 0.0513065 
0.768208 0.0172196 0.0376776 0.127928 0.0121698 0.00183352 0.0349633 
0.788338 0.0162077 0.0404335 0.107682 0.0141708 0.00206504 0.0311031 
0.794014 0.0171047 0.0372579 0.10593 0.0118706 0.00235156 0.031471 
0.786215 0.0308263 0.0337604 0.0919102 0.0234252 0.00274992 0.0311127 
0.735918 0.012691 0.0293045 0.137573 0.0583287 0.0018982 0.0242867 
0.756677 0.0078188 0.053817 0.132875 0.0137012 0.0031068 0.0320046 
0.738162 0.0112288 0.039431 0.16119 0.0133869 0.00276342 0.0338376 
0.704835 0.0110991 0.0331955 0.189281 0.0252888 0.00452188 0.0317785 
0.770811 0.0119668 0.0306868 0.139422 0.0222703 0.00293527 0.0219075 
0.730608 0.0159079 0.027066 0.0990513 0.0831895 0.00548081 0.0386964 
0.708941 0.0185212 0.0219628 0.0826195 0.130636 0.00386135 0.033458 
0.674742 0.0234403 0.0231782 0.140314 0.0962176 0.00299315 0.0391144 
0.787192 0.0266216 0.0288953 0.078806 0.0324556 0.00298741 0.0430417 
0.80177 0.0257999 0.0345986 0.0537175 0.0245481 0.00363806 0.0559275 
0.798223 0.0292344 0.0368344 0.0482162 0.0135699 0.00313096 0.0707912 
0.74621 0.0251906 0.0362373 0.104912 0.0163264 0.0022138 0.0689101 
0.771842 0.015087 0.0394576 0.0481906 0.0182024 0.00271189 0.104508 
0.765946 0.015087 0.0354983 0.0915781 0.0209353 0.00228649 0.068669 
0.828776 0.0135879 0.0290751 0.0568428 0.0287317 0.00266084 0.0403257 
0.789631 0.0139645 0.025526 0.106507 0.0266721 0.00242859 0.0352713 
0.676919 0.0187138 0.0186468 0.222581 0.0451315 0.00248871 0.0155195 
0.75949 0.0120861 0.0290197 0.139664 0.0300919 0.00237403 0.027274 
0.787791 0.0174444 0.0304382 0.0987486 0.0351275 0.00242772 0.0280224 
0.774873 0.0249482 0.0237923 0.121136 0.0349811 0.00260892 0.0176601 
0.792948 0.0236409 0.0303557 0.102822 0.0176483 0.00273092 0.0298544 
0.766592 0.0163201 0.0518451 0.0742397 0.00421211 0.00360891 0.083182 
0.788261 0.0164432 0.0468577 0.0672344 0.0100001 0.00186723 0.0693369 
0.742326 0.0206712 0.0350704 0.123496 0.0115825 0.00228577 0.0645678 
0.780757 0.0233601 0.0297184 0.0917782 0.0262878 0.00297903 0.0451191 
0.72964 0.02109 0.0335574 0.127324 0.0188471 0.00353583 0.0660053 
0.764838 0.0238837 0.0314236 0.0850945 0.0311902 0.00623383 0.0573361 
0.73731 0.0174648 0.0428164 0.0754541 0.0219472 0.0049305 0.100077 
0.709358 0.0171004 0.0537934 0.0553225 0.0207755 0.00424146 0.139409 
0.748799 0.0201636 0.0363854 0.0682983 0.0234962 0.00467911 0.0981782 
0.745748 0.0221082 0.041006 0.0646752 0.0130683 0.00362413 0.109771 
0.73029 0.0201353 0.0447588 0.0456242 0.0145662 0.00375437 0.140871 
0.731151 0.0189447 0.0490201 0.03665 0.00917161 0.00386506 0.151198 
0.79679 0.0215629 0.0614064 0.023619 0.00738018 0.0066792 0.0825619 
0.650386 0.0229656 0.115925 0.108841 0.00388688 0.0534767 0.0445185 
0.718028 0.0179832 0.103575 0.116876 0.00485817 0.0112062 0.0274741 
0.790838 0.0204085 0.0693338 0.0717024 0.0182543 0.00521554 0.0242471 
0.777026 0.0187493 0.076304 0.0653848 0.0231467 0.00933011 0.0300588 
0.777578 0.01355 0.0781742 0.0764089 0.0219215 0.00595498 0.026412 
0.796116 0.0140878 0.0723856 0.0703311 0.0153014 0.00492688 0.0268513 
0.804145 0.0109743 0.0805367 0.0448233 0.011551 0.00437958 0.0435904 
0.805133 0.0128013 0.0763634 0.0561197 0.00937664 0.00394165 0.0362639 
0.759743 0.0126698 0.0896965 0.0913826 0.00864014 0.00309426 0.0347735 
0.784863 0.0165136 0.0922765 0.0504664 0.00986554 0.00473756 0.0412778 
0.800539 0.0162304 0.0970169 0.0315273 0.00634691 0.00610689 0.0422325 
0.825749 0.0219406 0.0842369 0.0184941 0.00907848 0.00711722 0.0333834 
0.807874 0.0165625 0.100918 0.0153655 0.00887802 0.010624 0.0397777 
0.786512 0.0150502 0.105687 0.0262948 0.0167003 0.00746069 0.0422951 
0.803954 0.0133857 0.0939256 0.029808 0.0163387 0.00777526 0.0348126 
0.783367 0.0120246 0.0798911 0.0641498 0.0186833 0.00759124 0.034293 
0.810489 0.0110901 0.0766692 0.0517787 0.0136618 0.00692762 0.0293831 
0.780988 0.0159389 0.0616345 0.0762076 0.0334515 0.00731407 0.0244654 
0.765943 0.013822 0.10594 0.0439252 0.0327829 0.00574449 0.0318423 
0.766487 0.00941127 0.101664 0.0626424 0.0235899 0.00479116 0.0314143 
0.782687 0.0133155 0.117353 0.0255061 0.0181364 0.0051205 0.0378817 
0.772144 0.0181054 0.121919 0.0283585 0.0138127 0.00469183 0.0409685 
0.781611 0.0141322 0.119286 0.0269305 0.00840179 0.00429075 0.0453471 
0.784763 0.0164903 0.0912213 0.0577735 0.00896281 0.0040159 0.0367737 
0.74111 0.0128445 0.117459 0.0702199 0.00556371 0.00375108 0.0490523 
0.711736 0.0184117 0.0837031 0.138034 0.0111761 0.00388252 0.0330567 
0.717961 0.0161273 0.0887877 0.131893 0.0100934 0.00373316 0.031405 
0.78121 0.018602 0.0874539 0.0662448 0.0108681 0.00495416 0.0306675 
0.787024 0.0167798 0.0782089 0.0618929 0.0136515 0.00509857 0.0373443 
0.765377 0.0141624 0.08273 0.0865991 0.0117795 0.00463579 0.0347166 
0.788147 0.0209382 0.092714 0.0570996 0.00996842 0.00605798 0.0250751 
0.739994 0.0141531 0.128035 0.0642621 0.0138359 0.00868425 0.0310355 
0.732448 0.012934 0.112701 0.0861554 0.0191011 0.00668929 0.0299713 
0.753338 0.0119981 0.112956 0.0631215 0.0203328 0.00579137 0.0324617 
0.708808 0.0135139 0.12939 0.0825364 0.0144331 0.00801008 0.0433085 
0.697037 0.0131843 0.147268 0.0645566 0.0224003 0.00695155 0.0486028 
0.731361 0.0140406 0.149978 0.0285303 0.0120868 0.00673289 0.0572705 
0.721659 0.00885502 0.165357 0.0322348 0.00974436 0.00457297 0.0575769 
0.738911 0.0150197 0.124212 0.0376135 0.0175743 0.00682005 0.0598497 
0.73313 0.0103529 0.131998 0.0362646 0.0110086 0.00639976 0.0708466 
0.764314 0.0113049 0.116982 0.0345616 0.013308 0.0072678 0.0522625 
0.68964 0.0142556 0.144715 0.0627753 0.0221121 0.00656216 0.0599394 
0.751085 0.019019 0.106919 0.0294801 0.0284535 0.0108561 0.0541874 
0.719566 0.0153481 0.123492 0.0585376 0.0134764 0.00625622 0.0633231 
0.725436 0.0132802 0.125626 0.0550297 0.0194913 0.00603052 0.0551063 
0.747139 0.01284 0.115665 0.037868 0.0108676 0.00544571 0.0701749 
0.704629 0.0145748 0.150123 0.0450351 0.0135551 0.00681402 0.0652693 
0.7491 0.0138892 0.117109 0.0465012 0.0152512 0.0078682 0.050281 
0.763342 0.0133314 0.118824 0.0486539 0.0126379 0.00675896 0.0364519 
0.773914 0.0187717 0.118503 0.0255769 0.0154163 0.00713747 0.040681 
0.809562 0.0186212 0.0897896 0.0344181 0.0103429 0.00465448 0.0326121 
0.813144 0.0127992 0.0992009 0.0185607 0.0058037 0.00370176 0.0467897 
0.778312 0.0113803 0.102545 0.038888 0.0234314 0.0039257 0.0415174 
0.787732 0.0215568 0.0777299 0.0510307 0.0277389 0.00430212 0.0299098 
0.791426 0.0276249 0.0708996 0.0522961 0.0237739 0.00453346 0.0294461 
0.794742 0.0197796 0.075465 0.0527631 0.0220027 0.00342266 0.0318252 
0.753366 0.0231252 0.0745773 0.0611749 0.0479348 0.00515099 0.0346708 
0.807471 0.0190114 0.0525168 0.0537759 0.0375266 0.00536363 0.0243345 
0.795842 0.0196654 0.0486077 0.0632803 0.0430751 0.00517395 0.0243553 
0.803673 0.025524 0.0573915 0.0556794 0.0303119 0.00530074 0.0221195 
0.789329 0.0276336 0.0550655 0.0679822 0.0333561 0.00531687 0.0213169 
0.769376 0.017503 0.0641348 0.044308 0.0706183 0.00548924 0.028571 
0.726429 0.0261206 0.0644461 0.04717 0.0956152 0.0116698 0.0285493 
0.784274 0.0224853 0.0572479 0.0569836 0.0401412 0.00866381 0.0302044 
0.807948 0.0128423 0.0728172 0.0423348 0.0146904 0.0093798 0.039988 
0.771857 0.0144174 0.100652 0.0378928 0.0102462 0.00904777 0.0558872 
0.76352 0.0107346 0.0850242 0.0574122 0.0219415 0.0111848 0.050183 
0.778819 0.0117118 0.0749364 0.0443759 0.0117787 0.0123118 0.0660668 
0.762657 0.0105418 0.0808804 0.0578579 0.0181883 0.00754208 0.0623325 
0.768988 0.00950098 0.0748247 0.0860977 0.00965218 0.00668529 0.0442514 
0.803576 0.0117468 0.0757904 0.0516815 0.0128515 0.00616264 0.0381909 
0.79982 0.0149121 0.0668578 0.060958 0.0208221 0.00558592 0.0310442 
0.828509 0.0139701 0.0658219 0.0346818 0.0207238 0.0052339 0.0310596 
0.855225 0.01382 0.0590385 0.0204869 0.00970287 0.00550269 0.0362241 
0.813101 0.0168219 0.0607615 0.0304005 0.0178453 0.0123412 0.0487287 
0.790359 0.0163285 0.0645216 0.0503958 0.0141131 0.00781164 0.0564701 
0.809987 0.0150547 0.0592536 0.040679 0.0109356 0.00580057 0.0582896 
0.807883 0.0124538 0.0567818 0.0469244 0.006694 0.00411099 0.065152 
0.806892 0.0138015 0.0634674 0.0433602 0.0108818 0.00324891 0.0583479 
0.829249 0.0139929 0.0407449 0.0416949 0.0207026 0.00363241 0.049983 
0.806129 0.014693 0.0421959 0.0806498 0.0093604 0.00328407 0.0436881 
0.784589 0.0158988 0.0438849 0.0850969 0.00708232 0.0043467 0.059101 
0.864787 0.0157746 0.036798 0.0354929 0.00499593 0.00439585 0.0377555 
0.791385 0.0177489 0.0272285 0.129058 0.0068049 0.00438095 0.0233934 
0.805149 0.0131282 0.0407069 0.0979698 0.00536413 0.00336092 0.0343212 
0.793711 0.010321 0.0431165 0.101486 0.00572387 0.00315988 0.0424823 
0.778175 0.0105605 0.0395693 0.115531 0.00962748 0.00288673 0.0436492 
0.747973 0.0085653 0.0359725 0.155266 0.0152209 0.00320312 0.0337987 
0.701817 0.0162475 0.028952 0.205661 0.0113621 0.00332631 0.0326338 
0.763692 0.0124609 0.0270593 0.144318 0.0112429 0.00413751 0.0370892 
0.811042 0.0131759 0.0325204 0.102536 0.00911233 0.00311309 0.0284997 
0.85973 0.0126136 0.0348555 0.0292812 0.00327363 0.00499001 0.0552557 
0.828449 0.0117086 0.0405763 0.0418095 0.00588297 0.0053785 0.066195 
0.734632 0.0145199 0.0371508 0.14623 0.00913812 0.00567798 0.0526518 
0.829505 0.0131266 0.0271918 0.0795992 0.0127887 0.00512866 0.03266 
0.824311 0.0182112 0.0229113 0.0712326 0.0264421 0.00715327 0.0297389 
0.815093 0.0133301 0.0334644 0.0737013 0.0147354 0.00804373 0.0416324 
0.815919 0.00855412 0.0438023 0.0671199 0.0116583 0.00504997 0.0478965 
0.800443 0.0102972 0.0406955 0.08437 0.00890996 0.00541474 0.0498692 
0.79792 0.00866965 0.039937 0.100983 0.0164042 0.00427647 0.0318102 
0.825764 0.00829007 0.0458813 0.0488871 0.0100988 0.00347009 0.0576085 
0.795295 0.00762187 0.0459957 0.0622014 0.0180022 0.00333228 0.0675514 
0.739858 0.00994231 0.0468752 0.033349 0.019003 0.00434591 0.146627 
0.766546 0.00918499 0.0527415 0.0203456 0.0106273 0.00433905 0.136215 
0.762471 0.00844533 0.041705 0.100499 0.0123139 0.00579673 0.0687692 
0.802775 0.0116314 0.0419585 0.0710361 0.0118002 0.00453672 0.0562622 
0.737045 0.0117634 0.0450203 0.116712 0.0108191 0.00383839 0.0748009 
0.78402 0.00930923 0.0552625 0.0658964 0.00769145 0.003501 0.0743197 
0.818931 0.0166021 0.0346553 0.0606194 0.0116888 0.00420231 0.0533006 
0.828476 0.0133804 0.0382899 0.0423198 0.00586068 0.00408156 0.0675915 
0.836029 0.0126095 0.0379922 0.0315801 0.00995129 0.00479145 0.0670463 
0.816811 0.0107801 0.0398126 0.0465572 0.0226188 0.00352976 0.0598908 
0.812247 0.0102388 0.0440338 0.042876 0.0209669 0.00354764 0.0660895 
0.805353 0.0136601 0.0307194 0.0528982 0.0253941 0.00581209 0.0661635 
0.820953 0.0172851 0.0292619 0.0530992 0.0201081 0.00687896 0.052414 
0.798291 0.0179035 0.0337656 0.0304154 0.041498 0.00853768 0.0695892 
0.8008 0.0146947 0.038667 0.0352428 0.0253212 0.00836176 0.0769124 
0.838278 0.00942711 0.0436727 0.0272623 0.0148639 0.00502015 0.0614762 
0.78693 0.00758154 0.0562418 0.0609882 0.00628615 0.00436048 0.0776119 
0.769359 0.0106073 0.0502888 0.120218 0.00452336 0.00452429 0.0404795 
0.762129 0.0116115 0.0543389 0.102634 0.00407479 0.00522958 0.0599819 
0.800082 0.0146012 0.0414556 0.0894722 0.00986987 0.00488974 0.039629 
0.698883 0.00974054 0.0539293 0.143993 0.0175223 0.00555415 0.0703779 
0.72777 0.00841639 0.0620623 0.0656528 0.0122119 0.00521148 0.118676 
0.809852 0.00998732 0.0590809 0.010757 0.00425515 0.00516842 0.100899 
0.801736 0.0110228 0.0684149 0.0401655 0.00524566 0.00532307 0.0680925 
0.814865 0.01412 0.05853 0.0430112 0.0042121 0.00567167 0.0595903 
0.811351 0.0154352 0.038894 0.0869462 0.00846162 0.00582635 0.0330852 
0.782128 0.0161198 0.036822 0.103305 0.00970628 0.00624758 0.0456721 
0.760107 0.0148428 0.0465062 0.109472 0.0100101 0.00620778 0.0528541 
0.813347 0.0117729 0.0498552 0.060791 0.00469715 0.00479104 0.0547462 
0.804596 0.0120409 0.0364765 0.100811 0.01049 0.00403095 0.0315547 
0.791196 0.00995162 0.0653062 0.0592157 0.00330437 0.00497057 0.0660553 
0.764616 0.00903778 0.0736917 0.055975 0.00568896 0.0055999 0.0853902 
0.810427 0.0102812 0.0579199 0.06135 0.00591705 0.00429509 0.0498095 
0.802443 0.00872541 0.0569571 0.067027 0.00612365 0.00307272 0.0556509 
0.750561 0.0151754 0.0395386 0.137567 0.0112007 0.00667291 0.0392838 
0.739945 0.0125431 0.0520973 0.105362 0.00834526 0.00509875 0.0766089 
0.815879 0.0127 0.0409099 0.0708907 0.0069285 0.00541938 0.047273 
0.798249 0.0170249 0.0519571 0.055468 0.00752335 0.00623762 0.0635397 
0.776661 0.0135278 0.0409529 0.118579 0.0121164 0.00440858 0.0337549 
0.798279 0.0119021 0.0450022 0.0885209 0.0120054 0.00432186 0.0399684 
0.713978 0.011873 0.04493 0.162196 0.0141755 0.00346648 0.0493809 
0.76475 0.0125172 0.0406648 0.124465 0.0108819 0.00272895 0.0439924 
0.745187 0.013044 0.037233 0.150084 0.0128115 0.00361986 0.03802 
0.76038 0.0200013 0.0376974 0.120206 0.0125075 0.00392985 0.0452779 
0.814618 0.0158492 0.0433068 0.0580189 0.0112256 0.00419255 0.0527888 
0.830617 0.0219558 0.0356013 0.0469024 0.0121528 0.00525228 0.0475186 
0.83108 0.018516 0.0290542 0.0731001 0.0107559 0.00343871 0.034055 
0.80871 0.0163399 0.0360069 0.0708975 0.0102444 0.00306255 0.0547386 
0.854062 0.019564 0.0373872 0.0227582 0.0106703 0.00384197 0.0517168 
0.769245 0.0137987 0.0428936 0.0835407 0.0203589 0.00417527 0.0659882 
0.751012 0.0141466 0.0361725 0.139255 0.0135649 0.00355386 0.0422955 
0.736421 0.0173091 0.0291218 0.170467 0.0193477 0.00439706 0.0229368 
0.737752 0.0177264 0.0264933 0.183082 0.0145988 0.00244276 0.0179053 
0.755369 0.0111323 0.0350357 0.1474 0.0164971 0.00323856 0.0313274 
0.750009 0.0126346 0.0446165 0.148275 0.0082531 0.00366193 0.0325491 
0.786145 0.0100864 0.040396 0.107672 0.0127565 0.00382893 0.0391149 
0.731518 0.0100764 0.0552895 0.131232 0.00919877 0.00332224 0.0593632 
0.690492 0.0094656 0.0685781 0.153081 0.00582879 0.00268458 0.06987 
0.651568 0.011945 0.0588847 0.181141 0.00666902 0.00390596 0.0858858 
0.755151 0.00860885 0.056019 0.113157 0.00685157 0.0022801 0.0579324 
0.77032 0.00942888 0.059172 0.106647 0.00677821 0.00234162 0.0453126 
0.726892 0.0101663 0.0424795 0.18165 0.00833062 0.00253557 0.027946 
0.6191 0.00995041 0.0360951 0.292959 0.0115539 0.00246134 0.0278803 
0.794193 0.00931243 0.0588561 0.0743098 0.00622266 0.00247109 0.0546348 
0.789625 0.0113577 0.0577579 0.0978503 0.00413753 0.00218862 0.0370827 
0.832479 0.0116782 0.0532786 0.0626834 0.00455826 0.00237078 0.0329514 
0.719429 0.0108847 0.0551209 0.117764 0.00747234 0.00358987 0.0857389 
0.694615 0.0103335 0.0480974 0.181359 0.0128682 0.00327734 0.0494493 
0.688478 0.0135766 0.0494027 0.192814 0.00423492 0.00340433 0.0480897 
0.76132 0.0177524 0.0378026 0.145445 0.00415872 0.00409637 0.0294253 
0.642492 0.0204565 0.0289243 0.274698 0.00918757 0.00459786 0.0196431 
0.733996 0.0161272 0.0449979 0.168862 0.0045819 0.00322792 0.0282069 
0.765672 0.0169036 0.0312034 0.152898 0.00881907 0.00482967 0.0196738 
0.679579 0.0123779 0.0388246 0.240625 0.00909404 0.00212674 0.0173727 
0.721823 0.0104108 0.054115 0.171251 0.00815408 0.00295444 0.0312914 
0.693726 0.0111571 0.0463193 0.201003 0.0107462 0.00321862 0.0338306 
0.726396 0.0146965 0.0461133 0.172795 0.00944051 0.00374025 0.0268189 
0.703531 0.010004 0.0496075 0.202407 0.00647692 0.00343513 0.0245383 
0.635619 0.0107838 0.0440267 0.272608 0.00679786 0.00452969 0.0256351 
0.719356 0.0122744 0.0464655 0.183741 0.00500219 0.00423694 0.0289238 
0.643705 0.0100151 0.0409663 0.267619 0.012123 0.0028172 0.0227545 
0.789697 0.018964 0.0267742 0.127543 0.0188769 0.00438656 0.0137581 
0.737426 0.0107602 0.0305643 0.183917 0.017978 0.00412507 0.0152294 
0.817747 0.0164668 0.0348541 0.0940709 0.00647035 0.00502619 0.0253648 
0.767616 0.0140657 0.045205 0.128154 0.00544728 0.00572996 0.0337819 
0.806714 0.014352 0.0424903 0.0943306 0.0058018 0.00509361 0.0312172 
0.773507 0.0173452 0.0297574 0.146142 0.00804253 0.00547738 0.0197292 
0.732885 0.0153571 0.0316021 0.182607 0.0104146 0.00425166 0.0228823 
0.803671 0.0234558 0.0313825 0.106227 0.00996281 0.00421154 0.0210891 
0.815956 0.0215856 0.0310746 0.0979688 0.013376 0.0037628 0.0162765 
0.790145 0.0171741 0.0302799 0.129508 0.0105578 0.00425642 0.018079 
0.773404 0.0213656 0.0245745 0.146834 0.00888769 0.00501779 0.0199164 
0.679237 0.0138389 0.0276643 0.243653 0.00947709 0.0059847 0.0201442 
0.772828 0.0204553 0.0258668 0.143841 0.0103399 0.00370508 0.0229636 
0.775464 0.0169835 0.0269348 0.141695 0.0161446 0.00268347 0.0200939 
0.86299 0.0131719 0.0392613 0.0355967 0.00406869 0.00283569 0.0420757 
0.815656 0.0108248 0.0594374 0.0266165 0.00413259 0.00374454 0.0795879 
0.8544 0.0102054 0.0598354 0.00896421 0.00174788 0.00232556 0.0625213 
0.805699 0.00870296 0.0741349 0.0168236 0.00214033 0.00209177 0.0904076 
0.80208 0.0096114 0.0583976 0.0131984 0.00215957 0.00623089 0.108322 
0.863331 0.0339348 0.0267754 0.0201855 0.00860444 0.0069117 0.0402571 
0.824425 0.0314708 0.0211435 0.0762209 0.0174843 0.00611507 0.0231401 
0.819061 0.0215581 0.018386 0.0933156 0.0269528 0.00454835 0.0161779 
0.791727 0.0208223 0.0289549 0.0706848 0.0364243 0.0189491 0.0324375 
0.791095 0.0215348 0.0594554 0.0700107 0.0147527 0.0290208 0.0141306 
0.738562 0.0146119 0.0767437 0.0979891 0.0417353 0.01641 0.013948 
0.697965 0.0178975 0.0588922 0.130976 0.0595796 0.0194651 0.0152251 
0.619595 0.00904985 0.110096 0.209909 0.0145066 0.0171135 0.0197305 
0.612444 0.00947606 0.125305 0.187173 0.0152217 0.0186833 0.0316971 
0.7338 0.0127325 0.113688 0.0847508 0.00609377 0.0135008 0.0354333 
0.766715 0.0107634 0.127045 0.0469292 0.00343848 0.0117945 0.033314 
0.752285 0.00831782 0.107696 0.0495872 0.00557193 0.00970034 0.0668416 
0.819395 0.00780649 0.0641531 0.0554446 0.00311743 0.00510109 0.0449825 
0.816592 0.00959847 0.054737 0.078518 0.00438349 0.00481365 0.0313577 
0.818459 0.0102425 0.0539754 0.0765653 0.0030448 0.00540089 0.0323117 
0.705897 0.010096 0.045185 0.173101 0.00652882 0.00765304 0.0515392 
0.71305 0.0135752 0.0321758 0.18007 0.0202676 0.00486553 0.035996 
0.602762 0.0176445 0.0233539 0.308023 0.0125892 0.00364551 0.0319825 
0.636046 0.0139642 0.0139467 0.273068 0.042273 0.00305192 0.0176503 
0.757463 0.0226265 0.0178537 0.148543 0.0314321 0.00406134 0.0180198 
0.807568 0.0208211 0.0212677 0.0951356 0.0265223 0.00487989 0.0238055 
0.824789 0.0201147 0.028076 0.0717193 0.0144504 0.00488077 0.0359701 
0.812659 0.0201766 0.0232047 0.108742 0.0133684 0.00487641 0.016973 
0.796059 0.0163583 0.0267344 0.112742 0.0178371 0.00399628 0.0262726 
0.806306 0.0169414 0.0310336 0.0880001 0.0143402 0.00463695 0.0387413 
0.65392 0.0150864 0.0205977 0.244762 0.0460163 0.0032128 0.0164045 
0.803033 0.0164345 0.0279181 0.102447 0.0203686 0.00370695 0.0260911 
0.815124 0.0131929 0.0287091 0.105338 0.0121981 0.00343788 0.0219999 
0.78381 0.0146779 0.0288815 0.133032 0.0150431 0.00254155 0.0220141 
0.675029 0.0307585 0.0162317 0.22452 0.0341422 0.00420545 0.0151137 
0.51091 0.0261644 0.0134989 0.412094 0.0246274 0.00318778 0.00951787 
0.620535 0.0234969 0.0157218 0.261213 0.0622467 0.00427407 0.0125132 
0.604475 0.0185979 0.0185881 0.291639 0.0474856 0.00426158 0.0149525 
0.684341 0.020715 0.0178972 0.244864 0.0204189 0.00304893 0.00871498 
0.813683 0.0301207 0.0228726 0.0866737 0.0247154 0.0048848 0.0170495 
0.758052 0.0117266 0.0274294 0.137488 0.0348585 0.00385684 0.0265882 
0.804368 0.0154045 0.0316713 0.112344 0.00995938 0.00279268 0.0234597 
0.805456 0.0192791 0.0274237 0.0908855 0.027791 0.00470521 0.0244595 
0.773521 0.0275959 0.0221948 0.106498 0.0423684 0.00646305 0.0213587 
0.742725 0.01883 0.0237033 0.160699 0.0279543 0.00357348 0.022515 
0.694366 0.0183096 0.0225771 0.197752 0.0422012 0.00395851 0.0208353 
0.792348 0.0232644 0.0217624 0.0939852 0.0417517 0.00390043 0.0229878 
0.717424 0.0188589 0.0242028 0.168999 0.0394457 0.00407041 0.026999 
0.738045 0.0209724 0.0242111 0.130695 0.0518868 0.00654161 0.0276476 
0.728323 0.025971 0.0206539 0.168537 0.0244195 0.00604853 0.0260472 
0.758785 0.0188027 0.0240796 0.120215 0.035137 0.00706087 0.0359197 
0.765796 0.0217924 0.0203423 0.142632 0.0273413 0.00445158 0.017644 
0.701466 0.0192434 0.0242444 0.185581 0.0391107 0.00543482 0.02492 
0.663461 0.0182692 0.0174946 0.222066 0.0528203 0.00599852 0.0198897 
0.699592 0.0222511 0.0223608 0.198126 0.0197106 0.00532439 0.032635 
0.709908 0.0206536 0.0221404 0.146254 0.0702767 0.00727052 0.0234963 
0.769809 0.0223974 0.0253786 0.1398 0.0174875 0.00351826 0.0216091 
0.678291 0.0158414 0.0214073 0.224278 0.0353001 0.0042548 0.0206272 
0.674126 0.0180255 0.0224048 0.212196 0.0482571 0.00373782 0.021253 
0.819393 0.0212629 0.0251468 0.0821016 0.0273391 0.00473778 0.0200187 
0.805042 0.014857 0.0325985 0.117904 0.00970626 0.00231961 0.0175718 
0.797735 0.0168787 0.0278282 0.114484 0.0183623 0.00326308 0.0214486 
0.796434 0.0136758 0.0367938 0.0873404 0.0166313 0.00344684 0.0456775 
0.821225 0.0147531 0.0304835 0.0785093 0.0289867 0.0044345 0.0216078 
0.819372 0.0182588 0.0263195 0.0719314 0.0326159 0.00473005 0.0267727 
0.812087 0.0201866 0.0227362 0.0977271 0.0229903 0.00315503 0.021118 
0.704846 0.0147401 0.0235851 0.200708 0.0256772 0.00129699 0.0291466 
0.650164 0.0219339 0.0218503 0.238601 0.0288169 0.00191169 0.036722 
0.579467 0.0146855 0.0227316 0.32264 0.0269938 0.00179786 0.0316846 
0.600451 0.0185525 0.0201465 0.309217 0.0288742 0.00178254 0.0209766 
0.625518 0.0150198 0.0357269 0.274562 0.0106605 0.00153897 0.0369737 
0.561126 0.0164547 0.032219 0.336324 0.0116985 0.00169075 0.0404873 
0.639223 0.0217766 0.0322197 0.249306 0.011368 0.0014556 0.0446516 
0.724778 0.015465 0.0349838 0.172031 0.00985121 0.00133379 0.0415574 
0.654538 0.0132049 0.0408957 0.22955 0.0101413 0.0013184 0.0503517 
0.684446 0.0132812 0.0299162 0.234346 0.0106226 0.00138119 0.0260074 
0.642796 0.0179402 0.0284503 0.266567 0.010414 0.00157835 0.0322537 
0.635738 0.0259715 0.0268128 0.264281 0.0113172 0.00181313 0.0340666 
0.531116 0.0262736 0.0177684 0.389283 0.0154813 0.00182776 0.0182506 
0.622558 0.0211427 0.0250123 0.286563 0.0119787 0.00147763 0.0312674 
0.611958 0.0214431 0.0196508 0.310339 0.0141251 0.00135326 0.0211304 
0.574049 0.0186318 0.0172312 0.354879 0.0150222 0.00102171 0.0191647 
0.621422 0.0213741 0.0231673 0.286361 0.0127533 0.00181604 0.033106 
0.58393 0.0234909 0.0211333 0.339788 0.0103037 0.00178677 0.0195668 
0.677563 0.0219755 0.0281332 0.213211 0.015165 0.00183301 0.04212 
0.673807 0.0220599 0.02975 0.230287 0.00895348 0.00171857 0.033424 
0.634404 0.0167918 0.0306932 0.255666 0.0146792 0.00219406 0.0455717 
0.653753 0.0159963 0.035294 0.24238 0.00952983 0.00119546 0.0418514 
0.587934 0.0175053 0.0328156 0.301617 0.0151288 0.00139051 0.0436086 
0.55671 0.0155567 0.0299911 0.343091 0.0142656 0.00134656 0.0390384 
0.541029 0.0132822 0.025701 0.372809 0.0158057 0.00129308 0.03008 
0.529025 0.0106759 0.0277933 0.391351 0.0138824 9.95004E-4 0.026278 
0.502361 0.0145598 0.0220567 0.420665 0.0141303 0.00120287 0.025025 
0.580667 0.0205813 0.0237911 0.336661 0.00965045 0.00178232 0.0268668 
0.597419 0.0168867 0.0261303 0.331333 0.00907252 0.00116696 0.0179922 
0.660508 0.0196068 0.0260192 0.260485 0.0100902 0.00147559 0.021815 
0.680912 0.0148515 0.0252595 0.248746 0.0120916 0.00115426 0.0169846 
0.665321 0.0293669 0.0191912 0.239748 0.0245068 0.00182652 0.0200398 
0.536832 0.0168663 0.0198026 0.389828 0.0166025 0.00124026 0.0188288 
0.679821 0.0173122 0.0346143 0.222981 0.00896617 0.00105312 0.0352526 
0.642962 0.0185001 0.0273322 0.262246 0.0146994 0.00115417 0.0331063 
0.697429 0.024858 0.0235694 0.213279 0.0136067 0.00174995 0.0255073 
0.607913 0.0246842 0.0179259 0.306363 0.021587 0.0021847 0.0193417 
0.594503 0.0161176 0.0268956 0.338145 0.00812163 9.55572E-4 0.0152611 
0.482343 0.015757 0.0213575 0.442301 0.0151305 0.00152088 0.0215894 
0.692274 0.0162446 0.0288306 0.225822 0.0105352 0.00138452 0.0249083 
0.654353 0.0272683 0.01745 0.254307 0.0303398 0.00177616 0.0145057 
0.583178 0.0163271 0.035343 0.339427 0.00641475 8.80258E-4 0.01843 
0.50641 0.0138003 0.0241408 0.432985 0.00770497 8.6331E-4 0.0140961 
0.518065 0.0126044 0.0252393 0.414597 0.0107753 9.02494E-4 0.0178164 
0.62027 0.0166162 0.029433 0.286919 0.0152568 0.00146321 0.0300418 
0.652172 0.0200421 0.0195159 0.269148 0.0222325 0.00113271 0.0157564 
0.622769 0.0144432 0.030602 0.29562 0.00963383 0.0010089 0.0259227 
0.59129 0.0136717 0.0240083 0.336236 0.011096 0.00135249 0.0223457 
0.658613 0.0152323 0.0288544 0.251575 0.0132489 0.00137247 0.0311042 
0.583699 0.0134682 0.0242578 0.345694 0.0121576 0.00108958 0.0196338 
0.560208 0.0218756 0.018512 0.371252 0.0127333 0.00157914 0.0138403 
0.612011 0.0131572 0.0316181 0.306886 0.0111383 0.00107231 0.0241169 
0.674389 0.0147958 0.0313844 0.22233 0.0174874 0.00167102 0.0379421 
0.696003 0.0257309 0.0247067 0.222998 0.0112158 0.00159159 0.0177538 
0.683973 0.0264459 0.029305 0.222744 0.00975098 0.00157225 0.0262093 
0.620036 0.0213013 0.0324443 0.288631 0.00930792 0.00127094 0.0270093 
0.690288 0.0163464 0.0308926 0.215444 0.0151592 0.00131778 0.030552 
0.5373 0.0140592 0.025652 0.388822 0.0112459 0.00106567 0.0218556 
0.631513 0.0147924 0.0300733 0.289419 0.0100435 0.00119471 0.0229638 
0.605354 0.0223254 0.0195129 0.309317 0.0228646 0.00163683 0.0189892 
0.623745 0.0202007 0.0253222 0.290073 0.0118252 0.00153618 0.027298 
0.593278 0.0168131 0.0340447 0.322097 0.00644698 0.00123397 0.0260858 
0.540076 0.0160007 0.032663 0.377725 0.00617464 0.00112884 0.026232 
0.543506 0.0144858 0.0547486 0.330611 0.00473375 0.0012382 0.0506763 
0.514922 0.0205545 0.0229083 0.407522 0.0114182 0.00149184 0.0211828 
0.610928 0.0153362 0.0347306 0.303733 0.00933226 0.00120088 0.0247395 
0.613803 0.0178029 0.0436525 0.28066 0.00716716 0.00132291 0.0355913 
0.687366 0.0156193 0.0395442 0.197589 0.0112065 0.0012669 0.0474081 
0.629815 0.0147995 0.0246103 0.276264 0.0246039 0.00119709 0.0287097 
0.587595 0.0139678 0.022992 0.327834 0.0236796 0.00133308 0.0225987 
0.595742 0.0149237 0.0262969 0.320569 0.0188964 0.00134154 0.0222301 
0.531101 0.0174573 0.0249786 0.396227 0.0112921 0.00102406 0.0179199 
0.521871 0.0135852 0.0242822 0.40526 0.0123898 0.00106747 0.021544 
0.582822 0.0176655 0.025575 0.341145 0.0105125 0.00110432 0.0211763 
0.638464 0.0240438 0.0215715 0.281142 0.0156764 0.00137116 0.0177308 
0.503169 0.0164398 0.0250879 0.424447 0.00901901 8.83684E-4 0.0209535 
0.435524 0.0122537 0.0260725 0.494116 0.00937922 0.00130242 0.0213519 
0.493962 0.0156389 0.0223758 0.422238 0.0192899 0.00148411 0.0250109 
0.453139 0.0139622 0.0268815 0.471301 0.0107843 0.00105447 0.0228776 
0.513186 0.0143273 0.0249978 0.416568 0.0110882 9.32586E-4 0.0189008 
0.536235 0.024057 0.0201978 0.379198 0.0200656 0.00179685 0.0184502 
0.563902 0.0178232 0.0291645 0.3528 0.00942123 0.00139957 0.0254889 
0.483638 0.0176277 0.0254496 0.438431 0.0103804 0.00125256 0.0232209 
0.512929 0.0156296 0.0217554 0.410702 0.0187809 0.00131832 0.0188847 
0.536358 0.0255788 0.0188308 0.383798 0.017134 0.0016898 0.0166107 
0.526299 0.0194278 0.021765 0.395852 0.0126323 0.00157492 0.0224491 
0.401318 0.0193538 0.0180978 0.537939 0.00866827 0.00118342 0.0134404 
0.480521 0.0229256 0.0187125 0.447309 0.0110582 0.00130601 0.0181673 
0.543615 0.0190718 0.0202532 0.389456 0.0127884 0.0010911 0.0137239 
0.559264 0.0218338 0.0236317 0.361002 0.0109334 0.001115 0.0222198 
0.763285 0.0159712 0.022767 0.155399 0.0202072 0.00322889 0.0191424 
0.695875 0.0193908 0.021351 0.232226 0.0154061 0.00333039 0.0124211 
0.698509 0.0201578 0.0197734 0.224193 0.0179861 0.00429404 0.0150876 
0.774754 0.0247866 0.0196737 0.135051 0.0305586 0.00364693 0.0115288 
0.519657 0.0112948 0.0218946 0.398805 0.0306557 0.00372934 0.0139627 
0.697952 0.0136108 0.0231604 0.221332 0.0276539 0.00257054 0.0137205 
0.724636 0.0200876 0.0199021 0.201239 0.0199461 0.0032672 0.0109216 
0.687346 0.0219949 0.0188094 0.212181 0.0403414 0.00516343 0.0141638 
0.708693 0.0206804 0.0199306 0.214311 0.0220686 0.0030018 0.0113143 
0.715969 0.0211255 0.0215333 0.20029 0.0229045 0.00331571 0.0148624 
0.66717 0.0256247 0.0184913 0.216035 0.0484096 0.00548518 0.0187841 
0.725151 0.0239189 0.0221217 0.183134 0.0242105 0.00362146 0.0178424 
0.736891 0.0228379 0.0191454 0.166524 0.0343113 0.00338242 0.0169076 
0.612512 0.0216129 0.0146416 0.287811 0.0463733 0.00374043 0.0133085 
0.687845 0.0178389 0.0247885 0.201785 0.0416604 0.0037023 0.0223806 
0.746065 0.017627 0.0227725 0.152546 0.0285606 0.00343855 0.0289899 
0.672346 0.0124443 0.0242688 0.226357 0.0330362 0.00376915 0.0277791 
0.766377 0.0175379 0.0295675 0.13247 0.0211814 0.00465471 0.0282118 
0.764031 0.0200014 0.0228324 0.123758 0.0347095 0.00615286 0.0285152 
0.733672 0.0204227 0.0250747 0.167967 0.0177831 0.00407097 0.0310098 
0.705 0.0210379 0.0210169 0.209356 0.0207093 0.0044238 0.0184569 
0.751056 0.0187321 0.0229992 0.155291 0.0293623 0.0037529 0.0188062 
0.720241 0.017886 0.020007 0.198635 0.0250442 0.00313545 0.0150505 
0.77209 0.0222529 0.0215789 0.149693 0.0141568 0.00313903 0.0170889 
0.731774 0.0270449 0.0205796 0.180926 0.0207484 0.0035861 0.0153413 
0.810465 0.0235437 0.023645 0.0906762 0.0240867 0.00454939 0.0230338 
0.709708 0.0158533 0.0201145 0.193389 0.039557 0.00440242 0.0169765 
0.719754 0.0178852 0.0214402 0.209773 0.0106795 0.00258033 0.0178887 
0.788935 0.0210951 0.0225987 0.11673 0.0222305 0.00467048 0.02374 
0.809862 0.0219642 0.0255608 0.0851827 0.0276536 0.00434224 0.0254344 
0.729093 0.017695 0.0213089 0.159111 0.0481011 0.0046092 0.0200821 
0.79236 0.0202691 0.0228591 0.119216 0.0179691 0.00357835 0.0237481 
0.750111 0.0176233 0.0218273 0.16138 0.0267481 0.00353891 0.0187707 
0.753713 0.0280819 0.0177093 0.157627 0.026315 0.00418844 0.0123649 
0.791375 0.0187022 0.0256569 0.104307 0.0286574 0.00426435 0.0270369 
0.768532 0.0196365 0.0229341 0.130208 0.0367161 0.0036781 0.0182956 
0.80079 0.0263296 0.0229457 0.0917027 0.0325945 0.00474032 0.0208976 
0.694302 0.0234449 0.0194052 0.183559 0.0577901 0.00486693 0.0166322 
0.816352 0.0203406 0.0222264 0.101747 0.0199431 0.0030974 0.0162938 
0.694948 0.0213184 0.017844 0.179974 0.0665047 0.00428366 0.015127 
0.811523 0.0282767 0.023609 0.0899992 0.018276 0.00403185 0.0242843 
0.768207 0.0194832 0.0227041 0.141664 0.0270048 0.00383883 0.0170973 
0.783346 0.0259304 0.0225576 0.130101 0.0199228 0.00331242 0.0148295 
0.729078 0.0269031 0.0166151 0.173425 0.0370135 0.00447335 0.0124924 
0.764316 0.0267541 0.0223705 0.14573 0.017177 0.00507536 0.0185765 
0.749701 0.0362467 0.0184716 0.162458 0.0149688 0.00354993 0.0146041 
0.707588 0.0256495 0.0215254 0.198942 0.0246725 0.00423828 0.0173845 
0.697226 0.0161716 0.0224077 0.211403 0.0321597 0.00418788 0.0164437 
0.762437 0.0167266 0.0256872 0.149738 0.0212966 0.00422019 0.0198941 
0.753924 0.0165009 0.0232424 0.152678 0.0308063 0.00309921 0.0197487 
0.504333 0.0210542 0.0172996 0.387153 0.0485158 0.00532952 0.0163141 
0.699666 0.0178039 0.0257239 0.204364 0.0272306 0.00389145 0.0213201 
0.668119 0.0182383 0.0227707 0.223006 0.038113 0.00401084 0.0257415 
0.686278 0.0254418 0.0204311 0.189641 0.0540398 0.00432381 0.0198445 
0.671708 0.016189 0.019421 0.255009 0.0200096 0.00323118 0.0144326 
0.705565 0.0155538 0.0254085 0.21115 0.0187127 0.00292233 0.0206871 
0.782828 0.0203262 0.0241114 0.132037 0.0222448 0.00350004 0.0149524 
0.588127 0.0149093 0.0209598 0.325843 0.0309742 0.00292568 0.0162603 
0.762558 0.0119822 0.0318289 0.151999 0.0138949 0.00173726 0.0260005 
0.721383 0.0129594 0.0207577 0.196361 0.0288453 0.00225748 0.0174355 
0.750832 0.0183764 0.0225141 0.169284 0.0197701 0.00220995 0.0170133 
0.714314 0.0294231 0.0170101 0.177288 0.0439903 0.00374227 0.0142326 
0.697258 0.01992 0.0206676 0.224899 0.0206626 0.00298886 0.0136036 
0.653255 0.0331096 0.0179247 0.255915 0.0197439 0.00487676 0.0151749 
0.605435 0.0239632 0.0154048 0.300569 0.0398448 0.00371862 0.0110643 
0.67557 0.0236555 0.02082 0.245195 0.0145165 0.00316322 0.0170803 
0.640965 0.0173808 0.0188556 0.280123 0.0229463 0.00349895 0.0162304 
0.688002 0.0220718 0.0169781 0.233645 0.022703 0.00474951 0.0118503 
0.655344 0.0244144 0.0229081 0.23385 0.0378182 0.00561626 0.0200491 
0.667476 0.0229429 0.0213754 0.232757 0.0348814 0.00477138 0.0157951 
0.681841 0.0203632 0.020625 0.216004 0.038592 0.00411907 0.0184562 
0.669013 0.0204693 0.0183237 0.255545 0.0198218 0.0042104 0.0126166 
0.595723 0.0216165 0.0154556 0.319467 0.0318512 0.00440063 0.0114855 
0.759947 0.0281706 0.0208476 0.144775 0.0239429 0.00453146 0.0177854 
0.714063 0.0281583 0.0182217 0.184305 0.033473 0.00600375 0.0157751 
0.541994 0.023225 0.017617 0.34655 0.050378 0.00618159 0.0140547 
0.760605 0.0163945 0.0243198 0.141885 0.0304011 0.00458904 0.021806 
0.707696 0.0151158 0.0301065 0.19476 0.0242798 0.00403306 0.0240094 
0.80279 0.0257848 0.0199789 0.0853492 0.0367493 0.00690445 0.0224438 
0.801302 0.0198048 0.0246708 0.101782 0.0196426 0.00430468 0.0284928 
0.749999 0.0175159 0.020823 0.153638 0.034267 0.00459403 0.0191626 
0.766258 0.0205036 0.0192314 0.148685 0.0255486 0.00466824 0.015105 
0.7338 0.019194 0.0208217 0.170597 0.0326359 0.00402899 0.0189229 
0.778596 0.0170141 0.0231921 0.135017 0.0240473 0.00345319 0.0186799 
0.743962 0.0247279 0.0217199 0.141103 0.0431525 0.00464766 0.0206872 
0.761923 0.0317119 0.0206885 0.113291 0.0477652 0.00617882 0.0184408 
0.769796 0.0196395 0.0199927 0.105806 0.0568224 0.00462723 0.0233157 
0.73298 0.0186929 0.0256285 0.145071 0.0496265 0.00511699 0.0228835 
0.754698 0.0166509 0.0233996 0.151764 0.0314043 0.00382028 0.0182629 
0.536969 0.0266454 0.01624 0.366436 0.0374082 0.00382481 0.0124762 
