0.61195 0.0194821 0.0326615 0.29312 0.00883659 0.00114866 0.0328015 
0.721644 0.0243136 0.0421955 0.140078 0.00640219 0.00122435 0.0641423 
0.635656 0.027542 0.0322192 0.260028 0.0068404 0.00116678 0.0365479 
0.638095 0.0212778 0.0326282 0.265091 0.00787854 0.00135251 0.033677 
0.741791 0.0368069 0.0290066 0.137652 0.0094676 0.00197495 0.0433013 
0.652108 0.0249613 0.0298826 0.25012 0.00827552 0.00158417 0.0330689 
0.686967 0.019972 0.0366774 0.214913 0.00669952 0.0010366 0.0337353 
0.616472 0.0212284 0.0275929 0.292912 0.0130515 0.00151382 0.0272292 
0.679868 0.0236389 0.0291124 0.219482 0.00885345 0.0015178 0.0375276 
0.62691 0.0215976 0.0242309 0.2975 0.00889484 0.00106393 0.0198031 
0.710738 0.0218704 0.0265052 0.209274 0.00974414 0.00119474 0.0206733 
0.606573 0.0268143 0.0202476 0.314384 0.0136535 0.0012744 0.0170531 
0.643244 0.0319489 0.0267572 0.267624 0.00782399 0.00114694 0.0214551 
0.619491 0.0244834 0.0195288 0.299398 0.0205014 0.00116293 0.0154346 
0.679804 0.0301194 0.0209151 0.228601 0.0194533 0.00193582 0.0191708 
0.699235 0.028296 0.0222069 0.208577 0.0168121 0.00162039 0.0232524 
0.63578 0.0188718 0.0434366 0.25412 0.00492157 0.00102919 0.0418407 
0.611382 0.0213863 0.0329319 0.298007 0.00720493 0.00115567 0.027932 
0.685613 0.0224795 0.0339546 0.21786 0.00659015 0.0011926 0.0323096 
0.636552 0.0213268 0.0379828 0.25875 0.00586427 0.00134411 0.0381799 
0.639016 0.0243892 0.0291073 0.269725 0.0101411 0.00140988 0.0262118 
0.654937 0.022821 0.0317266 0.253664 0.00944619 0.00167253 0.0257321 
0.674432 0.0224305 0.0299171 0.228663 0.00958528 0.00188677 0.0330852 
0.600628 0.0209308 0.0224556 0.309487 0.0183665 0.00150906 0.0266233 
0.64971 0.0238718 0.0333753 0.246119 0.00869745 0.00154521 0.0366818 
0.659481 0.0189842 0.0377093 0.227467 0.00914711 0.0013255 0.0458859 
0.633037 0.0266887 0.0274619 0.274242 0.0104801 0.00160787 0.0264818 
0.662578 0.0284816 0.0301862 0.214829 0.0177588 0.00191754 0.044249 
0.620585 0.0254051 0.0369965 0.25812 0.00968485 0.00166279 0.0475463 
0.569297 0.0257422 0.0268312 0.330165 0.0109032 0.00135765 0.0357044 
0.503169 0.0164398 0.0250879 0.424447 0.00901901 8.83684E-4 0.0209535 
0.435524 0.0122537 0.0260725 0.494116 0.00937922 0.00130242 0.0213519 
0.493962 0.0156389 0.0223758 0.422238 0.0192899 0.00148411 0.0250109 
0.453139 0.0139622 0.0268815 0.471301 0.0107843 0.00105447 0.0228776 
0.513186 0.0143273 0.0249978 0.416568 0.0110882 9.32586E-4 0.0189008 
0.536235 0.024057 0.0201978 0.379198 0.0200656 0.00179685 0.0184502 
0.563902 0.0178232 0.0291645 0.3528 0.00942123 0.00139957 0.0254889 
0.483638 0.0176277 0.0254496 0.438431 0.0103804 0.00125256 0.0232209 
0.512929 0.0156296 0.0217554 0.410702 0.0187809 0.00131832 0.0188847 
0.536358 0.0255788 0.0188308 0.383798 0.017134 0.0016898 0.0166107 
0.526299 0.0194278 0.021765 0.395852 0.0126323 0.00157492 0.0224491 
0.401318 0.0193538 0.0180978 0.537939 0.00866827 0.00118342 0.0134404 
0.480521 0.0229256 0.0187125 0.447309 0.0110582 0.00130601 0.0181673 
0.543615 0.0190718 0.0202532 0.389456 0.0127884 0.0010911 0.0137239 
0.559264 0.0218338 0.0236317 0.361002 0.0109334 0.001115 0.0222198 
0.503169 0.0164398 0.0250879 0.424447 0.00901901 8.83684E-4 0.0209535 
0.435524 0.0122537 0.0260725 0.494116 0.00937922 0.00130242 0.0213519 
0.493962 0.0156389 0.0223758 0.422238 0.0192899 0.00148411 0.0250109 
0.453139 0.0139622 0.0268815 0.471301 0.0107843 0.00105447 0.0228776 
0.513186 0.0143273 0.0249978 0.416568 0.0110882 9.32586E-4 0.0189008 
0.536235 0.024057 0.0201978 0.379198 0.0200656 0.00179685 0.0184502 
0.563902 0.0178232 0.0291645 0.3528 0.00942123 0.00139957 0.0254889 
0.483638 0.0176277 0.0254496 0.438431 0.0103804 0.00125256 0.0232209 
0.512929 0.0156296 0.0217554 0.410702 0.0187809 0.00131832 0.0188847 
0.536358 0.0255788 0.0188308 0.383798 0.017134 0.0016898 0.0166107 
0.526299 0.0194278 0.021765 0.395852 0.0126323 0.00157492 0.0224491 
0.401318 0.0193538 0.0180978 0.537939 0.00866827 0.00118342 0.0134404 
0.480521 0.0229256 0.0187125 0.447309 0.0110582 0.00130601 0.0181673 
0.543615 0.0190718 0.0202532 0.389456 0.0127884 0.0010911 0.0137239 
0.559264 0.0218338 0.0236317 0.361002 0.0109334 0.001115 0.0222198 
0.457032 0.0124101 0.0180588 0.469431 0.0205243 0.00139123 0.0211525 
0.481522 0.0131891 0.0158479 0.457524 0.016953 0.00113696 0.013828 
0.596872 0.0108272 0.0187181 0.327258 0.0259448 0.00133619 0.0190437 
0.456785 0.0113466 0.0144952 0.471894 0.0319591 0.00129742 0.0122218 
0.419241 0.0134687 0.0135635 0.529422 0.0161747 0.00111339 0.00701691 
0.305075 0.0209976 0.0115085 0.643533 0.0107297 0.0013912 0.00676425 
0.459523 0.0150572 0.0166949 0.489646 0.0110105 0.00101836 0.00705023 
0.515609 0.0146727 0.0180571 0.423027 0.014345 0.00152488 0.012765 
0.387096 0.0122547 0.0139053 0.5623 0.015341 0.00126459 0.00783912 
0.49136 0.0194449 0.0192405 0.447628 0.00838627 0.00137339 0.0125664 
0.464231 0.0118527 0.0270973 0.469925 0.0070752 0.00129009 0.0185285 
0.455639 0.0145889 0.0176798 0.479595 0.013827 0.00166809 0.017002 
0.526542 0.0118455 0.0291708 0.403146 0.00827918 0.00128026 0.0197361 
0.477524 0.0134002 0.0163879 0.465658 0.0147169 0.0013255 0.0109868 
0.473808 0.01952 0.0176154 0.465749 0.00942648 0.00135851 0.0125224 
0.544651 0.015291 0.0200492 0.387292 0.0128921 0.00177152 0.0180527 
0.503169 0.0164398 0.0250879 0.424447 0.00901901 8.83684E-4 0.0209535 
0.435524 0.0122537 0.0260725 0.494116 0.00937922 0.00130242 0.0213519 
0.493962 0.0156389 0.0223758 0.422238 0.0192899 0.00148411 0.0250109 
0.453139 0.0139622 0.0268815 0.471301 0.0107843 0.00105447 0.0228776 
0.513186 0.0143273 0.0249978 0.416568 0.0110882 9.32586E-4 0.0189008 
0.536235 0.024057 0.0201978 0.379198 0.0200656 0.00179685 0.0184502 
0.563902 0.0178232 0.0291645 0.3528 0.00942123 0.00139957 0.0254889 
0.483638 0.0176277 0.0254496 0.438431 0.0103804 0.00125256 0.0232209 
0.512929 0.0156296 0.0217554 0.410702 0.0187809 0.00131832 0.0188847 
0.536358 0.0255788 0.0188308 0.383798 0.017134 0.0016898 0.0166107 
0.526299 0.0194278 0.021765 0.395852 0.0126323 0.00157492 0.0224491 
0.401318 0.0193538 0.0180978 0.537939 0.00866827 0.00118342 0.0134404 
0.480521 0.0229256 0.0187125 0.447309 0.0110582 0.00130601 0.0181673 
0.543615 0.0190718 0.0202532 0.389456 0.0127884 0.0010911 0.0137239 
0.559264 0.0218338 0.0236317 0.361002 0.0109334 0.001115 0.0222198 
0.387446 0.0174519 0.0135709 0.534938 0.0346637 0.00184044 0.0100895 
0.376025 0.0211615 0.0136513 0.54503 0.0325228 0.00191686 0.00969292 
0.476072 0.0181944 0.0184731 0.456342 0.0178872 0.00162491 0.0114063 
0.355232 0.017258 0.0145107 0.581229 0.0220918 0.0014494 0.00822984 
0.487462 0.0186025 0.0182708 0.412381 0.0458174 0.00250565 0.0149605 
0.598036 0.0259228 0.023041 0.315043 0.0188657 0.00143872 0.0176529 
0.51346 0.0242573 0.0216313 0.400478 0.0210343 0.00176864 0.0173697 
0.413911 0.0299818 0.0176041 0.491044 0.0287447 0.00284967 0.0158645 
0.31891 0.0154481 0.0133448 0.609286 0.0319303 0.00211543 0.00896534 
0.515023 0.0168222 0.0233288 0.397518 0.0236764 0.00212002 0.0215121 
0.640383 0.0299429 0.0310749 0.24217 0.015783 0.0027437 0.0379023 
0.586322 0.0347832 0.0257198 0.318174 0.0125753 0.00160577 0.0208203 
0.657191 0.0301275 0.0351128 0.226862 0.00755015 0.00258095 0.040576 
0.635124 0.0219019 0.0274801 0.268471 0.020098 0.00220417 0.02472 
0.595251 0.0216763 0.0292525 0.31395 0.0143974 0.00166241 0.0238101 
0.503169 0.0164398 0.0250879 0.424447 0.00901901 8.83684E-4 0.0209535 
0.435524 0.0122537 0.0260725 0.494116 0.00937922 0.00130242 0.0213519 
0.493962 0.0156389 0.0223758 0.422238 0.0192899 0.00148411 0.0250109 
0.453139 0.0139622 0.0268815 0.471301 0.0107843 0.00105447 0.0228776 
0.513186 0.0143273 0.0249978 0.416568 0.0110882 9.32586E-4 0.0189008 
0.536235 0.024057 0.0201978 0.379198 0.0200656 0.00179685 0.0184502 
0.563902 0.0178232 0.0291645 0.3528 0.00942123 0.00139957 0.0254889 
0.483638 0.0176277 0.0254496 0.438431 0.0103804 0.00125256 0.0232209 
0.512929 0.0156296 0.0217554 0.410702 0.0187809 0.00131832 0.0188847 
0.536358 0.0255788 0.0188308 0.383798 0.017134 0.0016898 0.0166107 
0.526299 0.0194278 0.021765 0.395852 0.0126323 0.00157492 0.0224491 
0.401318 0.0193538 0.0180978 0.537939 0.00866827 0.00118342 0.0134404 
0.480521 0.0229256 0.0187125 0.447309 0.0110582 0.00130601 0.0181673 
0.543615 0.0190718 0.0202532 0.389456 0.0127884 0.0010911 0.0137239 
0.559264 0.0218338 0.0236317 0.361002 0.0109334 0.001115 0.0222198 
0.551268 0.0279206 0.0304249 0.338916 0.014121 0.00243523 0.0349141 
0.624289 0.0323332 0.0288937 0.257734 0.0187372 0.00299186 0.0350204 
0.504558 0.0514459 0.022504 0.378776 0.018366 0.0035628 0.0207869 
0.610464 0.0796219 0.0209078 0.224125 0.0388398 0.00522567 0.0208167 
0.502492 0.0476724 0.0203973 0.317501 0.0863218 0.00461058 0.0210044 
0.416001 0.0234739 0.0184016 0.417632 0.101283 0.0036844 0.0195237 
0.585179 0.0281368 0.0226837 0.306832 0.0306337 0.00246592 0.0240684 
0.710339 0.0215735 0.0322376 0.172876 0.0217041 0.00321134 0.0380586 
0.606964 0.0223044 0.0257568 0.286498 0.0228301 0.00292649 0.0327202 
0.710744 0.0292409 0.0283783 0.176108 0.0198193 0.00312211 0.0325873 
0.612682 0.0346606 0.0261418 0.272434 0.0173025 0.00314648 0.033632 
0.591535 0.0344452 0.0247921 0.301099 0.018273 0.0025664 0.0272897 
0.621274 0.0283308 0.0371782 0.244736 0.0127734 0.00283911 0.0528689 
0.484801 0.0252454 0.0295128 0.403827 0.0170287 0.00265257 0.0369324 
0.503169 0.0164398 0.0250879 0.424447 0.00901901 8.83684E-4 0.0209535 
0.435524 0.0122537 0.0260725 0.494116 0.00937922 0.00130242 0.0213519 
0.493962 0.0156389 0.0223758 0.422238 0.0192899 0.00148411 0.0250109 
0.453139 0.0139622 0.0268815 0.471301 0.0107843 0.00105447 0.0228776 
0.513186 0.0143273 0.0249978 0.416568 0.0110882 9.32586E-4 0.0189008 
0.536235 0.024057 0.0201978 0.379198 0.0200656 0.00179685 0.0184502 
0.563902 0.0178232 0.0291645 0.3528 0.00942123 0.00139957 0.0254889 
0.483638 0.0176277 0.0254496 0.438431 0.0103804 0.00125256 0.0232209 
0.512929 0.0156296 0.0217554 0.410702 0.0187809 0.00131832 0.0188847 
0.536358 0.0255788 0.0188308 0.383798 0.017134 0.0016898 0.0166107 
0.526299 0.0194278 0.021765 0.395852 0.0126323 0.00157492 0.0224491 
0.401318 0.0193538 0.0180978 0.537939 0.00866827 0.00118342 0.0134404 
0.480521 0.0229256 0.0187125 0.447309 0.0110582 0.00130601 0.0181673 
0.543615 0.0190718 0.0202532 0.389456 0.0127884 0.0010911 0.0137239 
0.559264 0.0218338 0.0236317 0.361002 0.0109334 0.001115 0.0222198 
0.620535 0.0234969 0.0157218 0.261213 0.0622467 0.00427407 0.0125132 
0.604475 0.0185979 0.0185881 0.291639 0.0474856 0.00426158 0.0149525 
0.684341 0.020715 0.0178972 0.244864 0.0204189 0.00304893 0.00871498 
0.813683 0.0301207 0.0228726 0.0866737 0.0247154 0.0048848 0.0170495 
0.758052 0.0117266 0.0274294 0.137488 0.0348585 0.00385684 0.0265882 
0.804368 0.0154045 0.0316713 0.112344 0.00995938 0.00279268 0.0234597 
0.805456 0.0192791 0.0274237 0.0908855 0.027791 0.00470521 0.0244595 
0.773521 0.0275959 0.0221948 0.106498 0.0423684 0.00646305 0.0213587 
0.742725 0.01883 0.0237033 0.160699 0.0279543 0.00357348 0.022515 
0.694366 0.0183096 0.0225771 0.197752 0.0422012 0.00395851 0.0208353 
0.792348 0.0232644 0.0217624 0.0939852 0.0417517 0.00390043 0.0229878 
0.717424 0.0188589 0.0242028 0.168999 0.0394457 0.00407041 0.026999 
0.738045 0.0209724 0.0242111 0.130695 0.0518868 0.00654161 0.0276476 
0.728323 0.025971 0.0206539 0.168537 0.0244195 0.00604853 0.0260472 
0.758785 0.0188027 0.0240796 0.120215 0.035137 0.00706087 0.0359197 
0.765796 0.0217924 0.0203423 0.142632 0.0273413 0.00445158 0.017644 
0.701466 0.0192434 0.0242444 0.185581 0.0391107 0.00543482 0.02492 
0.663461 0.0182692 0.0174946 0.222066 0.0528203 0.00599852 0.0198897 
0.699592 0.0222511 0.0223608 0.198126 0.0197106 0.00532439 0.032635 
0.709908 0.0206536 0.0221404 0.146254 0.0702767 0.00727052 0.0234963 
0.769809 0.0223974 0.0253786 0.1398 0.0174875 0.00351826 0.0216091 
0.678291 0.0158414 0.0214073 0.224278 0.0353001 0.0042548 0.0206272 
0.674126 0.0180255 0.0224048 0.212196 0.0482571 0.00373782 0.021253 
0.819393 0.0212629 0.0251468 0.0821016 0.0273391 0.00473778 0.0200187 
0.805042 0.014857 0.0325985 0.117904 0.00970626 0.00231961 0.0175718 
0.797735 0.0168787 0.0278282 0.114484 0.0183623 0.00326308 0.0214486 
0.796434 0.0136758 0.0367938 0.0873404 0.0166313 0.00344684 0.0456775 
0.821225 0.0147531 0.0304835 0.0785093 0.0289867 0.0044345 0.0216078 
0.819372 0.0182588 0.0263195 0.0719314 0.0326159 0.00473005 0.0267727 
0.812087 0.0201866 0.0227362 0.0977271 0.0229903 0.00315503 0.021118 
0.503169 0.0164398 0.0250879 0.424447 0.00901901 8.83684E-4 0.0209535 
0.435524 0.0122537 0.0260725 0.494116 0.00937922 0.00130242 0.0213519 
0.493962 0.0156389 0.0223758 0.422238 0.0192899 0.00148411 0.0250109 
0.453139 0.0139622 0.0268815 0.471301 0.0107843 0.00105447 0.0228776 
0.513186 0.0143273 0.0249978 0.416568 0.0110882 9.32586E-4 0.0189008 
0.536235 0.024057 0.0201978 0.379198 0.0200656 0.00179685 0.0184502 
0.563902 0.0178232 0.0291645 0.3528 0.00942123 0.00139957 0.0254889 
0.483638 0.0176277 0.0254496 0.438431 0.0103804 0.00125256 0.0232209 
0.512929 0.0156296 0.0217554 0.410702 0.0187809 0.00131832 0.0188847 
0.536358 0.0255788 0.0188308 0.383798 0.017134 0.0016898 0.0166107 
0.526299 0.0194278 0.021765 0.395852 0.0126323 0.00157492 0.0224491 
0.401318 0.0193538 0.0180978 0.537939 0.00866827 0.00118342 0.0134404 
0.480521 0.0229256 0.0187125 0.447309 0.0110582 0.00130601 0.0181673 
0.543615 0.0190718 0.0202532 0.389456 0.0127884 0.0010911 0.0137239 
0.559264 0.0218338 0.0236317 0.361002 0.0109334 0.001115 0.0222198 
0.729093 0.017695 0.0213089 0.159111 0.0481011 0.0046092 0.0200821 
0.79236 0.0202691 0.0228591 0.119216 0.0179691 0.00357835 0.0237481 
0.750111 0.0176233 0.0218273 0.16138 0.0267481 0.00353891 0.0187707 
0.753713 0.0280819 0.0177093 0.157627 0.026315 0.00418844 0.0123649 
0.791375 0.0187022 0.0256569 0.104307 0.0286574 0.00426435 0.0270369 
0.768532 0.0196365 0.0229341 0.130208 0.0367161 0.0036781 0.0182956 
0.80079 0.0263296 0.0229457 0.0917027 0.0325945 0.00474032 0.0208976 
0.694302 0.0234449 0.0194052 0.183559 0.0577901 0.00486693 0.0166322 
0.816352 0.0203406 0.0222264 0.101747 0.0199431 0.0030974 0.0162938 
0.694948 0.0213184 0.017844 0.179974 0.0665047 0.00428366 0.015127 
0.811523 0.0282767 0.023609 0.0899992 0.018276 0.00403185 0.0242843 
0.768207 0.0194832 0.0227041 0.141664 0.0270048 0.00383883 0.0170973 
0.783346 0.0259304 0.0225576 0.130101 0.0199228 0.00331242 0.0148295 
0.729078 0.0269031 0.0166151 0.173425 0.0370135 0.00447335 0.0124924 
0.764316 0.0267541 0.0223705 0.14573 0.017177 0.00507536 0.0185765 
