0.707958 0.0128903 0.0524652 0.185847 0.00347242 0.00105116 0.036316 
0.686765 0.0158685 0.0315447 0.231933 0.00790062 0.00146655 0.0245216 
0.659072 0.0159292 0.0279977 0.266179 0.00887563 0.00140007 0.0205461 
0.71875 0.0206003 0.0268296 0.197465 0.0113566 0.00176176 0.0232366 
0.697212 0.0273989 0.0201689 0.225095 0.0132709 0.00162216 0.0152328 
0.776774 0.0189469 0.0222926 0.148743 0.0146848 0.00145914 0.0170999 
0.731 0.013117 0.0297382 0.181701 0.0130355 0.00176034 0.0296478 
0.764561 0.0125757 0.0290259 0.145287 0.0140947 0.00166586 0.0327896 
0.731615 0.0170117 0.0248537 0.195049 0.0122631 0.00149782 0.0177099 
0.680946 0.0216824 0.024031 0.236555 0.0121876 0.00175317 0.0228441 
0.76118 0.02484 0.0284322 0.143228 0.00919006 0.00139528 0.0317335 
0.776086 0.0237697 0.0441414 0.109382 0.00441013 0.001278 0.0409324 
0.722015 0.02094 0.0382794 0.176273 0.00646295 9.9444E-4 0.0350348 
0.699088 0.0155008 0.0398801 0.190822 0.00744669 0.00142702 0.0458356 
0.508604 0.0097308 0.030016 0.412465 0.0121412 0.00164785 0.0253949 
0.736832 0.010228 0.0393329 0.166931 0.00908297 0.00169525 0.0358978 
0.753514 0.0108139 0.0425728 0.147698 0.00591603 0.00184755 0.0376381 
0.770273 0.0135203 0.0363708 0.128112 0.00903705 0.0024304 0.0402563 
0.767755 0.00923702 0.0509576 0.122744 0.0108173 0.00168719 0.0368015 
0.615711 0.00792854 0.0356029 0.299128 0.0125902 0.00168785 0.0273513 
0.640536 0.0084924 0.0306502 0.281202 0.0107557 0.00247664 0.0258872 
0.61686 0.00817021 0.0389847 0.280381 0.010226 0.0025082 0.0428702 
0.669504 0.0086375 0.0423447 0.233521 0.00816991 0.00152452 0.0362981 
0.607086 0.00879201 0.0350269 0.294661 0.0123667 0.0017659 0.0403015 
0.766478 0.00896544 0.0444368 0.132434 0.00621723 0.00150592 0.0399627 
0.635116 0.0103696 0.0299686 0.286464 0.00985106 0.00135893 0.0268723 
0.630476 0.00866335 0.0268123 0.306644 0.0112146 0.0016104 0.0145797 
0.557979 0.00893569 0.0207443 0.382763 0.014217 0.00152733 0.0138331 
0.623935 0.0125687 0.0219225 0.294759 0.0287082 0.00154016 0.0165663 
0.577624 0.0138381 0.0246444 0.344481 0.0146425 0.00172699 0.0230428 
0.56428 0.0125327 0.0278051 0.355058 0.0136767 0.00139235 0.0252552 
0.655868 0.015193 0.0248289 0.256022 0.0192792 0.00188615 0.0269229 
0.644635 0.0126573 0.0287182 0.270734 0.0151009 0.0017635 0.0263912 
0.528023 0.0136249 0.0194819 0.404893 0.0160517 0.00194786 0.0159774 
0.521755 0.0115424 0.0187197 0.40688 0.0232302 0.00188172 0.0159909 
0.456151 0.00973395 0.0171877 0.4828 0.0202732 0.00157847 0.0122756 
0.545559 0.00836825 0.0258129 0.389512 0.0150539 0.00121281 0.0144817 
0.571897 0.0132357 0.0211162 0.366066 0.0162789 0.0011176 0.0102886 
0.488342 0.0132227 0.020361 0.451656 0.0122028 0.00121719 0.0129989 
0.632844 0.0113224 0.0427065 0.273462 0.0061917 0.00129187 0.0321813 
0.562797 0.0142964 0.0293842 0.355203 0.0108517 0.00113507 0.0263323 
0.584402 0.0126061 0.0336899 0.336456 0.0054677 9.81093E-4 0.0263971 
0.499845 0.0101881 0.0335586 0.426071 0.00758231 0.00108698 0.021668 
0.45996 0.00932445 0.0301153 0.478668 0.00539601 0.00113309 0.0154038 
0.55389 0.00959464 0.0338093 0.376124 0.0071693 0.00115579 0.0182564 
0.51556 0.00872925 0.0303158 0.412322 0.00981649 9.89471E-4 0.0222667 
0.554025 0.00932477 0.0283443 0.373199 0.0108274 0.00121496 0.0230651 
0.501187 0.00968547 0.0396609 0.414379 0.00710349 0.00153641 0.026448 
0.597161 0.0107918 0.0314577 0.325243 0.00983475 0.00187275 0.023639 
0.57305 0.0119188 0.0209637 0.366438 0.0121254 0.00154348 0.0139605 
0.667679 0.015696 0.0200888 0.255817 0.0218907 0.00220219 0.0166266 
0.56915 0.0124531 0.0214961 0.356582 0.0236868 0.00189173 0.0147403 
0.6514 0.0192775 0.0183877 0.267823 0.0261979 0.00166729 0.0152471 
0.507163 0.0218865 0.0163776 0.418163 0.0192488 0.00173829 0.0154223 
0.602981 0.0258016 0.0203158 0.317088 0.0109786 0.00202257 0.020813 
0.59817 0.0239982 0.024867 0.315582 0.0106936 0.00159972 0.0250896 
0.614849 0.0175866 0.0267265 0.306395 0.0102717 0.00134468 0.0228272 
0.488028 0.0128711 0.0198432 0.44487 0.016484 0.00156774 0.0163352 
0.704846 0.0147401 0.0235851 0.200708 0.0256772 0.00129699 0.0291466 
0.650164 0.0219339 0.0218503 0.238601 0.0288169 0.00191169 0.036722 
0.579467 0.0146855 0.0227316 0.32264 0.0269938 0.00179786 0.0316846 
0.600451 0.0185525 0.0201465 0.309217 0.0288742 0.00178254 0.0209766 
0.625518 0.0150198 0.0357269 0.274562 0.0106605 0.00153897 0.0369737 
0.561126 0.0164547 0.032219 0.336324 0.0116985 0.00169075 0.0404873 
0.639223 0.0217766 0.0322197 0.249306 0.011368 0.0014556 0.0446516 
0.724778 0.015465 0.0349838 0.172031 0.00985121 0.00133379 0.0415574 
0.654538 0.0132049 0.0408957 0.22955 0.0101413 0.0013184 0.0503517 
0.684446 0.0132812 0.0299162 0.234346 0.0106226 0.00138119 0.0260074 
0.642796 0.0179402 0.0284503 0.266567 0.010414 0.00157835 0.0322537 
0.635738 0.0259715 0.0268128 0.264281 0.0113172 0.00181313 0.0340666 
0.531116 0.0262736 0.0177684 0.389283 0.0154813 0.00182776 0.0182506 
0.622558 0.0211427 0.0250123 0.286563 0.0119787 0.00147763 0.0312674 
0.611958 0.0214431 0.0196508 0.310339 0.0141251 0.00135326 0.0211304 
0.704846 0.0147401 0.0235851 0.200708 0.0256772 0.00129699 0.0291466 
0.650164 0.0219339 0.0218503 0.238601 0.0288169 0.00191169 0.036722 
0.579467 0.0146855 0.0227316 0.32264 0.0269938 0.00179786 0.0316846 
0.600451 0.0185525 0.0201465 0.309217 0.0288742 0.00178254 0.0209766 
0.625518 0.0150198 0.0357269 0.274562 0.0106605 0.00153897 0.0369737 
0.561126 0.0164547 0.032219 0.336324 0.0116985 0.00169075 0.0404873 
0.639223 0.0217766 0.0322197 0.249306 0.011368 0.0014556 0.0446516 
0.724778 0.015465 0.0349838 0.172031 0.00985121 0.00133379 0.0415574 
0.654538 0.0132049 0.0408957 0.22955 0.0101413 0.0013184 0.0503517 
0.684446 0.0132812 0.0299162 0.234346 0.0106226 0.00138119 0.0260074 
0.642796 0.0179402 0.0284503 0.266567 0.010414 0.00157835 0.0322537 
0.635738 0.0259715 0.0268128 0.264281 0.0113172 0.00181313 0.0340666 
0.531116 0.0262736 0.0177684 0.389283 0.0154813 0.00182776 0.0182506 
0.622558 0.0211427 0.0250123 0.286563 0.0119787 0.00147763 0.0312674 
0.611958 0.0214431 0.0196508 0.310339 0.0141251 0.00135326 0.0211304 
0.35025 0.0111534 0.0120251 0.583445 0.0323923 0.00153033 0.00920408 
0.586198 0.0119403 0.0217479 0.331144 0.0260585 0.00180008 0.021111 
0.545216 0.0162365 0.0155532 0.397348 0.0134508 0.00142042 0.0107756 
0.586107 0.0153258 0.021387 0.337967 0.0173283 0.00150055 0.0203841 
0.583467 0.0113869 0.0262819 0.34936 0.00977842 0.00101911 0.018707 
0.627717 0.0165803 0.0183421 0.304875 0.0166018 0.00116559 0.0147173 
0.486488 0.0102591 0.0166661 0.454596 0.0195272 8.28111E-4 0.0116353 
0.567807 0.0127652 0.0192351 0.369794 0.0160207 0.00136915 0.0130089 
0.613097 0.0139081 0.0288529 0.305171 0.0158687 0.0012144 0.0218884 
0.562553 0.0111491 0.0254168 0.365927 0.0152769 0.0010245 0.0186527 
0.60172 0.022107 0.0158863 0.290342 0.0516404 0.00169366 0.0166104 
0.616434 0.00987656 0.0388333 0.289952 0.0138005 9.76126E-4 0.0301277 
0.426899 0.0118069 0.0174764 0.516413 0.0147202 0.00112728 0.011558 
0.486172 0.0235874 0.0183128 0.440017 0.0132768 0.00154198 0.0170917 
0.704846 0.0147401 0.0235851 0.200708 0.0256772 0.00129699 0.0291466 
0.650164 0.0219339 0.0218503 0.238601 0.0288169 0.00191169 0.036722 
0.579467 0.0146855 0.0227316 0.32264 0.0269938 0.00179786 0.0316846 
0.600451 0.0185525 0.0201465 0.309217 0.0288742 0.00178254 0.0209766 
0.625518 0.0150198 0.0357269 0.274562 0.0106605 0.00153897 0.0369737 
0.561126 0.0164547 0.032219 0.336324 0.0116985 0.00169075 0.0404873 
0.639223 0.0217766 0.0322197 0.249306 0.011368 0.0014556 0.0446516 
0.724778 0.015465 0.0349838 0.172031 0.00985121 0.00133379 0.0415574 
0.654538 0.0132049 0.0408957 0.22955 0.0101413 0.0013184 0.0503517 
0.684446 0.0132812 0.0299162 0.234346 0.0106226 0.00138119 0.0260074 
0.642796 0.0179402 0.0284503 0.266567 0.010414 0.00157835 0.0322537 
0.635738 0.0259715 0.0268128 0.264281 0.0113172 0.00181313 0.0340666 
0.531116 0.0262736 0.0177684 0.389283 0.0154813 0.00182776 0.0182506 
0.622558 0.0211427 0.0250123 0.286563 0.0119787 0.00147763 0.0312674 
0.611958 0.0214431 0.0196508 0.310339 0.0141251 0.00135326 0.0211304 
0.440438 0.0486972 0.0215985 0.455637 0.0187148 0.00488806 0.0100258 
0.433044 0.0681783 0.0197106 0.447369 0.0191756 0.00359887 0.00892319 
0.349028 0.0436811 0.0182187 0.560817 0.0175258 0.00377835 0.006951 
0.568422 0.0490348 0.0371086 0.316378 0.00935022 0.00637715 0.0133293 
0.611447 0.0550605 0.0366363 0.265816 0.0115016 0.00722413 0.0123151 
0.628797 0.0560354 0.0329213 0.249552 0.0125079 0.0083486 0.0118381 
0.698373 0.0424226 0.0400647 0.190383 0.00727592 0.00766218 0.0138192 
0.647355 0.0553444 0.0318224 0.22415 0.0177654 0.00967782 0.0138854 
0.576631 0.0303584 0.0338064 0.334279 0.00765716 0.0063301 0.0109385 
0.560105 0.0201372 0.0472187 0.348181 0.00675774 0.0062928 0.0113074 
0.546766 0.0247607 0.0493451 0.357244 0.00415807 0.00441841 0.0133074 
0.473091 0.0286519 0.0424369 0.429084 0.00409611 0.00532749 0.0173132 
0.565076 0.0240757 0.0536955 0.33058 0.00626949 0.00506458 0.0152381 
0.561656 0.0172781 0.0720013 0.317208 0.00701778 0.00644451 0.0183944 
0.577797 0.0130758 0.086433 0.285707 0.00771361 0.00412156 0.0251512 
0.704846 0.0147401 0.0235851 0.200708 0.0256772 0.00129699 0.0291466 
0.650164 0.0219339 0.0218503 0.238601 0.0288169 0.00191169 0.036722 
0.579467 0.0146855 0.0227316 0.32264 0.0269938 0.00179786 0.0316846 
0.600451 0.0185525 0.0201465 0.309217 0.0288742 0.00178254 0.0209766 
0.625518 0.0150198 0.0357269 0.274562 0.0106605 0.00153897 0.0369737 
0.561126 0.0164547 0.032219 0.336324 0.0116985 0.00169075 0.0404873 
0.639223 0.0217766 0.0322197 0.249306 0.011368 0.0014556 0.0446516 
0.724778 0.015465 0.0349838 0.172031 0.00985121 0.00133379 0.0415574 
0.654538 0.0132049 0.0408957 0.22955 0.0101413 0.0013184 0.0503517 
0.684446 0.0132812 0.0299162 0.234346 0.0106226 0.00138119 0.0260074 
0.642796 0.0179402 0.0284503 0.266567 0.010414 0.00157835 0.0322537 
0.635738 0.0259715 0.0268128 0.264281 0.0113172 0.00181313 0.0340666 
0.531116 0.0262736 0.0177684 0.389283 0.0154813 0.00182776 0.0182506 
0.622558 0.0211427 0.0250123 0.286563 0.0119787 0.00147763 0.0312674 
0.611958 0.0214431 0.0196508 0.310339 0.0141251 0.00135326 0.0211304 
0.49007 0.0194831 0.0232065 0.431426 0.0105371 0.00169722 0.0235806 
0.483677 0.021656 0.0200133 0.429241 0.0202002 0.00272475 0.0224881 
0.386069 0.0195391 0.0137845 0.528412 0.0377603 0.00328378 0.0111517 
0.445597 0.0172248 0.0190631 0.467957 0.0310846 0.00272684 0.0163459 
0.41212 0.0192897 0.0181683 0.49275 0.0401915 0.00256865 0.014911 
0.439796 0.0271123 0.0176363 0.486005 0.0163162 0.00159317 0.0115405 
0.462897 0.0175193 0.0179843 0.470672 0.0186394 0.00125648 0.0110318 
0.610555 0.0219566 0.0245636 0.308077 0.016886 0.00143413 0.0165287 
0.483116 0.0227072 0.0201586 0.444705 0.0121918 0.00141418 0.0157074 
0.337974 0.0143449 0.0193875 0.606013 0.0104703 0.0010111 0.0107995 
0.335701 0.0186542 0.0170029 0.587505 0.0235696 0.00196321 0.0156035 
0.550661 0.0250004 0.0265947 0.35874 0.0125451 0.00234839 0.02411 
0.47074 0.0172483 0.0301725 0.437661 0.0134026 0.00229431 0.0284808 
0.280995 0.0141491 0.0137236 0.655188 0.0231887 0.00156608 0.0111896 
0.4195 0.0248754 0.0182363 0.439108 0.0773498 0.00317878 0.0177512 
0.704846 0.0147401 0.0235851 0.200708 0.0256772 0.00129699 0.0291466 
0.650164 0.0219339 0.0218503 0.238601 0.0288169 0.00191169 0.036722 
0.579467 0.0146855 0.0227316 0.32264 0.0269938 0.00179786 0.0316846 
0.600451 0.0185525 0.0201465 0.309217 0.0288742 0.00178254 0.0209766 
0.625518 0.0150198 0.0357269 0.274562 0.0106605 0.00153897 0.0369737 
0.561126 0.0164547 0.032219 0.336324 0.0116985 0.00169075 0.0404873 
0.639223 0.0217766 0.0322197 0.249306 0.011368 0.0014556 0.0446516 
0.724778 0.015465 0.0349838 0.172031 0.00985121 0.00133379 0.0415574 
0.654538 0.0132049 0.0408957 0.22955 0.0101413 0.0013184 0.0503517 
0.684446 0.0132812 0.0299162 0.234346 0.0106226 0.00138119 0.0260074 
0.642796 0.0179402 0.0284503 0.266567 0.010414 0.00157835 0.0322537 
0.635738 0.0259715 0.0268128 0.264281 0.0113172 0.00181313 0.0340666 
0.531116 0.0262736 0.0177684 0.389283 0.0154813 0.00182776 0.0182506 
0.622558 0.0211427 0.0250123 0.286563 0.0119787 0.00147763 0.0312674 
0.611958 0.0214431 0.0196508 0.310339 0.0141251 0.00135326 0.0211304 
0.71305 0.0135752 0.0321758 0.18007 0.0202676 0.00486553 0.035996 
0.602762 0.0176445 0.0233539 0.308023 0.0125892 0.00364551 0.0319825 
0.636046 0.0139642 0.0139467 0.273068 0.042273 0.00305192 0.0176503 
0.757463 0.0226265 0.0178537 0.148543 0.0314321 0.00406134 0.0180198 
0.807568 0.0208211 0.0212677 0.0951356 0.0265223 0.00487989 0.0238055 
0.824789 0.0201147 0.028076 0.0717193 0.0144504 0.00488077 0.0359701 
0.812659 0.0201766 0.0232047 0.108742 0.0133684 0.00487641 0.016973 
0.796059 0.0163583 0.0267344 0.112742 0.0178371 0.00399628 0.0262726 
0.806306 0.0169414 0.0310336 0.0880001 0.0143402 0.00463695 0.0387413 
0.65392 0.0150864 0.0205977 0.244762 0.0460163 0.0032128 0.0164045 
0.803033 0.0164345 0.0279181 0.102447 0.0203686 0.00370695 0.0260911 
0.815124 0.0131929 0.0287091 0.105338 0.0121981 0.00343788 0.0219999 
0.78381 0.0146779 0.0288815 0.133032 0.0150431 0.00254155 0.0220141 
0.675029 0.0307585 0.0162317 0.22452 0.0341422 0.00420545 0.0151137 
0.51091 0.0261644 0.0134989 0.412094 0.0246274 0.00318778 0.00951787 
0.704846 0.0147401 0.0235851 0.200708 0.0256772 0.00129699 0.0291466 
0.650164 0.0219339 0.0218503 0.238601 0.0288169 0.00191169 0.036722 
0.579467 0.0146855 0.0227316 0.32264 0.0269938 0.00179786 0.0316846 
0.600451 0.0185525 0.0201465 0.309217 0.0288742 0.00178254 0.0209766 
0.625518 0.0150198 0.0357269 0.274562 0.0106605 0.00153897 0.0369737 
0.561126 0.0164547 0.032219 0.336324 0.0116985 0.00169075 0.0404873 
0.639223 0.0217766 0.0322197 0.249306 0.011368 0.0014556 0.0446516 
0.724778 0.015465 0.0349838 0.172031 0.00985121 0.00133379 0.0415574 
0.654538 0.0132049 0.0408957 0.22955 0.0101413 0.0013184 0.0503517 
0.684446 0.0132812 0.0299162 0.234346 0.0106226 0.00138119 0.0260074 
0.642796 0.0179402 0.0284503 0.266567 0.010414 0.00157835 0.0322537 
0.635738 0.0259715 0.0268128 0.264281 0.0113172 0.00181313 0.0340666 
0.531116 0.0262736 0.0177684 0.389283 0.0154813 0.00182776 0.0182506 
0.622558 0.0211427 0.0250123 0.286563 0.0119787 0.00147763 0.0312674 
0.611958 0.0214431 0.0196508 0.310339 0.0141251 0.00135326 0.0211304 
0.746065 0.017627 0.0227725 0.152546 0.0285606 0.00343855 0.0289899 
0.672346 0.0124443 0.0242688 0.226357 0.0330362 0.00376915 0.0277791 
0.766377 0.0175379 0.0295675 0.13247 0.0211814 0.00465471 0.0282118 
0.764031 0.0200014 0.0228324 0.123758 0.0347095 0.00615286 0.0285152 
0.733672 0.0204227 0.0250747 0.167967 0.0177831 0.00407097 0.0310098 
0.705 0.0210379 0.0210169 0.209356 0.0207093 0.0044238 0.0184569 
0.751056 0.0187321 0.0229992 0.155291 0.0293623 0.0037529 0.0188062 
0.720241 0.017886 0.020007 0.198635 0.0250442 0.00313545 0.0150505 
0.77209 0.0222529 0.0215789 0.149693 0.0141568 0.00313903 0.0170889 
0.731774 0.0270449 0.0205796 0.180926 0.0207484 0.0035861 0.0153413 
0.810465 0.0235437 0.023645 0.0906762 0.0240867 0.00454939 0.0230338 
0.709708 0.0158533 0.0201145 0.193389 0.039557 0.00440242 0.0169765 
0.719754 0.0178852 0.0214402 0.209773 0.0106795 0.00258033 0.0178887 
0.788935 0.0210951 0.0225987 0.11673 0.0222305 0.00467048 0.02374 
0.809862 0.0219642 0.0255608 0.0851827 0.0276536 0.00434224 0.0254344 
