0.516816 0.0207418 0.0225777 0.40792 0.0115569 0.00117995 0.0192079 
0.63634 0.0197815 0.0358227 0.275955 0.00657855 0.00129269 0.0242298 
0.647325 0.0198166 0.0226501 0.274096 0.0169656 0.00205093 0.017096 
0.620329 0.0215051 0.0202009 0.30247 0.0174607 0.00251947 0.0155144 
0.682519 0.0143453 0.0284761 0.242584 0.0130995 0.00157304 0.017403 
0.603766 0.0146747 0.0209093 0.330659 0.0164162 0.00146301 0.0121124 
0.577256 0.0120464 0.0223683 0.353065 0.0194352 0.00162179 0.0142073 
0.568354 0.010674 0.0232473 0.365686 0.0161016 0.00172105 0.014216 
0.614136 0.0101231 0.0227699 0.318533 0.0206377 0.00177281 0.0120277 
0.542038 0.00927933 0.023478 0.391295 0.0177128 0.00182339 0.0143731 
0.517757 0.00900205 0.0249498 0.422536 0.0126894 0.00165706 0.0114086 
0.534094 0.0140525 0.0184064 0.390493 0.0254405 0.00233011 0.0151834 
0.563218 0.0134136 0.0205626 0.35689 0.027808 0.00220948 0.0158991 
0.580924 0.0203845 0.0187119 0.330644 0.0310955 0.00259239 0.015648 
0.704779 0.0159135 0.0297794 0.189898 0.0237559 0.00267332 0.0332005 
0.680912 0.0148515 0.0252595 0.248746 0.0120916 0.00115426 0.0169846 
0.665321 0.0293669 0.0191912 0.239748 0.0245068 0.00182652 0.0200398 
0.536832 0.0168663 0.0198026 0.389828 0.0166025 0.00124026 0.0188288 
0.679821 0.0173122 0.0346143 0.222981 0.00896617 0.00105312 0.0352526 
0.642962 0.0185001 0.0273322 0.262246 0.0146994 0.00115417 0.0331063 
0.697429 0.024858 0.0235694 0.213279 0.0136067 0.00174995 0.0255073 
0.607913 0.0246842 0.0179259 0.306363 0.021587 0.0021847 0.0193417 
0.594503 0.0161176 0.0268956 0.338145 0.00812163 9.55572E-4 0.0152611 
0.482343 0.015757 0.0213575 0.442301 0.0151305 0.00152088 0.0215894 
0.692274 0.0162446 0.0288306 0.225822 0.0105352 0.00138452 0.0249083 
0.654353 0.0272683 0.01745 0.254307 0.0303398 0.00177616 0.0145057 
0.583178 0.0163271 0.035343 0.339427 0.00641475 8.80258E-4 0.01843 
0.50641 0.0138003 0.0241408 0.432985 0.00770497 8.6331E-4 0.0140961 
0.518065 0.0126044 0.0252393 0.414597 0.0107753 9.02494E-4 0.0178164 
0.62027 0.0166162 0.029433 0.286919 0.0152568 0.00146321 0.0300418 
0.652172 0.0200421 0.0195159 0.269148 0.0222325 0.00113271 0.0157564 
0.622769 0.0144432 0.030602 0.29562 0.00963383 0.0010089 0.0259227 
0.59129 0.0136717 0.0240083 0.336236 0.011096 0.00135249 0.0223457 
0.658613 0.0152323 0.0288544 0.251575 0.0132489 0.00137247 0.0311042 
0.583699 0.0134682 0.0242578 0.345694 0.0121576 0.00108958 0.0196338 
0.560208 0.0218756 0.018512 0.371252 0.0127333 0.00157914 0.0138403 
0.612011 0.0131572 0.0316181 0.306886 0.0111383 0.00107231 0.0241169 
0.674389 0.0147958 0.0313844 0.22233 0.0174874 0.00167102 0.0379421 
0.696003 0.0257309 0.0247067 0.222998 0.0112158 0.00159159 0.0177538 
0.683973 0.0264459 0.029305 0.222744 0.00975098 0.00157225 0.0262093 
0.620036 0.0213013 0.0324443 0.288631 0.00930792 0.00127094 0.0270093 
0.690288 0.0163464 0.0308926 0.215444 0.0151592 0.00131778 0.030552 
0.5373 0.0140592 0.025652 0.388822 0.0112459 0.00106567 0.0218556 
0.631513 0.0147924 0.0300733 0.289419 0.0100435 0.00119471 0.0229638 
0.605354 0.0223254 0.0195129 0.309317 0.0228646 0.00163683 0.0189892 
0.680912 0.0148515 0.0252595 0.248746 0.0120916 0.00115426 0.0169846 
0.665321 0.0293669 0.0191912 0.239748 0.0245068 0.00182652 0.0200398 
0.536832 0.0168663 0.0198026 0.389828 0.0166025 0.00124026 0.0188288 
0.679821 0.0173122 0.0346143 0.222981 0.00896617 0.00105312 0.0352526 
0.642962 0.0185001 0.0273322 0.262246 0.0146994 0.00115417 0.0331063 
0.697429 0.024858 0.0235694 0.213279 0.0136067 0.00174995 0.0255073 
0.607913 0.0246842 0.0179259 0.306363 0.021587 0.0021847 0.0193417 
0.594503 0.0161176 0.0268956 0.338145 0.00812163 9.55572E-4 0.0152611 
0.482343 0.015757 0.0213575 0.442301 0.0151305 0.00152088 0.0215894 
0.692274 0.0162446 0.0288306 0.225822 0.0105352 0.00138452 0.0249083 
0.654353 0.0272683 0.01745 0.254307 0.0303398 0.00177616 0.0145057 
0.583178 0.0163271 0.035343 0.339427 0.00641475 8.80258E-4 0.01843 
0.50641 0.0138003 0.0241408 0.432985 0.00770497 8.6331E-4 0.0140961 
0.518065 0.0126044 0.0252393 0.414597 0.0107753 9.02494E-4 0.0178164 
0.62027 0.0166162 0.029433 0.286919 0.0152568 0.00146321 0.0300418 
0.652172 0.0200421 0.0195159 0.269148 0.0222325 0.00113271 0.0157564 
0.622769 0.0144432 0.030602 0.29562 0.00963383 0.0010089 0.0259227 
0.59129 0.0136717 0.0240083 0.336236 0.011096 0.00135249 0.0223457 
0.658613 0.0152323 0.0288544 0.251575 0.0132489 0.00137247 0.0311042 
0.583699 0.0134682 0.0242578 0.345694 0.0121576 0.00108958 0.0196338 
0.560208 0.0218756 0.018512 0.371252 0.0127333 0.00157914 0.0138403 
0.612011 0.0131572 0.0316181 0.306886 0.0111383 0.00107231 0.0241169 
0.674389 0.0147958 0.0313844 0.22233 0.0174874 0.00167102 0.0379421 
0.696003 0.0257309 0.0247067 0.222998 0.0112158 0.00159159 0.0177538 
0.683973 0.0264459 0.029305 0.222744 0.00975098 0.00157225 0.0262093 
0.620036 0.0213013 0.0324443 0.288631 0.00930792 0.00127094 0.0270093 
0.690288 0.0163464 0.0308926 0.215444 0.0151592 0.00131778 0.030552 
0.5373 0.0140592 0.025652 0.388822 0.0112459 0.00106567 0.0218556 
0.631513 0.0147924 0.0300733 0.289419 0.0100435 0.00119471 0.0229638 
0.605354 0.0223254 0.0195129 0.309317 0.0228646 0.00163683 0.0189892 
0.335261 0.0138225 0.013705 0.598424 0.0259863 0.00192048 0.0108811 
0.265177 0.0101301 0.0114976 0.678205 0.0253465 0.00151797 0.00812612 
0.245499 0.0157754 0.0130861 0.704089 0.00929623 0.00161371 0.0106405 
0.310676 0.0248411 0.0127597 0.615501 0.0240484 0.00196663 0.0102071 
0.175545 0.013031 0.00839491 0.76816 0.0273291 0.00143974 0.00609989 
0.15226 0.00754168 0.00856782 0.817965 0.00859987 8.62128E-4 0.00420374 
0.185619 0.00880995 0.00835875 0.77695 0.0154022 8.85712E-4 0.00397466 
0.254423 0.00999008 0.0101115 0.692638 0.0249397 0.00117324 0.00672469 
0.281347 0.0169733 0.0112967 0.65966 0.0230764 0.00116737 0.00647965 
0.394076 0.0115384 0.0147731 0.519403 0.0487561 0.00155732 0.00989582 
0.383997 0.0138086 0.0172368 0.559179 0.0131908 0.00128442 0.0113031 
0.523219 0.0179 0.0177294 0.387936 0.0350155 0.00219281 0.0160077 
0.408022 0.0115886 0.0148724 0.538415 0.0160256 0.00120425 0.00987176 
0.451184 0.0147711 0.0132163 0.483344 0.0234672 0.00136448 0.0126531 
0.680912 0.0148515 0.0252595 0.248746 0.0120916 0.00115426 0.0169846 
0.665321 0.0293669 0.0191912 0.239748 0.0245068 0.00182652 0.0200398 
0.536832 0.0168663 0.0198026 0.389828 0.0166025 0.00124026 0.0188288 
0.679821 0.0173122 0.0346143 0.222981 0.00896617 0.00105312 0.0352526 
0.642962 0.0185001 0.0273322 0.262246 0.0146994 0.00115417 0.0331063 
0.697429 0.024858 0.0235694 0.213279 0.0136067 0.00174995 0.0255073 
0.607913 0.0246842 0.0179259 0.306363 0.021587 0.0021847 0.0193417 
0.594503 0.0161176 0.0268956 0.338145 0.00812163 9.55572E-4 0.0152611 
0.482343 0.015757 0.0213575 0.442301 0.0151305 0.00152088 0.0215894 
0.692274 0.0162446 0.0288306 0.225822 0.0105352 0.00138452 0.0249083 
0.654353 0.0272683 0.01745 0.254307 0.0303398 0.00177616 0.0145057 
0.583178 0.0163271 0.035343 0.339427 0.00641475 8.80258E-4 0.01843 
0.50641 0.0138003 0.0241408 0.432985 0.00770497 8.6331E-4 0.0140961 
0.518065 0.0126044 0.0252393 0.414597 0.0107753 9.02494E-4 0.0178164 
0.62027 0.0166162 0.029433 0.286919 0.0152568 0.00146321 0.0300418 
0.652172 0.0200421 0.0195159 0.269148 0.0222325 0.00113271 0.0157564 
0.622769 0.0144432 0.030602 0.29562 0.00963383 0.0010089 0.0259227 
0.59129 0.0136717 0.0240083 0.336236 0.011096 0.00135249 0.0223457 
0.658613 0.0152323 0.0288544 0.251575 0.0132489 0.00137247 0.0311042 
0.583699 0.0134682 0.0242578 0.345694 0.0121576 0.00108958 0.0196338 
0.560208 0.0218756 0.018512 0.371252 0.0127333 0.00157914 0.0138403 
0.612011 0.0131572 0.0316181 0.306886 0.0111383 0.00107231 0.0241169 
0.674389 0.0147958 0.0313844 0.22233 0.0174874 0.00167102 0.0379421 
0.696003 0.0257309 0.0247067 0.222998 0.0112158 0.00159159 0.0177538 
0.683973 0.0264459 0.029305 0.222744 0.00975098 0.00157225 0.0262093 
0.620036 0.0213013 0.0324443 0.288631 0.00930792 0.00127094 0.0270093 
0.690288 0.0163464 0.0308926 0.215444 0.0151592 0.00131778 0.030552 
0.5373 0.0140592 0.025652 0.388822 0.0112459 0.00106567 0.0218556 
0.631513 0.0147924 0.0300733 0.289419 0.0100435 0.00119471 0.0229638 
0.605354 0.0223254 0.0195129 0.309317 0.0228646 0.00163683 0.0189892 
0.733638 0.017546 0.0651786 0.151244 0.00643042 0.00438903 0.0215736 
0.741721 0.0225734 0.063759 0.145188 0.00532184 0.0040339 0.0174024 
0.572778 0.0170428 0.0653581 0.319442 0.00505106 0.00345983 0.0168677 
0.687474 0.0141705 0.0678343 0.203234 0.00799599 0.0036518 0.0156392 
0.683106 0.0185404 0.0937654 0.17068 0.00418631 0.00440013 0.0253219 
0.699667 0.0235197 0.0724359 0.167651 0.00923351 0.00544299 0.0220502 
0.757831 0.0174069 0.10684 0.070952 0.00515416 0.00681689 0.0349983 
0.696007 0.0162192 0.104218 0.139853 0.0064454 0.00625907 0.0309977 
0.591689 0.0142489 0.0870913 0.270819 0.0109831 0.00402065 0.0211489 
0.646085 0.0169859 0.0761066 0.206272 0.0263534 0.00395331 0.0242447 
0.692201 0.0142996 0.0966803 0.137055 0.00945169 0.00472451 0.045587 
0.667514 0.0160902 0.0378592 0.246335 0.0149076 0.00368247 0.0136115 
0.555436 0.0168473 0.0306903 0.37233 0.0112379 0.00237004 0.011089 
0.52155 0.0235861 0.0710594 0.358015 0.0023915 0.00236278 0.0210355 
0.55763 0.0334584 0.0342849 0.354248 0.00448844 0.00223138 0.0136597 
0.433001 0.0413508 0.0192539 0.490022 0.00548542 0.00212013 0.00876673 
0.508458 0.0227923 0.0215157 0.427676 0.00644301 0.00293992 0.0101749 
0.51978 0.0170068 0.0268516 0.412691 0.00704239 0.00191597 0.0147124 
0.404079 0.0124509 0.0219897 0.536072 0.00904335 0.00124028 0.0151252 
0.515227 0.0182544 0.0221691 0.405343 0.0155632 0.00204999 0.0213935 
0.499293 0.0185198 0.0229029 0.416916 0.0161378 0.00237098 0.0238589 
0.381776 0.0162621 0.0183271 0.55242 0.0109255 0.00198302 0.0183056 
0.521839 0.0226914 0.0240257 0.400775 0.0101506 0.00172281 0.0187953 
0.371789 0.021842 0.0141824 0.550999 0.0295965 0.00211843 0.00947262 
0.436451 0.0346768 0.0146635 0.462183 0.0393022 0.00200344 0.0107207 
0.428069 0.0319842 0.0144724 0.468317 0.0433441 0.00205873 0.0117545 
0.367096 0.0147881 0.0123301 0.548331 0.0464647 0.00175316 0.00923678 
0.303616 0.0179384 0.012689 0.631926 0.0236576 0.0017807 0.00839227 
0.322169 0.0166653 0.0121202 0.611067 0.0287511 0.00127295 0.0079545 
0.401846 0.0261149 0.0152569 0.507934 0.0344155 0.00228333 0.0121495 
0.680912 0.0148515 0.0252595 0.248746 0.0120916 0.00115426 0.0169846 
0.665321 0.0293669 0.0191912 0.239748 0.0245068 0.00182652 0.0200398 
0.536832 0.0168663 0.0198026 0.389828 0.0166025 0.00124026 0.0188288 
0.679821 0.0173122 0.0346143 0.222981 0.00896617 0.00105312 0.0352526 
0.642962 0.0185001 0.0273322 0.262246 0.0146994 0.00115417 0.0331063 
0.697429 0.024858 0.0235694 0.213279 0.0136067 0.00174995 0.0255073 
0.607913 0.0246842 0.0179259 0.306363 0.021587 0.0021847 0.0193417 
0.594503 0.0161176 0.0268956 0.338145 0.00812163 9.55572E-4 0.0152611 
0.482343 0.015757 0.0213575 0.442301 0.0151305 0.00152088 0.0215894 
0.692274 0.0162446 0.0288306 0.225822 0.0105352 0.00138452 0.0249083 
0.654353 0.0272683 0.01745 0.254307 0.0303398 0.00177616 0.0145057 
0.583178 0.0163271 0.035343 0.339427 0.00641475 8.80258E-4 0.01843 
0.50641 0.0138003 0.0241408 0.432985 0.00770497 8.6331E-4 0.0140961 
0.518065 0.0126044 0.0252393 0.414597 0.0107753 9.02494E-4 0.0178164 
0.62027 0.0166162 0.029433 0.286919 0.0152568 0.00146321 0.0300418 
0.652172 0.0200421 0.0195159 0.269148 0.0222325 0.00113271 0.0157564 
0.622769 0.0144432 0.030602 0.29562 0.00963383 0.0010089 0.0259227 
0.59129 0.0136717 0.0240083 0.336236 0.011096 0.00135249 0.0223457 
0.658613 0.0152323 0.0288544 0.251575 0.0132489 0.00137247 0.0311042 
0.583699 0.0134682 0.0242578 0.345694 0.0121576 0.00108958 0.0196338 
0.560208 0.0218756 0.018512 0.371252 0.0127333 0.00157914 0.0138403 
0.612011 0.0131572 0.0316181 0.306886 0.0111383 0.00107231 0.0241169 
0.674389 0.0147958 0.0313844 0.22233 0.0174874 0.00167102 0.0379421 
0.696003 0.0257309 0.0247067 0.222998 0.0112158 0.00159159 0.0177538 
0.683973 0.0264459 0.029305 0.222744 0.00975098 0.00157225 0.0262093 
0.620036 0.0213013 0.0324443 0.288631 0.00930792 0.00127094 0.0270093 
0.690288 0.0163464 0.0308926 0.215444 0.0151592 0.00131778 0.030552 
0.5373 0.0140592 0.025652 0.388822 0.0112459 0.00106567 0.0218556 
0.631513 0.0147924 0.0300733 0.289419 0.0100435 0.00119471 0.0229638 
0.605354 0.0223254 0.0195129 0.309317 0.0228646 0.00163683 0.0189892 
0.469954 0.0196699 0.0211361 0.453089 0.0168675 0.00256564 0.0167171 
0.564953 0.0173692 0.0254484 0.346919 0.0176785 0.00256628 0.0250654 
0.550544 0.0201551 0.0280871 0.335641 0.0187672 0.00318749 0.0436181 
0.507621 0.0155258 0.0275305 0.401153 0.0161607 0.00257581 0.0294329 
0.675592 0.022776 0.0271337 0.224876 0.0223393 0.00269108 0.0245919 
0.58085 0.0210588 0.0211609 0.318743 0.0354519 0.00271499 0.0200199 
0.595014 0.0195857 0.0265004 0.292942 0.0292404 0.00272418 0.0339929 
0.533701 0.0180062 0.0271182 0.353832 0.0307673 0.00317362 0.0334019 
0.498968 0.0236642 0.0251687 0.41216 0.0133593 0.00226633 0.0244143 
0.509825 0.0271936 0.0242431 0.395946 0.0114192 0.00295726 0.0284157 
0.360846 0.0164147 0.0219551 0.555986 0.0120814 0.00299933 0.0297172 
0.552016 0.0190957 0.0249917 0.351974 0.0172473 0.00310198 0.0315734 
0.448899 0.0180657 0.0187963 0.474898 0.0202475 0.00239456 0.0166992 
0.48533 0.0186055 0.0231811 0.429245 0.0172602 0.00210433 0.0242732 
0.465102 0.0257835 0.0232967 0.434455 0.0218794 0.00250046 0.0269833 
0.680912 0.0148515 0.0252595 0.248746 0.0120916 0.00115426 0.0169846 
0.665321 0.0293669 0.0191912 0.239748 0.0245068 0.00182652 0.0200398 
0.536832 0.0168663 0.0198026 0.389828 0.0166025 0.00124026 0.0188288 
0.679821 0.0173122 0.0346143 0.222981 0.00896617 0.00105312 0.0352526 
0.642962 0.0185001 0.0273322 0.262246 0.0146994 0.00115417 0.0331063 
0.697429 0.024858 0.0235694 0.213279 0.0136067 0.00174995 0.0255073 
0.607913 0.0246842 0.0179259 0.306363 0.021587 0.0021847 0.0193417 
0.594503 0.0161176 0.0268956 0.338145 0.00812163 9.55572E-4 0.0152611 
0.482343 0.015757 0.0213575 0.442301 0.0151305 0.00152088 0.0215894 
0.692274 0.0162446 0.0288306 0.225822 0.0105352 0.00138452 0.0249083 
0.654353 0.0272683 0.01745 0.254307 0.0303398 0.00177616 0.0145057 
0.583178 0.0163271 0.035343 0.339427 0.00641475 8.80258E-4 0.01843 
0.50641 0.0138003 0.0241408 0.432985 0.00770497 8.6331E-4 0.0140961 
0.518065 0.0126044 0.0252393 0.414597 0.0107753 9.02494E-4 0.0178164 
0.62027 0.0166162 0.029433 0.286919 0.0152568 0.00146321 0.0300418 
0.652172 0.0200421 0.0195159 0.269148 0.0222325 0.00113271 0.0157564 
0.622769 0.0144432 0.030602 0.29562 0.00963383 0.0010089 0.0259227 
0.59129 0.0136717 0.0240083 0.336236 0.011096 0.00135249 0.0223457 
0.658613 0.0152323 0.0288544 0.251575 0.0132489 0.00137247 0.0311042 
0.583699 0.0134682 0.0242578 0.345694 0.0121576 0.00108958 0.0196338 
0.560208 0.0218756 0.018512 0.371252 0.0127333 0.00157914 0.0138403 
0.612011 0.0131572 0.0316181 0.306886 0.0111383 0.00107231 0.0241169 
0.674389 0.0147958 0.0313844 0.22233 0.0174874 0.00167102 0.0379421 
0.696003 0.0257309 0.0247067 0.222998 0.0112158 0.00159159 0.0177538 
0.683973 0.0264459 0.029305 0.222744 0.00975098 0.00157225 0.0262093 
0.620036 0.0213013 0.0324443 0.288631 0.00930792 0.00127094 0.0270093 
0.690288 0.0163464 0.0308926 0.215444 0.0151592 0.00131778 0.030552 
0.5373 0.0140592 0.025652 0.388822 0.0112459 0.00106567 0.0218556 
0.631513 0.0147924 0.0300733 0.289419 0.0100435 0.00119471 0.0229638 
0.605354 0.0223254 0.0195129 0.309317 0.0228646 0.00163683 0.0189892 
0.577625 0.0136797 0.0214981 0.342756 0.0258633 0.00141429 0.0171635 
0.422079 0.013635 0.0149274 0.516317 0.0186039 0.00172589 0.0127112 
0.500608 0.0194377 0.0182018 0.439668 0.0108923 0.00144948 0.00974206 
0.437972 0.0318011 0.0152395 0.479755 0.0195609 0.00247873 0.0131926 
0.495827 0.0267472 0.0166351 0.423456 0.0209642 0.0019792 0.0143916 
0.376525 0.0207285 0.0154214 0.531065 0.0366632 0.00282786 0.0167692 
0.35282 0.0355546 0.0211267 0.549536 0.0207779 0.00779244 0.0123931 
0.562085 0.0139884 0.0682484 0.274047 0.0220966 0.019264 0.0402708 
0.739361 0.00707501 0.116707 0.00972142 0.00328321 0.011186 0.112667 
0.760954 0.00597484 0.140848 0.0058048 0.00538694 0.00635488 0.0746772 
0.761061 0.00551416 0.148402 0.0151674 0.00307913 0.00332452 0.0634519 
0.800418 0.00601236 0.132325 0.0294823 0.00131362 0.0037331 0.0267158 
0.797167 0.00850009 0.12416 0.038227 0.00136895 0.00589362 0.0246837 
0.794423 0.00940886 0.123978 0.0334582 0.00260438 0.00726074 0.028867 
0.767862 0.0127731 0.0962007 0.0952562 0.00347258 0.00565722 0.0187779 
0.836368 0.0110448 0.0829995 0.0401451 0.00834154 0.00346584 0.0176352 
0.809463 0.0162631 0.0663149 0.0730326 0.0109138 0.00465476 0.0193577 
0.836405 0.0112501 0.0680935 0.0516625 0.00964101 0.00291906 0.0200288 
0.833947 0.012244 0.0637163 0.0450986 0.0113299 0.00321444 0.0304493 
0.851267 0.0142776 0.0592221 0.0351331 0.012798 0.00327823 0.0240244 
0.837268 0.00996557 0.054375 0.0484074 0.0178578 0.00348099 0.0286456 
0.854494 0.0148953 0.0533939 0.0401617 0.0120291 0.00224474 0.0227811 
0.828747 0.0111314 0.0590237 0.0562811 0.0136451 0.00226715 0.0289041 
0.839608 0.0160425 0.0654488 0.0330896 0.00780508 0.00197685 0.0360296 
0.819442 0.00923168 0.0783347 0.0467393 0.00409199 0.00192432 0.0402356 
0.862744 0.0201025 0.0444874 0.0354257 0.00998293 0.00204965 0.0252074 
0.832758 0.0144235 0.0493004 0.0674623 0.00532209 0.0023579 0.0283754 
0.858941 0.0152931 0.0431825 0.0483008 0.00658616 0.0024797 0.025217 
0.867507 0.0121784 0.0402953 0.0474492 0.00744681 0.00154854 0.0235749 
0.843046 0.0129734 0.0336525 0.0707479 0.0119784 0.00236185 0.0252398 
0.680912 0.0148515 0.0252595 0.248746 0.0120916 0.00115426 0.0169846 
0.665321 0.0293669 0.0191912 0.239748 0.0245068 0.00182652 0.0200398 
0.536832 0.0168663 0.0198026 0.389828 0.0166025 0.00124026 0.0188288 
0.679821 0.0173122 0.0346143 0.222981 0.00896617 0.00105312 0.0352526 
0.642962 0.0185001 0.0273322 0.262246 0.0146994 0.00115417 0.0331063 
0.697429 0.024858 0.0235694 0.213279 0.0136067 0.00174995 0.0255073 
0.607913 0.0246842 0.0179259 0.306363 0.021587 0.0021847 0.0193417 
0.594503 0.0161176 0.0268956 0.338145 0.00812163 9.55572E-4 0.0152611 
0.482343 0.015757 0.0213575 0.442301 0.0151305 0.00152088 0.0215894 
0.692274 0.0162446 0.0288306 0.225822 0.0105352 0.00138452 0.0249083 
0.654353 0.0272683 0.01745 0.254307 0.0303398 0.00177616 0.0145057 
0.583178 0.0163271 0.035343 0.339427 0.00641475 8.80258E-4 0.01843 
0.50641 0.0138003 0.0241408 0.432985 0.00770497 8.6331E-4 0.0140961 
0.518065 0.0126044 0.0252393 0.414597 0.0107753 9.02494E-4 0.0178164 
0.62027 0.0166162 0.029433 0.286919 0.0152568 0.00146321 0.0300418 
0.652172 0.0200421 0.0195159 0.269148 0.0222325 0.00113271 0.0157564 
0.622769 0.0144432 0.030602 0.29562 0.00963383 0.0010089 0.0259227 
0.59129 0.0136717 0.0240083 0.336236 0.011096 0.00135249 0.0223457 
0.658613 0.0152323 0.0288544 0.251575 0.0132489 0.00137247 0.0311042 
0.583699 0.0134682 0.0242578 0.345694 0.0121576 0.00108958 0.0196338 
0.560208 0.0218756 0.018512 0.371252 0.0127333 0.00157914 0.0138403 
0.612011 0.0131572 0.0316181 0.306886 0.0111383 0.00107231 0.0241169 
0.674389 0.0147958 0.0313844 0.22233 0.0174874 0.00167102 0.0379421 
0.696003 0.0257309 0.0247067 0.222998 0.0112158 0.00159159 0.0177538 
0.683973 0.0264459 0.029305 0.222744 0.00975098 0.00157225 0.0262093 
0.620036 0.0213013 0.0324443 0.288631 0.00930792 0.00127094 0.0270093 
0.690288 0.0163464 0.0308926 0.215444 0.0151592 0.00131778 0.030552 
0.5373 0.0140592 0.025652 0.388822 0.0112459 0.00106567 0.0218556 
0.631513 0.0147924 0.0300733 0.289419 0.0100435 0.00119471 0.0229638 
0.605354 0.0223254 0.0195129 0.309317 0.0228646 0.00163683 0.0189892 
0.749701 0.0362467 0.0184716 0.162458 0.0149688 0.00354993 0.0146041 
0.707588 0.0256495 0.0215254 0.198942 0.0246725 0.00423828 0.0173845 
0.697226 0.0161716 0.0224077 0.211403 0.0321597 0.00418788 0.0164437 
0.762437 0.0167266 0.0256872 0.149738 0.0212966 0.00422019 0.0198941 
0.753924 0.0165009 0.0232424 0.152678 0.0308063 0.00309921 0.0197487 
0.504333 0.0210542 0.0172996 0.387153 0.0485158 0.00532952 0.0163141 
0.699666 0.0178039 0.0257239 0.204364 0.0272306 0.00389145 0.0213201 
0.668119 0.0182383 0.0227707 0.223006 0.038113 0.00401084 0.0257415 
0.686278 0.0254418 0.0204311 0.189641 0.0540398 0.00432381 0.0198445 
0.671708 0.016189 0.019421 0.255009 0.0200096 0.00323118 0.0144326 
0.705565 0.0155538 0.0254085 0.21115 0.0187127 0.00292233 0.0206871 
0.782828 0.0203262 0.0241114 0.132037 0.0222448 0.00350004 0.0149524 
0.588127 0.0149093 0.0209598 0.325843 0.0309742 0.00292568 0.0162603 
0.762558 0.0119822 0.0318289 0.151999 0.0138949 0.00173726 0.0260005 
0.721383 0.0129594 0.0207577 0.196361 0.0288453 0.00225748 0.0174355 
