0.865577 0.031344 0.0142323 0.0381847 0.0191724 0.00274566 0.0287435 
0.849296 0.0409065 0.0186317 0.0228354 0.0151768 0.0078211 0.0453325 
0.856403 0.0291714 0.0175493 0.0386006 0.0156868 0.00392873 0.0386601 
0.888249 0.031817 0.0196359 0.0308263 0.00680456 0.00286814 0.0197992 
0.892566 0.0128046 0.0566666 0.00300097 0.0012226 0.00771541 0.0260234 
0.871259 0.00856731 0.0671329 0.0131003 0.00136059 0.0100214 0.0285585 
0.861426 0.00884356 0.0554707 0.0393803 0.00393235 0.00812482 0.0228225 
0.680866 0.00782663 0.0813865 0.187441 0.00406021 0.00806492 0.0303544 
0.767849 0.00839576 0.0774155 0.0807494 0.00627927 0.0112519 0.0480594 
0.890028 0.0141551 0.0409646 0.0151758 0.00449185 0.0129424 0.022242 
0.855319 0.020355 0.0302558 0.0575907 0.00750684 0.0114227 0.0175502 
0.874409 0.0250418 0.0312447 0.0396904 0.00625526 0.00952114 0.0138381 
0.797503 0.0264996 0.0249945 0.119985 0.00618806 0.0148121 0.0100179 
0.835409 0.0176365 0.0319894 0.0902008 0.00508634 0.00846018 0.0112175 
0.862887 0.0282248 0.0234756 0.0582375 0.0101924 0.0073691 0.00961319 
0.85781 0.0258362 0.0191146 0.0540852 0.0273592 0.0046629 0.0111318 
0.828322 0.0256782 0.0173646 0.100369 0.0144988 0.00338055 0.010387 
0.793374 0.0454158 0.0141364 0.110679 0.0224962 0.00349276 0.0104061 
0.807538 0.0406411 0.0142151 0.105235 0.0173711 0.00242627 0.0125738 
0.80936 0.0323683 0.0136501 0.11826 0.0100686 0.00249003 0.0138034 
0.80915 0.0442764 0.013156 0.10738 0.00849229 0.00327642 0.0142694 
0.668745 0.0412885 0.0115163 0.247426 0.01138 0.00673574 0.0129078 
0.724764 0.0252954 0.0133763 0.214876 0.00896129 0.00436581 0.00836127 
0.843579 0.0116499 0.0409162 0.0724069 0.00172382 0.00998825 0.0197358 
0.891551 0.00998218 0.0351946 0.0389917 0.00295725 0.00489879 0.0164249 
0.893265 0.0156075 0.0471954 0.00904278 0.002926 0.004328 0.0276349 
0.872842 0.00654295 0.07018 0.0142689 8.51689E-4 0.00767343 0.0276406 
0.839278 0.00949682 0.0586406 0.0579277 0.00124373 0.00935918 0.0240539 
0.895396 0.0177721 0.0397621 0.0229887 0.0035927 0.00492338 0.0155652 
0.72259 0.0506436 0.0110489 0.188969 0.0139503 0.00141198 0.0113867 
0.57976 0.0542597 0.00906902 0.309656 0.0375971 0.0013915 0.00826677 
0.522911 0.0531165 0.00945419 0.384905 0.0201898 0.00142189 0.00800144 
0.740283 0.0473632 0.00972932 0.174047 0.0203777 0.00128736 0.00691269 
0.687346 0.0659931 0.00905369 0.194617 0.033193 0.00165694 0.00814072 
0.738657 0.0911745 0.0103775 0.128347 0.0182705 0.00175839 0.0114154 
0.710466 0.0573265 0.00914943 0.174457 0.0371608 0.00204077 0.00939942 
0.668659 0.0793211 0.00983168 0.199489 0.0304421 0.00183857 0.0104188 
0.694201 0.0566223 0.00925376 0.202747 0.0275871 0.00145035 0.00813875 
0.664179 0.0750397 0.00923631 0.206982 0.0336946 0.00176779 0.00910063 
0.596106 0.0428836 0.00927939 0.270413 0.0681062 0.00210116 0.011111 
0.762186 0.045647 0.0100075 0.104444 0.0605707 0.0021085 0.0150367 
0.758345 0.0865851 0.00951487 0.09788 0.0339534 0.0020607 0.0116606 
0.674348 0.0803379 0.00956032 0.188156 0.035776 0.00159305 0.0102296 
0.759218 0.0932344 0.0103203 0.106727 0.0201705 0.00164308 0.00868622 
0.737642 0.0642702 0.00998862 0.1542 0.0228621 0.00183988 0.00919711 
0.724356 0.0469052 0.00900645 0.165276 0.044261 0.00159358 0.00860157 
0.770008 0.0559485 0.00942989 0.12288 0.0295091 0.00169153 0.0105331 
0.739459 0.0905423 0.00898447 0.118965 0.0295649 0.00208334 0.0104009 
0.74528 0.137327 0.00978692 0.0762474 0.018369 0.00220437 0.0107859 
0.709303 0.130836 0.00958035 0.10192 0.0338744 0.00218941 0.012296 
0.718211 0.100821 0.00967632 0.127123 0.0326687 0.00189212 0.00960842 
0.726163 0.071556 0.0103553 0.137943 0.0410988 0.00202088 0.0108631 
0.740811 0.0640788 0.00976827 0.134246 0.037384 0.00202103 0.0116903 
0.717702 0.0891732 0.0106856 0.145226 0.0249541 0.00183839 0.0104214 
0.781561 0.0833666 0.0103084 0.0794144 0.0316259 0.00257126 0.0111526 
0.666876 0.0704172 0.0107047 0.224783 0.0171565 0.00145836 0.00860497 
0.706482 0.0463136 0.00989575 0.209898 0.0185774 0.00143266 0.00739988 
0.540848 0.0689404 0.0105131 0.359874 0.0116136 0.00124108 0.00696976 
0.690173 0.0667552 0.0114868 0.20924 0.0138867 0.00128236 0.0071754 
0.715245 0.0837167 0.0116225 0.168072 0.0110763 0.00163002 0.00863759 
0.743481 0.0851667 0.0111147 0.138154 0.0124773 0.00140366 0.00820312 
0.710321 0.0872148 0.0117572 0.170205 0.00995587 0.00160718 0.00893864 
0.759226 0.0579796 0.010526 0.146081 0.0154056 0.00157487 0.0092066 
0.789258 0.0618861 0.0102055 0.110416 0.0179914 0.00151642 0.00872655 
0.759051 0.070578 0.0115587 0.129231 0.0178386 0.00171924 0.0100238 
0.747833 0.10323 0.0106366 0.098459 0.0260596 0.00217512 0.0116069 
0.849343 0.0573336 0.011768 0.0276278 0.0325148 0.00317359 0.0182394 
0.789691 0.085511 0.010213 0.0796512 0.0205921 0.00265199 0.0116894 
0.759248 0.0654256 0.0103287 0.124852 0.0278517 0.00180449 0.0104898 
0.833555 0.0438195 0.00969588 0.0776433 0.0251453 0.00169671 0.00844432 
0.783808 0.10568 0.0123957 0.0516997 0.0210617 0.00353902 0.0218163 
0.840699 0.0687815 0.0230733 0.0170149 0.00499558 0.00245974 0.0429755 
0.884959 0.0360637 0.0147883 0.0410407 0.00745081 0.00163688 0.0140604 
0.752192 0.045663 0.0124664 0.145466 0.0257479 0.0024683 0.0159957 
0.844276 0.0472608 0.0112314 0.05459 0.026564 0.00256462 0.0135136 
0.789518 0.0618731 0.0129999 0.0985116 0.0231244 0.00199455 0.0119786 
0.841429 0.0733038 0.0146006 0.051454 0.00610766 0.00173493 0.0113702 
0.721531 0.109863 0.0125691 0.134864 0.0122586 0.00165015 0.00726442 
0.382888 0.0213225 0.00673939 0.563523 0.0208717 8.09938E-4 0.00384529 
0.649375 0.0884237 0.0114798 0.231805 0.0103259 0.00136922 0.00722149 
0.812799 0.052576 0.0117428 0.0873624 0.0230904 0.00145279 0.0109766 
0.831379 0.0442329 0.0155836 0.0896245 0.0083566 0.00123859 0.00958459 
0.799189 0.0800119 0.0171116 0.0857773 0.0063118 0.0014639 0.0101349 
0.277816 0.0322655 0.00663377 0.650202 0.0261827 0.0013653 0.0055348 
0.379469 0.037608 0.0113735 0.560161 0.00633781 5.8338E-4 0.00446736 
0.564619 0.0768214 0.0147938 0.326602 0.00846957 9.19504E-4 0.00777486 
0.571691 0.0635796 0.0136085 0.334085 0.00676838 0.00125057 0.00901666 
0.492735 0.084136 0.0132136 0.39222 0.00820412 0.00113824 0.00835299 
0.204765 0.056713 0.0103074 0.703336 0.0122676 0.00314742 0.00946371 
0.562262 0.0364041 0.0119966 0.36544 0.0141667 0.001266 0.00846465 
0.745867 0.0469203 0.0144337 0.177336 0.00709544 9.65286E-4 0.00738262 
0.56558 0.0622362 0.0102059 0.343187 0.0110896 0.00134224 0.00635924 
0.589886 0.034421 0.011741 0.349028 0.00741501 7.95853E-4 0.00671339 
0.707864 0.108704 0.0111708 0.132776 0.0208049 0.00201349 0.0166665 
0.709183 0.120147 0.0115692 0.116858 0.0236231 0.00294017 0.0156787 
0.794304 0.0418963 0.0135704 0.131727 0.00768875 0.0015344 0.00927913 
0.687146 0.0454006 0.0143651 0.23606 0.00512167 0.00147743 0.0104296 
0.569127 0.0498533 0.0111068 0.34753 0.0122585 0.00101772 0.00910711 
0.227395 0.0491198 0.0085946 0.703491 0.00632648 8.41265E-4 0.00423175 
0.612349 0.0779874 0.0120219 0.279427 0.00822012 0.00141003 0.00858417 
0.57072 0.0784852 0.0112943 0.308263 0.0179098 0.00180898 0.0115186 
0.62803 0.0751273 0.0125135 0.267413 0.00747817 0.00116557 0.00827293 
0.600121 0.0613622 0.0134554 0.310688 0.005656 0.00127059 0.00744654 
0.534814 0.107269 0.011051 0.313223 0.0224978 0.00153538 0.00960961 
0.763582 0.0511203 0.0110187 0.13565 0.0240033 0.00169716 0.0129289 
0.777623 0.0476376 0.0103288 0.109431 0.0362404 0.00239932 0.0163393 
0.814183 0.0598884 0.0113461 0.0856423 0.0138724 0.00201418 0.013054 
0.770314 0.0485303 0.0101938 0.139533 0.0205596 0.00134295 0.00952662 
0.732405 0.0636964 0.0113344 0.170398 0.010971 0.00137965 0.00981567 
0.710789 0.049518 0.0100979 0.206548 0.0134389 0.00130598 0.00830255 
0.726207 0.0650502 0.0100893 0.169102 0.0175328 0.00165356 0.010365 
0.730874 0.074653 0.0116893 0.158387 0.0115269 0.00170954 0.0111606 
0.694555 0.0681442 0.0104955 0.196014 0.0197029 0.00189565 0.00919195 
0.757588 0.0615698 0.0104809 0.142449 0.016155 0.00210647 0.00965002 
0.642787 0.0582715 0.010754 0.251031 0.0249573 0.00162563 0.0105735 
0.674615 0.0492358 0.00982687 0.203841 0.0493554 0.00244627 0.0106792 
0.46937 0.0637608 0.0101051 0.42623 0.020406 0.00189081 0.00823771 
0.573574 0.0737083 0.0104174 0.300066 0.0299374 0.00247973 0.00981696 
0.698771 0.0663327 0.0115262 0.194902 0.0166766 0.00132409 0.0104671 
0.722794 0.047325 0.0104335 0.177013 0.0291655 0.0018864 0.0113822 
0.674304 0.0543827 0.010569 0.232478 0.0184452 0.00168235 0.00813868 
0.736397 0.0526572 0.0105084 0.164998 0.0232318 0.00194346 0.0102637 
0.708305 0.0737096 0.0116526 0.173548 0.0202473 0.00203978 0.0104976 
0.687157 0.0620539 0.00969224 0.184174 0.0437182 0.00237768 0.0108274 
0.620355 0.0393966 0.00956563 0.292303 0.0287512 0.00125317 0.00837572 
0.600585 0.079167 0.0098712 0.270688 0.0276676 0.00179013 0.0102315 
0.720201 0.0475473 0.00894275 0.18769 0.0241964 0.0018094 0.00961326 
0.485821 0.072007 0.00927422 0.398928 0.0216066 0.00234507 0.0100175 
0.584988 0.0453325 0.00817093 0.327772 0.0229621 0.00134049 0.00943408 
0.48123 0.0574926 0.00893901 0.427637 0.0160215 9.43782E-4 0.00773604 
0.561815 0.0687655 0.0106172 0.33324 0.0134065 0.00141309 0.0107422 
0.575687 0.0659487 0.00963728 0.319793 0.0177341 0.00137879 0.00982143 
0.642275 0.0674159 0.00891016 0.243251 0.0230022 0.00110065 0.0140448 
0.701871 0.0794537 0.0107516 0.175772 0.0148463 0.0013638 0.0159421 
0.621079 0.0721175 0.0101267 0.272115 0.0136432 0.00117218 0.00974637 
0.678896 0.0745536 0.0110009 0.212732 0.010832 0.00107958 0.0109059 
0.62232 0.0734914 0.00990443 0.253614 0.0267203 0.00145848 0.0124914 
0.574829 0.067725 0.00964053 0.31545 0.0207442 0.00125882 0.0103528 
0.494855 0.059413 0.0093516 0.409699 0.0173947 0.0011969 0.00808988 
0.606117 0.0711939 0.010341 0.290576 0.0111955 9.20501E-4 0.00965632 
0.590651 0.0865828 0.0100233 0.28373 0.0164505 0.0014846 0.0110781 
0.542337 0.0730544 0.00945266 0.350075 0.0133461 0.00121583 0.0105193 
0.557497 0.0615317 0.00952794 0.344692 0.0150316 0.00125039 0.0104693 
0.641301 0.0845909 0.010627 0.233224 0.0162237 0.00164381 0.0123893 
0.734483 0.0528263 0.00889013 0.171202 0.0211716 0.00121692 0.0102097 
0.659952 0.080589 0.0115795 0.228747 0.00775546 0.00118033 0.0101972 
0.640345 0.0694772 0.0114818 0.255234 0.00851089 0.0011685 0.013783 
0.748512 0.0519251 0.0102825 0.155691 0.0190017 0.00114996 0.0134376 
0.699841 0.0748808 0.0097348 0.172888 0.026809 0.00144916 0.0143965 
0.618546 0.0815889 0.0109075 0.257274 0.0194871 0.00142558 0.0107712 
0.572611 0.106025 0.00963359 0.280354 0.0196743 0.00153299 0.0101693 
0.660977 0.0885516 0.0108921 0.216156 0.0117714 0.00130632 0.0103458 
0.709237 0.065183 0.00882211 0.173543 0.0314146 0.00147226 0.0103275 
0.758926 0.078307 0.010243 0.124402 0.0179008 0.00140533 0.00881619 
0.713724 0.0579015 0.0104047 0.191634 0.0147644 0.00114791 0.0104235 
0.705848 0.103783 0.0102475 0.137153 0.0272329 0.00194537 0.0137903 
0.680169 0.0565838 0.00909767 0.225531 0.0193474 0.00119948 0.008071 
0.608843 0.0536558 0.00950628 0.30314 0.0146958 0.00120837 0.00895 
0.70962 0.0719856 0.0104881 0.18348 0.0100662 0.00220254 0.0121573 
0.696649 0.0505551 0.0102434 0.216478 0.0126398 0.00146303 0.011972 
0.755206 0.0531438 0.0117087 0.156398 0.00757714 0.00185413 0.0141129 
0.763092 0.0475498 0.0102244 0.153032 0.0117921 0.00135289 0.012956 
0.737851 0.0467188 0.00986855 0.18092 0.0127676 0.0018487 0.0100255 
0.697472 0.0541165 0.00981327 0.218135 0.0108931 0.00152657 0.00804347 
0.751882 0.0778046 0.0106557 0.134222 0.012936 0.00170272 0.0107971 
0.683871 0.0482987 0.0095659 0.226761 0.0218891 0.0012832 0.0083317 
0.76908 0.0403477 0.0136159 0.14476 0.0216885 0.00259893 0.0079089 
0.863812 0.0300107 0.018898 0.0621242 0.0123218 0.0058892 0.00694412 
0.679141 0.0327066 0.0194993 0.254599 0.00510449 0.00301244 0.00593626 
0.672805 0.0257131 0.0189524 0.271449 0.0046512 0.00181835 0.00461104 
0.635104 0.0429301 0.0133397 0.282386 0.0179132 0.00162824 0.00669859 
0.202846 0.0417271 0.0067618 0.700584 0.0409545 0.00162021 0.00550651 
0.208809 0.0714305 0.00902943 0.669249 0.0299059 0.00275592 0.00882055 
0.436651 0.0524345 0.00750765 0.466114 0.0279843 0.00141115 0.00789705 
0.412048 0.0875174 0.00860457 0.450977 0.0302556 0.00172837 0.0088681 
0.357325 0.0914162 0.00720164 0.503842 0.0312335 0.0016058 0.00737598 
0.400898 0.0844582 0.00852917 0.470444 0.0256357 0.00162044 0.0084146 
0.524551 0.0829057 0.00843329 0.345867 0.0267778 0.00144352 0.0100212 
0.462739 0.0893729 0.00927101 0.410546 0.016629 0.00136788 0.0100745 
0.315508 0.0820771 0.007443 0.566935 0.0199737 0.00143931 0.00662312 
0.175479 0.050917 0.00522396 0.741458 0.020602 0.0011553 0.00516407 
0.383505 0.0839806 0.00929786 0.503563 0.0107265 0.00123646 0.00769067 
0.461401 0.0693852 0.00812941 0.427684 0.0229297 0.00134804 0.0091224 
0.391886 0.105222 0.00894246 0.470136 0.0135366 0.00116141 0.00911578 
0.48472 0.0677838 0.00840446 0.397403 0.0297145 0.00151234 0.0104616 
0.348666 0.0805645 0.0103215 0.543876 0.0071942 0.00106069 0.00831722 
0.549792 0.0987445 0.0092916 0.316151 0.0130644 0.00138226 0.0115745 
0.69697 0.131168 0.00934951 0.130746 0.0143247 0.00175011 0.0156921 
0.445209 0.0992628 0.007408 0.416232 0.0224492 0.00129831 0.0081409 
0.528692 0.169375 0.00885649 0.268388 0.0139533 0.00159806 0.00913678 
0.620929 0.177264 0.0086123 0.167076 0.0139438 0.00237792 0.00979696 
0.409529 0.172433 0.00860232 0.375563 0.0227863 0.00246553 0.00861986 
0.477002 0.198204 0.009548 0.288659 0.0138036 0.00284845 0.00993495 
0.448917 0.156656 0.0096049 0.358524 0.0144064 0.00219536 0.0096959 
0.520305 0.159257 0.00856876 0.265302 0.032433 0.00253434 0.0116004 
0.610691 0.151388 0.00895172 0.180322 0.0319605 0.00249405 0.014192 
0.580673 0.165724 0.00968336 0.20226 0.0234774 0.00313078 0.0150513 
0.575108 0.227302 0.00929153 0.150851 0.0192109 0.00265884 0.0155779 
0.470236 0.247232 0.0102322 0.236919 0.0178498 0.00337688 0.0141544 
0.397616 0.205967 0.010561 0.355897 0.0154844 0.00342851 0.0110468 
0.474081 0.123649 0.00938436 0.358972 0.0187399 0.00356302 0.0116115 
0.696204 0.141399 0.0086036 0.111141 0.021226 0.00403934 0.017387 
0.684087 0.153586 0.0117709 0.11534 0.0103757 0.00454943 0.0202903 
0.703136 0.125991 0.00908621 0.132478 0.00912109 0.00233034 0.0178565 
0.499849 0.0801587 0.0109333 0.391174 0.00483882 0.00159208 0.0114536 
0.602135 0.106754 0.0118126 0.25898 0.0058605 0.00175513 0.012702 
0.526236 0.0932151 0.0109014 0.353791 0.00583369 0.00125278 0.00876932 
0.456387 0.130532 0.0120398 0.381003 0.00606161 0.00232899 0.0116478 
0.434677 0.137527 0.0112674 0.399832 0.00598421 0.00217726 0.0085357 
0.331553 0.14616 0.0124353 0.492484 0.00626568 0.00244967 0.00865291 
0.436272 0.0831236 0.00726265 0.449926 0.016354 0.00118594 0.00587568 
0.443309 0.0793881 0.00735886 0.441884 0.0204098 0.00122289 0.00642748 
0.47486 0.156314 0.00914979 0.342966 0.00795708 0.0015181 0.00723517 
0.406712 0.105675 0.0079078 0.456029 0.0154919 0.00134145 0.00684218 
0.511178 0.147886 0.00937982 0.312085 0.00863838 0.00167314 0.00915996 
0.417709 0.103517 0.00731681 0.428901 0.032066 0.00192867 0.00856065 
0.469449 0.0687783 0.00697113 0.423093 0.0232664 0.00116083 0.00728099 
0.394749 0.0921123 0.0083903 0.488468 0.00877404 9.50749E-4 0.00655484 
0.323731 0.106324 0.00894473 0.543614 0.00865542 0.00137156 0.00735985 
0.236056 0.0583242 0.00589647 0.682501 0.0113643 7.92198E-4 0.00506597 
0.335384 0.0677421 0.00729285 0.572381 0.0107637 9.63046E-4 0.00547307 
0.393774 0.0794544 0.00780874 0.495398 0.0151483 0.00108547 0.00733131 
0.422771 0.0968609 0.0104911 0.457569 0.00478918 0.00105668 0.00646158 
0.555076 0.163041 0.0117032 0.247135 0.00911299 0.00264275 0.0112886 
0.53837 0.109186 0.00942488 0.32198 0.0104042 0.00122234 0.00941191 
0.447431 0.11191 0.00923965 0.413845 0.00772764 0.00123641 0.00861036 
0.305524 0.0824756 0.00959317 0.587762 0.00506917 0.00143395 0.00814171 
0.511982 0.0792813 0.00904347 0.372912 0.0152656 0.00179246 0.00972306 
0.370064 0.0679145 0.00845234 0.537742 0.00776565 0.00110969 0.0069528 
0.503146 0.175762 0.0137813 0.281913 0.00687862 0.0036203 0.0148984 
0.686237 0.16734 0.0103773 0.105776 0.00987937 0.0037582 0.0166321 
0.664967 0.0941708 0.00997094 0.196084 0.0195971 0.00211679 0.0130927 
0.507379 0.0848109 0.00948441 0.378797 0.0107326 0.0012215 0.00757446 
0.601252 0.0774898 0.009103 0.281623 0.0204404 0.0015978 0.0084935 
0.636481 0.139086 0.00877541 0.188304 0.0158604 0.00211376 0.00937834 
0.569755 0.124659 0.010803 0.276274 0.00843375 0.00166827 0.0084076 
0.414619 0.0958642 0.0110723 0.461018 0.00703276 0.00159676 0.00879706 
0.461096 0.108076 0.00870978 0.392722 0.0192042 0.00177451 0.00841749 
0.428075 0.122534 0.00892503 0.406363 0.0220472 0.00209967 0.0099566 
0.442236 0.0713846 0.0075414 0.440051 0.0301616 0.00161311 0.00701296 
0.556892 0.124502 0.00972683 0.277067 0.0187605 0.00234879 0.0107036 
0.703062 0.0958892 0.010706 0.16425 0.010697 0.001885 0.0135107 
0.610545 0.133732 0.0124564 0.222855 0.00594501 0.00180026 0.0126667 
0.645525 0.156822 0.0104739 0.159342 0.012025 0.00304468 0.0127681 
0.684898 0.147185 0.0108066 0.1327 0.00968218 0.00298417 0.0117442 
0.727566 0.113049 0.00919794 0.116668 0.0195187 0.002173 0.0118268 
0.619681 0.138456 0.011022 0.210884 0.00691309 0.00261848 0.0104252 
0.606202 0.122962 0.00979005 0.236183 0.0117079 0.00202623 0.0111292 
0.629217 0.18549 0.00852013 0.143726 0.0190357 0.0025854 0.0114255 
0.576428 0.11872 0.00873723 0.261985 0.023579 0.00261273 0.00793808 
0.616632 0.133079 0.010211 0.216648 0.0116866 0.00182063 0.00992261 
0.606596 0.141302 0.0105499 0.215637 0.0134177 0.00229384 0.0102028 
0.625202 0.0799015 0.00895931 0.224736 0.0470533 0.00263001 0.0115173 
0.564781 0.123295 0.0102492 0.26219 0.025914 0.00214801 0.0114222 
0.646221 0.107056 0.00898594 0.203884 0.0237584 0.00164128 0.00845298 
0.597128 0.148378 0.0105708 0.201005 0.0269888 0.0024736 0.0134558 
0.529519 0.15311 0.0111661 0.274807 0.0179917 0.00224394 0.0111617 
0.507383 0.111028 0.00912197 0.328758 0.0302904 0.00230251 0.0111155 
0.612821 0.116623 0.00832981 0.222673 0.0267665 0.00193478 0.0108514 
0.401728 0.14284 0.0108614 0.425886 0.00820783 0.00184892 0.00862717 
0.555121 0.142722 0.00818778 0.256889 0.0236188 0.00181233 0.0116486 
0.575395 0.101543 0.00842757 0.298492 0.00858592 0.00101715 0.0065395 
0.485603 0.0881608 0.00799493 0.388475 0.0220297 0.00164686 0.00608984 
0.424795 0.108356 0.00876278 0.436905 0.0128845 0.00163857 0.00665825 
0.571551 0.0974923 0.00834366 0.288289 0.0247564 0.00154441 0.00802345 
0.517443 0.139965 0.0100759 0.307918 0.0130669 0.00184426 0.00968685 
0.355579 0.123896 0.00990696 0.483688 0.016652 0.00234704 0.00793125 
0.365347 0.101048 0.00838523 0.503641 0.0138319 0.00129981 0.00644707 
0.503436 0.119943 0.00930951 0.339717 0.0178864 0.00160128 0.00810705 
0.477298 0.116791 0.00897702 0.371272 0.0172069 0.00153423 0.00692092 
0.553952 0.132578 0.00905321 0.276104 0.0201844 0.00142637 0.00670287 
0.734435 0.0486185 0.0153682 0.142346 0.0421981 0.00834935 0.00868512 
0.719401 0.0615338 0.0151315 0.148729 0.0346549 0.0109158 0.00963439 
0.54016 0.0643916 0.0149405 0.320102 0.0380179 0.0120185 0.0103697 
0.673299 0.0858007 0.0147385 0.146345 0.0582232 0.00654771 0.0150458 
0.643765 0.10214 0.0130863 0.151383 0.0627616 0.010996 0.0158689 
0.654516 0.141142 0.0142626 0.115149 0.0476092 0.00999655 0.0173241 
0.7223 0.112638 0.0152564 0.104671 0.0167608 0.00882637 0.0195479 
0.771139 0.0570274 0.0150565 0.105981 0.0251209 0.00561043 0.0200651 
0.727086 0.0909962 0.0142185 0.117459 0.0265674 0.00548796 0.0181847 
0.599337 0.091422 0.0128227 0.251846 0.0228189 0.00570035 0.0160531 
0.563439 0.0656801 0.00973662 0.282581 0.0584211 0.00325687 0.0168856 
0.685496 0.0914463 0.0101548 0.0860842 0.0963987 0.00613421 0.024286 
0.671632 0.120645 0.00963856 0.10655 0.0636355 0.00658089 0.0213185 
0.705187 0.0935301 0.0116471 0.113952 0.0518437 0.00469271 0.0191478 
0.123388 0.468174 0.0131167 0.20686 0.133196 0.0375606 0.0177042 
0.152036 0.214071 0.013068 0.303473 0.28329 0.0180637 0.0159982 
0.215948 0.182606 0.00630717 0.216958 0.358484 0.0106579 0.00903866 
0.14679 0.139799 0.00598875 0.280821 0.40893 0.0087639 0.0089078 
0.170607 0.233377 0.00545179 0.206619 0.364199 0.0104667 0.00927996 
0.129294 0.11264 0.00548493 0.185635 0.550401 0.00842759 0.00811773 
0.20482 0.196285 0.00775058 0.179262 0.389356 0.010349 0.0121778 
0.218913 0.161514 0.00736311 0.190059 0.399451 0.00945261 0.0132471 
0.201861 0.181433 0.00769063 0.240383 0.346452 0.00986 0.0123201 
0.190303 0.352602 0.00930623 0.272943 0.15036 0.0102616 0.0142233 
0.334022 0.149654 0.00879317 0.3362 0.147185 0.00750317 0.0166429 
0.300896 0.113634 0.0064875 0.397844 0.166741 0.00491703 0.0094807 
0.327207 0.198102 0.00638604 0.293977 0.15783 0.00615436 0.0103437 
0.291564 0.112808 0.00560884 0.216325 0.357389 0.0069023 0.00940299 
0.317588 0.153135 0.00663301 0.25628 0.249144 0.00787431 0.00934596 
0.323458 0.212612 0.00674327 0.339497 0.102972 0.00518343 0.00953433 
0.37237 0.234972 0.00474057 0.27732 0.0982007 0.00416111 0.00823525 
0.330237 0.164244 0.00789301 0.263485 0.21409 0.00809185 0.0119582 
0.388403 0.210667 0.00552918 0.264641 0.11715 0.00500512 0.00860522 
0.407886 0.246655 0.00592961 0.191869 0.131454 0.00598456 0.0102216 
0.388345 0.300651 0.00508888 0.219266 0.0738546 0.00438027 0.00841472 
0.528884 0.290898 0.00474067 0.123499 0.0393485 0.00403115 0.00859901 
0.587314 0.175774 0.00655829 0.196119 0.0235026 0.0028337 0.0078973 
0.526473 0.118501 0.00826006 0.329515 0.0092434 0.00232781 0.00567986 
0.528542 0.135463 0.00625239 0.280706 0.0376816 0.00335743 0.00799743 
0.740475 0.141397 0.00649328 0.0827974 0.0155985 0.00475362 0.00848472 
0.615079 0.159346 0.00612717 0.177999 0.0288752 0.00445889 0.00811556 
0.626545 0.194454 0.00522174 0.126862 0.0334157 0.00484267 0.00865887 
0.63779 0.173672 0.00607826 0.144999 0.0247349 0.0046264 0.00809897 
0.68075 0.134739 0.00525493 0.101562 0.0625596 0.00462602 0.0105085 
0.607414 0.239428 0.00464367 0.0544049 0.0764429 0.00552 0.0121471 
0.68421 0.152419 0.00614742 0.0770413 0.0627806 0.00501066 0.0123909 
0.775453 0.125834 0.00795513 0.0497339 0.0252588 0.00474138 0.0110241 
0.650678 0.133829 0.00613594 0.123321 0.0722491 0.00459601 0.00919057 
0.606744 0.185709 0.00594556 0.115199 0.0709132 0.00458798 0.0109012 
0.548938 0.196762 0.00617186 0.209102 0.0289771 0.00316472 0.00688416 
0.668263 0.155857 0.00694864 0.128785 0.0292976 0.0028578 0.00799093 
0.723033 0.0634436 0.00788122 0.179201 0.018245 0.00237545 0.00582128 
0.814156 0.0524259 0.0113414 0.107101 0.00569097 0.00218825 0.00709688 
0.800068 0.0402137 0.0112769 0.131186 0.00616349 0.0028635 0.00822817 
0.708181 0.098344 0.0108749 0.156112 0.0111449 0.00352099 0.0118227 
0.758963 0.0931244 0.00919122 0.116002 0.0131807 0.00230105 0.00723705 
0.465386 0.0897014 0.00663474 0.417515 0.0145615 0.00122094 0.00498055 
0.575709 0.116023 0.00576285 0.267816 0.0271222 0.00189178 0.00567496 
0.633187 0.0719167 0.00675448 0.265683 0.015874 0.00154442 0.00503979 
0.541498 0.112486 0.00584289 0.31563 0.0175669 0.00184942 0.00512681 
0.439429 0.0800163 0.00656812 0.456486 0.0118877 0.00131271 0.00430077 
0.40398 0.101505 0.00683421 0.468753 0.0125567 0.00147814 0.00489312 
0.249262 0.0586537 0.00467059 0.65768 0.0244165 0.0013622 0.00395487 
0.502817 0.151923 0.00942711 0.31201 0.0142538 0.00252321 0.00704599 
0.507773 0.144011 0.00766569 0.294765 0.0352562 0.00216195 0.00836727 
0.407863 0.141949 0.00723511 0.369571 0.0600012 0.00314851 0.0102321 
0.384334 0.154655 0.00805528 0.415288 0.0271711 0.00219667 0.00830053 
0.338491 0.0990029 0.00605219 0.478304 0.0656383 0.00372044 0.00879173 
0.519935 0.137504 0.00646711 0.259614 0.062382 0.00362114 0.0104767 
0.607483 0.158198 0.00735201 0.190559 0.0252596 0.00220558 0.00894307 
0.521045 0.173084 0.0072136 0.260946 0.027912 0.00228985 0.00750959 
0.489623 0.207392 0.00848764 0.237999 0.0423389 0.00327413 0.0108852 
0.737748 0.111776 0.00885027 0.12497 0.0099441 9.2207E-4 0.0057894 
0.506391 0.134326 0.0085828 0.301021 0.0370396 0.00246165 0.0101776 
0.267866 0.0812377 0.00624863 0.530603 0.103416 0.00387186 0.0067573 
0.406453 0.16904 0.0104394 0.377826 0.0217162 0.00358348 0.0109423 
0.651885 0.197021 0.00830277 0.112399 0.0225758 0.00113296 0.00668333 
0.561521 0.138636 0.00901935 0.264081 0.0196063 0.00135232 0.00578357 
0.0647944 0.0727664 0.00439521 0.842049 0.0122565 0.00100416 0.00273393 
0.183151 0.203774 0.0116044 0.572833 0.0151706 0.00373073 0.00973594 
0.590783 0.20391 0.0080149 0.165276 0.0198154 0.00122574 0.0109753 
0.290288 0.0917729 0.00756975 0.589833 0.0145673 9.82463E-4 0.00498648 
0.18465 0.0768308 0.00701208 0.71091 0.0146221 0.00133768 0.00463778 
0.408799 0.107688 0.00990953 0.4464 0.0136981 0.00177131 0.0117333 
0.712537 0.129375 0.00768149 0.100476 0.0343328 0.00203142 0.0135661 
0.600611 0.0815048 0.00896938 0.289281 0.0116421 7.72897E-4 0.007218 
0.241145 0.0553577 0.00662441 0.682394 0.00947641 9.24319E-4 0.00407836 
0.0949147 0.102856 0.00817661 0.778016 0.00919975 0.00196708 0.00486939 
0.298853 0.149012 0.0103615 0.513052 0.0160689 0.0029605 0.00969156 
0.438156 0.0692734 0.011211 0.467276 0.00444357 0.00131445 0.00832526 
0.468246 0.0714239 0.00695585 0.408826 0.0359469 0.00163596 0.00696467 
0.521766 0.0828474 0.00778655 0.344514 0.0320636 0.00212154 0.0089004 
0.137204 0.140275 0.0135229 0.651351 0.0356332 0.00807997 0.0139349 
0.634482 0.0855231 0.00714084 0.214946 0.0414955 0.0027018 0.0137103 
0.830208 0.0780429 0.00884599 0.0546691 0.0142508 0.00166248 0.0123203 
0.703439 0.074805 0.00953815 0.185136 0.0162927 0.00161691 0.00917284 
0.56643 0.084779 0.0092551 0.320352 0.0106961 0.00138792 0.00709989 
0.39052 0.0897784 0.00911753 0.466665 0.0322838 0.00254547 0.00909015 
0.714078 0.121364 0.00863749 0.127038 0.0173247 0.00196075 0.00959715 
0.509899 0.112583 0.00750222 0.341732 0.0191026 0.0017551 0.00742593 
0.379521 0.0923222 0.00637011 0.496922 0.0184575 0.0013148 0.00509157 
0.473544 0.181293 0.00825734 0.285609 0.0388684 0.0027777 0.00965132 
0.47968 0.0561369 0.00749863 0.432724 0.0181236 8.85916E-4 0.00495105 
0.555006 0.0437204 0.00791978 0.375723 0.012002 9.65677E-4 0.00466292 
0.399308 0.0488707 0.00610753 0.526612 0.0143646 9.79084E-4 0.00375755 
0.433786 0.0478009 0.00649485 0.499011 0.00830871 0.00100601 0.00359166 
0.348925 0.087119 0.00817497 0.543385 0.00625981 0.00173561 0.0044003 
0.254168 0.0583002 0.0051277 0.668803 0.00908384 0.00137112 0.00314563 
0.483763 0.0647847 0.00744975 0.431911 0.00608319 0.00147977 0.00452837 
0.418362 0.0435603 0.00587943 0.518463 0.0087643 0.00120417 0.00376614 
0.381733 0.045498 0.00563414 0.556387 0.00710146 8.96136E-4 0.00275022 
0.342253 0.0513978 0.00477953 0.589123 0.00899841 8.26098E-4 0.00262183 
0.555246 0.0663292 0.00739199 0.358732 0.00586809 0.00165382 0.00477918 
0.347637 0.0894346 0.00627414 0.539075 0.0100712 0.00152718 0.0059811 
0.374297 0.0779242 0.00557715 0.52226 0.0143491 0.00101282 0.00457934 
0.28628 0.169499 0.0102184 0.50112 0.0184704 0.00369464 0.0107171 
0.317235 0.170796 0.00785218 0.478231 0.0159735 0.00195912 0.00795308 
0.422592 0.101713 0.00689839 0.409518 0.0470925 0.00250643 0.00968046 
0.461285 0.168903 0.00819846 0.338342 0.0115255 0.00197588 0.00977064 
0.387668 0.121662 0.0081233 0.454095 0.0178327 0.00161047 0.00900891 
0.296472 0.0895137 0.00713342 0.58333 0.014097 0.00132334 0.00813061 
0.249237 0.0830444 0.00631548 0.645095 0.00887128 0.00111489 0.00632213 
0.388147 0.0876976 0.00873241 0.499766 0.00564062 0.001258 0.00875822 
0.392135 0.0455811 0.00570948 0.530457 0.0190706 0.00105675 0.00598992 
0.354363 0.0653588 0.00685049 0.539066 0.0247822 0.001277 0.00830287 
0.539438 0.088776 0.00710813 0.326079 0.0268132 0.00140021 0.0103863 
0.554638 0.0770274 0.00694452 0.342711 0.011379 0.00118337 0.00611622 
0.39993 0.0806759 0.00782409 0.494025 0.00940473 0.00135835 0.00678188 
0.379368 0.0608499 0.00758627 0.542929 0.00483068 8.89798E-4 0.00354625 
0.223479 0.0609468 0.00732063 0.700682 0.00317326 9.47287E-4 0.00345124 
0.54842 0.0863845 0.0073461 0.343109 0.00720831 0.00124993 0.00628232 
0.399173 0.0581052 0.0059794 0.518522 0.0119121 9.13455E-4 0.00539513 
0.431735 0.0656268 0.00581715 0.468075 0.0223565 0.00107862 0.00531125 
0.413611 0.069385 0.00547521 0.473975 0.0304933 0.00136943 0.00569095 
0.460851 0.0536454 0.00611586 0.448893 0.024685 0.00111853 0.00469175 
0.419263 0.0611393 0.00648859 0.487209 0.019709 9.12309E-4 0.00527843 
0.455593 0.0870724 0.00700831 0.40868 0.0330879 0.00165979 0.00689823 
0.390169 0.139204 0.00905068 0.426051 0.0256128 0.00212377 0.00778806 
0.492672 0.153693 0.00890763 0.294633 0.0370744 0.00278965 0.0102311 
0.327048 0.140248 0.00959881 0.483864 0.0282716 0.00283692 0.00813175 
0.395786 0.169389 0.0100246 0.395878 0.0171622 0.00248145 0.00927916 
0.47935 0.130359 0.00874878 0.352103 0.0190902 0.00169223 0.00865643 
0.419967 0.106502 0.00809958 0.439597 0.0182493 0.00136712 0.00621728 
0.412761 0.110126 0.0106597 0.452536 0.0060167 0.00142663 0.00647398 
0.195634 0.0909364 0.00701222 0.682313 0.0167228 0.00139649 0.00598566 
0.241338 0.0788278 0.00726027 0.638028 0.0260217 0.00159443 0.00693022 
0.182887 0.089756 0.00773116 0.703654 0.0092799 0.00144974 0.00524174 
0.328284 0.0858677 0.00846983 0.546207 0.021141 0.00185687 0.00817328 
0.238505 0.0767503 0.00692663 0.648135 0.0224996 0.00170545 0.00547836 
0.227237 0.112967 0.00990573 0.616815 0.0210542 0.00256736 0.00945368 
0.343467 0.12303 0.00882377 0.480164 0.0319625 0.00262979 0.00992386 
0.330006 0.0972066 0.00796424 0.52835 0.0273893 0.00178654 0.0072975 
0.229451 0.07696 0.00628681 0.66792 0.0142492 0.00103094 0.00410219 
0.241271 0.0961352 0.00747857 0.642207 0.00774988 0.00108949 0.00406889 
0.437861 0.0713371 0.00654761 0.44968 0.0279908 0.00128918 0.0052945 
0.416948 0.0940249 0.00743573 0.462735 0.0136864 0.00120075 0.00396963 
0.337408 0.0749702 0.00789158 0.569777 0.00591629 8.41557E-4 0.00319618 
0.212664 0.0867756 0.00631171 0.675916 0.0131766 0.00111123 0.00404384 
0.337467 0.0742877 0.00803167 0.56814 0.00784231 6.60121E-4 0.00357068 
0.282649 0.0592434 0.00646451 0.641997 0.00657237 6.6866E-4 0.00240512 
0.474822 0.0504003 0.00786201 0.454367 0.00722265 6.73388E-4 0.00465279 
0.536244 0.0504496 0.00700702 0.388181 0.0118508 7.63656E-4 0.00550401 
0.558265 0.0276546 0.00867748 0.391959 0.00716513 4.95659E-4 0.00578371 
0.575521 0.0587311 0.00813669 0.337902 0.0124657 8.26435E-4 0.00641747 
0.456836 0.0483888 0.0101495 0.474253 0.00379775 7.60025E-4 0.00581474 
0.502026 0.0553164 0.00705958 0.409435 0.0172455 0.00124085 0.00767655 
0.617812 0.0871929 0.00875317 0.261362 0.0143382 0.00173469 0.00880697 
0.596331 0.077932 0.01015 0.298112 0.00609748 0.00129962 0.010078 
0.649297 0.0504631 0.00811771 0.262922 0.0192779 0.00102384 0.00889845 
0.442012 0.0544383 0.0084019 0.476079 0.0110654 0.00106646 0.00693665 
0.376248 0.0421408 0.00679952 0.556968 0.0107141 7.75251E-4 0.00635434 
0.435003 0.0295672 0.00627931 0.511438 0.0118984 6.07201E-4 0.00520617 
0.420742 0.0455328 0.00718287 0.508717 0.011838 6.5792E-4 0.00532999 
0.344339 0.0488299 0.0069526 0.584529 0.0087951 7.86474E-4 0.00576877 
0.4751 0.0323542 0.00778115 0.47103 0.00806687 5.90099E-4 0.00507671 
0.571714 0.0399081 0.00851928 0.364824 0.00747081 8.44346E-4 0.00671982 
0.418825 0.0364347 0.00796944 0.525281 0.00504572 8.8481E-4 0.00555841 
0.627773 0.0543749 0.00949782 0.293057 0.005838 0.00138788 0.00807194 
0.48441 0.0420239 0.00641215 0.441284 0.0182353 9.85449E-4 0.0066498 
0.576673 0.0435278 0.00715247 0.346441 0.0173565 0.00115723 0.00769248 
0.631577 0.0376336 0.00936251 0.307127 0.00657059 8.08194E-4 0.00692092 
0.539419 0.0414001 0.00832093 0.393445 0.00947406 8.77645E-4 0.00706335 
0.65266 0.0345754 0.00851383 0.289691 0.00803552 7.5826E-4 0.00576627 
0.451885 0.021928 0.00531059 0.492672 0.0219554 6.58284E-4 0.00559112 
0.500409 0.0241982 0.00639146 0.45062 0.0130497 6.75406E-4 0.00465629 
0.27829 0.0216875 0.00553723 0.685484 0.00609341 4.00951E-4 0.00250697 
0.379477 0.0266458 0.00685794 0.577173 0.00475938 5.47973E-4 0.00453957 
0.517078 0.0399068 0.00822404 0.421199 0.00693726 7.33841E-4 0.00592091 
0.599662 0.0369182 0.00970862 0.340744 0.00573594 8.11614E-4 0.00641954 
0.428881 0.0540679 0.00740878 0.491494 0.00927981 0.00120499 0.00766328 
0.519802 0.0291023 0.00775062 0.419288 0.0167806 8.92552E-4 0.00638397 
0.803976 0.0589952 0.0090196 0.0934636 0.0145945 0.00115321 0.0187982 
0.737566 0.0538715 0.00916214 0.177458 0.00930307 9.70513E-4 0.0116689 
0.322157 0.0534278 0.00673114 0.588775 0.0193807 0.00124864 0.00828007 
0.22408 0.0539073 0.00670128 0.693866 0.0136294 0.00122445 0.006592 
0.199576 0.031723 0.00440546 0.742892 0.0161984 6.62377E-4 0.00454277 
0.158046 0.069039 0.00673374 0.755075 0.00495009 0.0011142 0.00504182 
0.236202 0.0459645 0.00623331 0.69853 0.00766723 6.85372E-4 0.00471754 
0.258389 0.0444952 0.0060876 0.675317 0.00956689 9.20074E-4 0.00522478 
0.293791 0.0415834 0.00554111 0.633491 0.0192647 0.00100709 0.00532195 
0.27895 0.0555681 0.00624599 0.630603 0.0205994 0.00119789 0.00683481 
0.224047 0.0560228 0.00612399 0.695568 0.011403 8.86854E-4 0.00594826 
0.432017 0.0729948 0.00982075 0.468964 0.005542 0.00152574 0.00913615 
0.308481 0.0437381 0.00644718 0.629624 0.00706334 5.12269E-4 0.00413479 
0.482421 0.0622975 0.00784611 0.426377 0.012803 8.56674E-4 0.00739894 
0.367763 0.0368715 0.00715484 0.576025 0.00569128 5.90095E-4 0.00590452 
0.531029 0.02448 0.0070469 0.411252 0.0183721 5.37661E-4 0.00728285 
0.628774 0.0455412 0.00914085 0.273605 0.0269111 0.00148303 0.0145438 
0.828779 0.0702446 0.00919295 0.0711654 0.00769376 0.00162066 0.0113041 
0.693443 0.0898629 0.0104128 0.182532 0.0117419 0.00121364 0.0107939 
0.631539 0.101774 0.0112225 0.229974 0.0123038 0.00156646 0.0116206 
0.472658 0.107254 0.0124059 0.375102 0.0191421 0.00257685 0.0108607 
0.542627 0.0660484 0.00901808 0.353254 0.0181413 0.00161509 0.00929541 
0.554424 0.0834095 0.0107189 0.331358 0.00891822 0.00164057 0.00953067 
0.533534 0.0726828 0.0100069 0.367106 0.00709896 0.00115929 0.00841192 
0.510402 0.0792373 0.0129376 0.384625 0.00370326 0.0013151 0.00778029 
0.628832 0.0450087 0.0102292 0.298073 0.00680709 0.00129839 0.00975156 
0.674144 0.0521282 0.0104187 0.24531 0.00525856 0.00140773 0.0113329 
0.480564 0.108859 0.0142458 0.374081 0.00778105 0.00276045 0.0117088 
0.623748 0.0577048 0.00932028 0.283049 0.0153075 0.00117981 0.00969065 
0.735985 0.0570362 0.0113506 0.17984 0.00561864 0.00131619 0.00885278 
0.648525 0.0526708 0.0109663 0.268705 0.0067261 0.00126938 0.0111376 
0.773914 0.0560264 0.0103508 0.137395 0.00924477 8.71183E-4 0.0121976 
0.807976 0.063704 0.0114858 0.0981829 0.00751244 0.00126744 0.00987132 
0.7824 0.0825778 0.0105861 0.0965463 0.0142524 0.00146681 0.0121704 
0.657584 0.0654846 0.0115628 0.251649 0.00536542 0.00133536 0.00701924 
0.537998 0.0814732 0.0123773 0.352653 0.00478392 0.00197086 0.00874371 
0.775357 0.0828394 0.00995566 0.115546 0.00607416 0.00178755 0.00844104 
0.817068 0.0542195 0.00939272 0.0943696 0.0142926 0.00124153 0.00941563 
0.847473 0.0449915 0.00779925 0.0634952 0.0214622 0.00163775 0.013141 
0.868878 0.0384292 0.00819498 0.0594873 0.0121055 0.0014573 0.011448 
0.81449 0.0538968 0.0102221 0.0943797 0.00935213 0.0022374 0.0154217 
0.789735 0.0565868 0.00832995 0.107661 0.022892 0.00169222 0.0131039 
0.699301 0.0633904 0.00828762 0.194769 0.0231009 0.00146936 0.00968137 
0.668953 0.0698268 0.0107263 0.226655 0.0129459 0.00123495 0.0096572 
0.521611 0.0353629 0.00697671 0.403324 0.0241813 0.00119297 0.00735162 
0.250189 0.014196 0.00426248 0.71751 0.0103986 5.96782E-4 0.00284769 
0.422589 0.0271695 0.00602258 0.520708 0.0177132 9.68546E-4 0.00482872 
0.503994 0.0319248 0.00748955 0.443073 0.00718862 8.38143E-4 0.00549246 
0.41574 0.0441243 0.00606807 0.513657 0.0131417 8.66419E-4 0.00640289 
0.195571 0.0327574 0.003952 0.753379 0.0105182 4.84409E-4 0.00333849 
0.21853 0.0497275 0.00590342 0.715243 0.00698612 5.28894E-4 0.00308155 
0.151137 0.0660697 0.00653584 0.766621 0.00496114 8.77196E-4 0.0037986 
0.1953 0.104314 0.00992285 0.668355 0.0113326 0.00245085 0.00832446 
0.319248 0.0892261 0.00995035 0.562398 0.00912506 0.00191296 0.00813924 
0.386361 0.0570917 0.00757971 0.528956 0.0116849 0.00172648 0.00660055 
0.449947 0.0335751 0.00736689 0.499844 0.00605119 8.0911E-4 0.00240724 
0.344549 0.0372055 0.0058794 0.599398 0.00864804 7.34489E-4 0.00358551 
0.317764 0.0676171 0.00706415 0.588834 0.0128875 0.00119883 0.00463423 
0.356284 0.0363879 0.00653063 0.588988 0.00811936 5.39796E-4 0.00315126 
0.385613 0.0601948 0.00961449 0.534062 0.00389906 0.00103141 0.00558583 
0.549498 0.0591311 0.00787852 0.36193 0.0127502 7.57824E-4 0.00805483 
0.24349 0.0583983 0.00679365 0.676031 0.00993203 0.00100376 0.00435135 
0.285529 0.1003 0.00799188 0.57245 0.0232661 0.00204101 0.0084208 
0.209055 0.0550248 0.00608956 0.713523 0.0102527 9.41309E-4 0.00511385 
0.375054 0.0484552 0.0070196 0.534355 0.0253682 0.0015364 0.00821187 
0.361349 0.0732091 0.00825494 0.535054 0.0119526 0.00112041 0.00905996 
0.382518 0.0801446 0.00943557 0.509446 0.00717978 0.00143396 0.00984168 
0.347329 0.0589822 0.00762321 0.556421 0.0185106 0.00159181 0.00954204 
0.316761 0.0669471 0.00787323 0.591836 0.0088979 8.24467E-4 0.00686118 
0.476541 0.048826 0.00855849 0.451324 0.00867481 5.32543E-4 0.00554238 
0.475239 0.0588001 0.00811215 0.431405 0.0169637 9.26597E-4 0.00855308 
0.384368 0.0415848 0.00841415 0.552384 0.00659443 4.43881E-4 0.00621034 
0.56726 0.0394759 0.00870049 0.368116 0.00926306 5.28574E-4 0.00665591 
0.650813 0.0732625 0.0113637 0.239459 0.00958355 9.42061E-4 0.014576 
0.693684 0.0637007 0.00845724 0.19932 0.0209545 0.00107583 0.0128078 
0.575186 0.0596184 0.0103793 0.336737 0.00690984 8.17079E-4 0.0103524 
0.631186 0.061307 0.00874526 0.265524 0.0182487 0.00123482 0.0137548 
0.522208 0.0665111 0.00841777 0.381022 0.0116113 9.25734E-4 0.00930392 
0.67655 0.0677606 0.0102412 0.229024 0.00679239 9.6472E-4 0.00866755 
0.293791 0.0415834 0.00554111 0.633491 0.0192647 0.00100709 0.00532195 
0.27895 0.0555681 0.00624599 0.630603 0.0205994 0.00119789 0.00683481 
0.224047 0.0560228 0.00612399 0.695568 0.011403 8.86854E-4 0.00594826 
0.432017 0.0729948 0.00982075 0.468964 0.005542 0.00152574 0.00913615 
0.308481 0.0437381 0.00644718 0.629624 0.00706334 5.12269E-4 0.00413479 
0.482421 0.0622975 0.00784611 0.426377 0.012803 8.56674E-4 0.00739894 
0.367763 0.0368715 0.00715484 0.576025 0.00569128 5.90095E-4 0.00590452 
0.531029 0.02448 0.0070469 0.411252 0.0183721 5.37661E-4 0.00728285 
0.628774 0.0455412 0.00914085 0.273605 0.0269111 0.00148303 0.0145438 
0.828779 0.0702446 0.00919295 0.0711654 0.00769376 0.00162066 0.0113041 
0.693443 0.0898629 0.0104128 0.182532 0.0117419 0.00121364 0.0107939 
0.631539 0.101774 0.0112225 0.229974 0.0123038 0.00156646 0.0116206 
0.472658 0.107254 0.0124059 0.375102 0.0191421 0.00257685 0.0108607 
0.542627 0.0660484 0.00901808 0.353254 0.0181413 0.00161509 0.00929541 
0.554424 0.0834095 0.0107189 0.331358 0.00891822 0.00164057 0.00953067 
0.533534 0.0726828 0.0100069 0.367106 0.00709896 0.00115929 0.00841192 
0.510402 0.0792373 0.0129376 0.384625 0.00370326 0.0013151 0.00778029 
0.628832 0.0450087 0.0102292 0.298073 0.00680709 0.00129839 0.00975156 
0.674144 0.0521282 0.0104187 0.24531 0.00525856 0.00140773 0.0113329 
0.480564 0.108859 0.0142458 0.374081 0.00778105 0.00276045 0.0117088 
0.623748 0.0577048 0.00932028 0.283049 0.0153075 0.00117981 0.00969065 
0.735985 0.0570362 0.0113506 0.17984 0.00561864 0.00131619 0.00885278 
0.648525 0.0526708 0.0109663 0.268705 0.0067261 0.00126938 0.0111376 
0.773914 0.0560264 0.0103508 0.137395 0.00924477 8.71183E-4 0.0121976 
0.807976 0.063704 0.0114858 0.0981829 0.00751244 0.00126744 0.00987132 
0.7824 0.0825778 0.0105861 0.0965463 0.0142524 0.00146681 0.0121704 
0.657584 0.0654846 0.0115628 0.251649 0.00536542 0.00133536 0.00701924 
0.537998 0.0814732 0.0123773 0.352653 0.00478392 0.00197086 0.00874371 
0.775357 0.0828394 0.00995566 0.115546 0.00607416 0.00178755 0.00844104 
0.817068 0.0542195 0.00939272 0.0943696 0.0142926 0.00124153 0.00941563 
0.847473 0.0449915 0.00779925 0.0634952 0.0214622 0.00163775 0.013141 
0.868878 0.0384292 0.00819498 0.0594873 0.0121055 0.0014573 0.011448 
0.81449 0.0538968 0.0102221 0.0943797 0.00935213 0.0022374 0.0154217 
0.789735 0.0565868 0.00832995 0.107661 0.022892 0.00169222 0.0131039 
0.699301 0.0633904 0.00828762 0.194769 0.0231009 0.00146936 0.00968137 
0.668953 0.0698268 0.0107263 0.226655 0.0129459 0.00123495 0.0096572 
0.521611 0.0353629 0.00697671 0.403324 0.0241813 0.00119297 0.00735162 
0.250189 0.014196 0.00426248 0.71751 0.0103986 5.96782E-4 0.00284769 
0.422589 0.0271695 0.00602258 0.520708 0.0177132 9.68546E-4 0.00482872 
0.503994 0.0319248 0.00748955 0.443073 0.00718862 8.38143E-4 0.00549246 
0.41574 0.0441243 0.00606807 0.513657 0.0131417 8.66419E-4 0.00640289 
0.195571 0.0327574 0.003952 0.753379 0.0105182 4.84409E-4 0.00333849 
0.21853 0.0497275 0.00590342 0.715243 0.00698612 5.28894E-4 0.00308155 
0.151137 0.0660697 0.00653584 0.766621 0.00496114 8.77196E-4 0.0037986 
0.1953 0.104314 0.00992285 0.668355 0.0113326 0.00245085 0.00832446 
0.319248 0.0892261 0.00995035 0.562398 0.00912506 0.00191296 0.00813924 
0.386361 0.0570917 0.00757971 0.528956 0.0116849 0.00172648 0.00660055 
0.449947 0.0335751 0.00736689 0.499844 0.00605119 8.0911E-4 0.00240724 
0.344549 0.0372055 0.0058794 0.599398 0.00864804 7.34489E-4 0.00358551 
0.317764 0.0676171 0.00706415 0.588834 0.0128875 0.00119883 0.00463423 
0.356284 0.0363879 0.00653063 0.588988 0.00811936 5.39796E-4 0.00315126 
0.385613 0.0601948 0.00961449 0.534062 0.00389906 0.00103141 0.00558583 
0.549498 0.0591311 0.00787852 0.36193 0.0127502 7.57824E-4 0.00805483 
0.24349 0.0583983 0.00679365 0.676031 0.00993203 0.00100376 0.00435135 
0.285529 0.1003 0.00799188 0.57245 0.0232661 0.00204101 0.0084208 
0.209055 0.0550248 0.00608956 0.713523 0.0102527 9.41309E-4 0.00511385 
0.375054 0.0484552 0.0070196 0.534355 0.0253682 0.0015364 0.00821187 
0.361349 0.0732091 0.00825494 0.535054 0.0119526 0.00112041 0.00905996 
0.382518 0.0801446 0.00943557 0.509446 0.00717978 0.00143396 0.00984168 
0.347329 0.0589822 0.00762321 0.556421 0.0185106 0.00159181 0.00954204 
0.316761 0.0669471 0.00787323 0.591836 0.0088979 8.24467E-4 0.00686118 
0.476541 0.048826 0.00855849 0.451324 0.00867481 5.32543E-4 0.00554238 
0.475239 0.0588001 0.00811215 0.431405 0.0169637 9.26597E-4 0.00855308 
0.384368 0.0415848 0.00841415 0.552384 0.00659443 4.43881E-4 0.00621034 
0.56726 0.0394759 0.00870049 0.368116 0.00926306 5.28574E-4 0.00665591 
0.650813 0.0732625 0.0113637 0.239459 0.00958355 9.42061E-4 0.014576 
0.693684 0.0637007 0.00845724 0.19932 0.0209545 0.00107583 0.0128078 
0.575186 0.0596184 0.0103793 0.336737 0.00690984 8.17079E-4 0.0103524 
0.631186 0.061307 0.00874526 0.265524 0.0182487 0.00123482 0.0137548 
0.522208 0.0665111 0.00841777 0.381022 0.0116113 9.25734E-4 0.00930392 
0.67655 0.0677606 0.0102412 0.229024 0.00679239 9.6472E-4 0.00866755 
0.618374 0.046009 0.00797552 0.290932 0.025756 0.00254456 0.00840962 
0.80258 0.0635969 0.0078326 0.0874245 0.0263513 0.00294624 0.009268 
0.779175 0.0915024 0.00890919 0.0946802 0.0137167 0.0026271 0.00938928 
0.805236 0.0888749 0.0101552 0.0673057 0.01245 0.0036493 0.0123288 
0.734399 0.0788299 0.0100204 0.156352 0.0101384 0.00240226 0.00785808 
0.602135 0.0562346 0.00817728 0.30394 0.0214082 0.00193264 0.00617205 
0.655263 0.0589682 0.00978408 0.256475 0.0109238 0.00135685 0.00722913 
0.690768 0.0354063 0.00892422 0.244077 0.0146473 0.00114638 0.0050306 
0.833859 0.0552294 0.0104732 0.0842568 0.00851967 0.0015394 0.00612251 
0.733937 0.0603288 0.010372 0.180814 0.00778779 0.00124315 0.00551781 
0.859624 0.0384791 0.00907052 0.0722448 0.00988409 0.00182206 0.00887547 
0.749976 0.0715414 0.00935449 0.147033 0.0115924 0.00238473 0.00811754 
0.804587 0.0661858 0.0101812 0.0838803 0.0192886 0.00215054 0.0137267 
0.841971 0.0465122 0.0107307 0.074204 0.0117036 0.00195403 0.0129241 
0.850561 0.0312013 0.00949301 0.0837933 0.0130581 0.00149217 0.010401 
0.583556 0.0719918 0.00700318 0.315604 0.0144524 0.00131622 0.00607663 
0.480674 0.0690546 0.00654692 0.420233 0.0166262 0.00101128 0.00585362 
0.679512 0.113602 0.00729086 0.16381 0.0226124 0.00196243 0.01121 
0.587152 0.107437 0.00794439 0.278538 0.00906557 0.00170472 0.00815806 
0.538704 0.125102 0.00951014 0.30818 0.00769905 0.00215478 0.00864949 
0.726486 0.103485 0.00793448 0.138201 0.0108014 0.00191534 0.0111765 
0.692933 0.0985148 0.00816049 0.180549 0.0108125 0.00116613 0.0078639 
0.720403 0.0911757 0.00749554 0.149723 0.0217088 0.00125181 0.0082427 
0.780192 0.0619165 0.00832621 0.128244 0.0117317 0.00116708 0.00842211 
0.742966 0.07855 0.00774283 0.146439 0.0135558 0.00140496 0.00934201 
0.77122 0.0946294 0.00842117 0.0979328 0.0130032 0.00179947 0.0129941 
0.738476 0.101643 0.00852211 0.127733 0.0112314 0.00185892 0.0105365 
0.68368 0.0978873 0.00943514 0.190531 0.00772383 0.00141534 0.00932671 
0.713777 0.0817873 0.0110267 0.181544 0.00398398 0.00141824 0.00646279 
0.47917 0.100385 0.00908619 0.393454 0.00948887 0.0012408 0.00717485 
0.70276 0.0871537 0.00828359 0.184724 0.00933621 0.00149493 0.00624741 
0.597063 0.103407 0.00889194 0.265967 0.0148487 0.00169534 0.00812729 
0.579331 0.134874 0.00932829 0.247013 0.016426 0.00217844 0.0108487 
0.666975 0.124062 0.00902873 0.177816 0.0104468 0.00187173 0.00980054 
0.60132 0.123713 0.00875792 0.238914 0.0162174 0.00212286 0.00895455 
0.697039 0.0903325 0.00987494 0.185407 0.00805839 0.00105573 0.00823201 
0.678374 0.0683733 0.00832327 0.221025 0.0140678 0.0012398 0.00859635 
0.637671 0.08442 0.00766551 0.250086 0.0119271 0.00100965 0.00722061 
0.603025 0.095116 0.00931995 0.27522 0.00763925 0.00144621 0.00823364 
0.701453 0.0563517 0.00983586 0.215797 0.00715671 0.0012288 0.00817638 
0.541986 0.0774241 0.00963026 0.356366 0.0064255 0.00106136 0.0071064 
0.497515 0.0569846 0.00780205 0.418594 0.0119007 9.57169E-4 0.00624652 
0.487583 0.0738794 0.00820367 0.414508 0.0102373 9.95985E-4 0.00459232 
0.468571 0.0688333 0.00799456 0.439583 0.0102123 7.27396E-4 0.00407822 
0.383009 0.0937087 0.00980483 0.490872 0.0156272 0.00153947 0.00543897 
0.376517 0.0935659 0.00915439 0.502213 0.0129766 0.00104632 0.00452637 
0.420023 0.090591 0.00830015 0.454382 0.020274 0.00151764 0.004912 
0.580525 0.119779 0.00909402 0.271371 0.0127752 0.00131078 0.00514491 
0.395329 0.111277 0.00997398 0.443732 0.0290316 0.00256238 0.008094 
0.435851 0.0964533 0.010884 0.439429 0.0100579 0.0016715 0.00565307 
0.623653 0.0404441 0.00886461 0.305743 0.0162379 9.19993E-4 0.00413724 
0.56549 0.0545806 0.0105688 0.355504 0.00799724 8.54559E-4 0.00500463 
0.443009 0.0936318 0.00880174 0.413284 0.0329227 0.00191716 0.00643413 
0.699178 0.0514051 0.00783613 0.190301 0.0423078 0.00154562 0.00742595 
0.666079 0.0784605 0.0095644 0.21507 0.0226732 0.00157612 0.00657672 
0.764151 0.0555781 0.00951239 0.135132 0.025669 0.00178751 0.00816957 
0.86479 0.0313599 0.0131679 0.0628006 0.0174809 0.00312961 0.00727048 
0.821506 0.054691 0.0155655 0.0637236 0.0234395 0.0118282 0.00924629 
0.866 0.0550939 0.021582 0.0235981 0.00909582 0.0104369 0.0141937 
0.840576 0.0442329 0.0179628 0.0649609 0.0131425 0.00671245 0.0124124 
0.840852 0.0303068 0.0202193 0.0849081 0.00932363 0.00385307 0.0105368 
0.866308 0.0287557 0.0175426 0.0648938 0.0111477 0.00250721 0.00884529 
0.853978 0.0541223 0.0164988 0.052284 0.0101896 0.00296115 0.00996655 
0.860495 0.0501774 0.0173228 0.0491989 0.0100237 0.00308233 0.00969952 
0.836065 0.0512738 0.0182677 0.0654621 0.00801848 0.0081568 0.0127566 
0.740121 0.0847527 0.0155848 0.0833137 0.047179 0.0117497 0.0172993 
0.772908 0.0611056 0.0142155 0.0433902 0.0794174 0.0126838 0.0162793 
0.824385 0.074524 0.0200749 0.024017 0.0151296 0.0192368 0.0226329 
0.834876 0.0722493 0.0174852 0.0254166 0.0204414 0.00962047 0.0199108 
0.816184 0.0665108 0.0168521 0.0323824 0.0409031 0.00734636 0.019821 
0.833004 0.069303 0.0180114 0.0274904 0.0199812 0.0072988 0.024911 
0.83794 0.0709226 0.0216797 0.0197544 0.0148176 0.00697905 0.0279067 
0.76384 0.083089 0.0185259 0.0541772 0.0447691 0.00680264 0.0287962 
0.83356 0.0560512 0.0206832 0.0441278 0.0148952 0.00580158 0.0248809 
0.808931 0.0663214 0.0186994 0.0656819 0.0132541 0.0059137 0.0211984 
0.852737 0.0354197 0.0174328 0.0481741 0.0141376 0.00582959 0.0262687 
0.722237 0.0605223 0.011204 0.1745 0.0192507 0.00307849 0.00920816 
0.685849 0.123708 0.0119873 0.12092 0.0378305 0.0053604 0.014344 
0.780917 0.0673963 0.0154691 0.0992271 0.0145586 0.00419989 0.0182316 
0.733559 0.0851013 0.0141751 0.116479 0.0272033 0.00351025 0.0199724 
0.779558 0.0352698 0.0148832 0.103136 0.0407437 0.00283707 0.0235717 
0.649726 0.0913321 0.0149185 0.197971 0.0263789 0.0038226 0.0158512 
0.756026 0.0612065 0.0153793 0.142993 0.0118416 0.00190345 0.0106503 
0.808435 0.0541926 0.017672 0.094399 0.0105941 0.00287922 0.0118275 
0.638674 0.0471504 0.0151381 0.279881 0.010291 0.00139133 0.00747478 
0.555923 0.0474456 0.0101185 0.358652 0.0191508 0.00182747 0.00688298 
0.504631 0.0360558 0.0106122 0.429131 0.00998178 0.00210317 0.00748542 
0.572766 0.0413458 0.00994536 0.342534 0.023202 0.00249244 0.00771436 
0.746931 0.0375436 0.0149061 0.160633 0.0246834 0.00327908 0.0120239 
0.73453 0.0638106 0.0114534 0.13965 0.0353005 0.00277429 0.012481 
0.800535 0.0700801 0.0150319 0.0643724 0.0193979 0.003331 0.027252 
0.732885 0.0467107 0.0136112 0.156745 0.0252478 0.00350156 0.0212988 
0.712282 0.0627919 0.0121191 0.160415 0.0328979 0.00276461 0.0167293 
0.688583 0.0393539 0.0126225 0.219658 0.0232065 0.00256406 0.014012 
0.594141 0.0290463 0.0118025 0.319448 0.0307879 0.0023719 0.0124028 
0.764372 0.0521952 0.013622 0.117796 0.0309749 0.00287081 0.0181683 
0.769755 0.0426269 0.0125457 0.128745 0.0270463 0.00309417 0.0161868 
0.73513 0.0607094 0.0132731 0.149656 0.0180906 0.00359251 0.0195481 
0.756824 0.0450056 0.0138456 0.156644 0.0126783 0.0033914 0.0116103 
0.721138 0.0592662 0.0142679 0.172728 0.0162733 0.00327094 0.0130556 
0.729624 0.0697321 0.0133012 0.160468 0.0121547 0.0027599 0.0119596 
0.628838 0.102202 0.0107221 0.235524 0.0123909 0.00167149 0.0086512 
0.662006 0.112451 0.00974515 0.192264 0.0129272 0.0016273 0.0089791 
0.605241 0.113428 0.00957519 0.214982 0.0438686 0.00256758 0.010338 
0.702855 0.113664 0.00992398 0.137356 0.0242938 0.00240367 0.00950296 
0.702676 0.094156 0.00944686 0.159176 0.0230405 0.00176787 0.00973652 
0.751289 0.0872717 0.0106439 0.123376 0.0152699 0.0026599 0.00948958 
0.704437 0.0840643 0.0104285 0.178685 0.0128645 0.00191271 0.00760781 
0.686182 0.0879924 0.00905888 0.166723 0.0388435 0.00241058 0.0087898 
0.729095 0.0711418 0.00886906 0.14699 0.0320681 0.00205843 0.00977782 
0.671353 0.119585 0.00924804 0.168933 0.0196756 0.00197328 0.00923232 
0.582275 0.119683 0.00920768 0.2514 0.0280353 0.0018425 0.00755701 
0.743156 0.0791592 0.0106836 0.119516 0.0321371 0.00262717 0.0127212 
0.740047 0.0762319 0.00947658 0.122237 0.0399732 0.00201482 0.0100194 
0.74018 0.0791765 0.00980349 0.140538 0.0202552 0.00181459 0.00823142 
0.730837 0.0857087 0.00908775 0.141227 0.0228753 0.00216255 0.00810154 
0.672339 0.0853764 0.00916502 0.205398 0.0195583 0.00163964 0.00652411 
0.705543 0.0866473 0.00924297 0.16568 0.0229491 0.00211423 0.00782367 
0.668296 0.104597 0.00911559 0.181783 0.0261255 0.00240908 0.00767408 
0.677958 0.0946128 0.00927359 0.18204 0.0252863 0.00171212 0.00911726 
0.628392 0.130541 0.00942417 0.179266 0.0396668 0.00234119 0.0103683 
0.687834 0.132751 0.00964876 0.128648 0.0280386 0.00203213 0.0110488 
0.681722 0.183817 0.00830694 0.0591405 0.0498435 0.00329398 0.0138763 
0.797446 0.058662 0.0100923 0.0952527 0.0257896 0.00209813 0.0106592 
0.756112 0.102631 0.00927098 0.0899712 0.0295105 0.00201589 0.0104879 
0.734265 0.114313 0.00932482 0.0960715 0.0321495 0.00204188 0.0118344 
0.575967 0.137095 0.0107397 0.24324 0.0210445 0.00245509 0.00945938 
0.594974 0.101125 0.0108675 0.250249 0.0305515 0.00243158 0.00980149 
0.628237 0.107743 0.00984405 0.229079 0.0155251 0.00191614 0.0076559 
0.643244 0.0855148 0.0087838 0.208209 0.0413969 0.00277016 0.0100813 
0.623029 0.116707 0.00941063 0.192085 0.046189 0.00271086 0.00986943 
0.59821 0.11241 0.00946529 0.245005 0.0229623 0.00217689 0.00977067 
0.52589 0.110922 0.00895256 0.294552 0.0479814 0.00263003 0.0090718 
0.596353 0.0792855 0.00920876 0.267756 0.037317 0.00177838 0.00830192 
0.621577 0.0883053 0.00959529 0.242514 0.0262766 0.00166622 0.0100658 
0.502175 0.0975923 0.0100896 0.328104 0.0493696 0.00288397 0.00978537 
0.556478 0.104844 0.00957901 0.293191 0.0244751 0.0019431 0.00948926 
0.542591 0.126189 0.00898051 0.26956 0.0404367 0.0027265 0.00951639 
0.558387 0.0923785 0.00974889 0.278617 0.0478597 0.00241866 0.0105907 
0.369721 0.0749199 0.00829241 0.503825 0.034354 0.00172876 0.00715918 
0.607655 0.0730312 0.00973854 0.277045 0.0231116 0.00148441 0.00793463 
0.413385 0.0961467 0.00992311 0.43945 0.0299458 0.00218631 0.00896338 
0.42581 0.0606335 0.00855833 0.47762 0.0192357 0.00109984 0.0070426 
0.551959 0.0925382 0.00939609 0.307792 0.0285251 0.0016041 0.00818536 
0.380585 0.10197 0.00977182 0.461553 0.0354431 0.0021627 0.008515 
0.297138 0.0662029 0.00812904 0.597226 0.024529 0.00132431 0.00545134 
0.367807 0.0757256 0.00921558 0.527608 0.0130438 0.00132781 0.00527237 
0.422498 0.116578 0.00962517 0.417906 0.0242129 0.0018979 0.00728188 
0.461463 0.0795701 0.00937735 0.413297 0.026672 0.00188422 0.00773679 
0.40357 0.0844344 0.00972689 0.477536 0.0159449 0.00210625 0.00668155 
0.432419 0.0998459 0.00960579 0.420784 0.0263872 0.00267691 0.00828135 
0.285633 0.104125 0.0105955 0.571798 0.0179342 0.00247696 0.0074373 
0.428053 0.109711 0.010475 0.422181 0.0198963 0.00236014 0.00732365 
0.459721 0.0997776 0.00973129 0.403453 0.0194483 0.00153112 0.00633842 
0.467525 0.102911 0.0104419 0.401768 0.0103776 0.00150548 0.00547061 
0.456182 0.110834 0.00875672 0.389781 0.0251987 0.00207155 0.00717572 
0.460382 0.139534 0.00988351 0.355208 0.0246948 0.00278763 0.00751028 
0.476084 0.134132 0.0105209 0.357122 0.0126381 0.00220169 0.00730231 
0.556131 0.179479 0.0101173 0.231222 0.0129602 0.00210684 0.00798335 
0.48681 0.121712 0.0106272 0.354396 0.015799 0.00223028 0.00842561 
0.45264 0.157061 0.0126483 0.350822 0.0154699 0.00299347 0.00836556 
0.367032 0.168041 0.0129093 0.429554 0.0110445 0.00309946 0.00831997 
0.324764 0.117988 0.010671 0.5288 0.0105301 0.00191256 0.00533391 
0.338677 0.133329 0.0124309 0.499346 0.00765504 0.00219493 0.00636768 
0.389655 0.14558 0.0122511 0.42823 0.0132329 0.00282834 0.00822227 
0.446146 0.097684 0.00997394 0.427878 0.0112173 0.00188191 0.00521854 
0.365654 0.124877 0.0110011 0.481054 0.00971957 0.00203106 0.00566421 
0.457082 0.0860706 0.00927871 0.429837 0.0109203 9.82213E-4 0.00582973 
0.430384 0.113887 0.0117187 0.423715 0.0103297 0.00165601 0.00831038 
0.430576 0.0627944 0.00907064 0.479594 0.011361 8.91822E-4 0.00571207 
0.353376 0.0522757 0.00901507 0.573086 0.00656629 7.70498E-4 0.00491018 
0.502257 0.0727748 0.0095362 0.396401 0.0105793 0.00119175 0.00725993 
0.522104 0.0741951 0.00905878 0.370561 0.015634 0.0013635 0.00708407 
0.501723 0.0564635 0.00897508 0.412287 0.0129937 9.58616E-4 0.00659932 
0.576608 0.0601325 0.00867936 0.329752 0.0172502 0.00121596 0.00636226 
0.612647 0.0591592 0.0091034 0.300302 0.0107465 0.00121956 0.00682196 
0.666214 0.0754792 0.00948871 0.228529 0.0110321 0.00128156 0.00797552 
0.495896 0.0926626 0.0112321 0.382721 0.00763147 0.00138127 0.00847535 
0.577477 0.0780976 0.00935972 0.307735 0.0166343 0.00115104 0.00954518 
0.715176 0.0922185 0.0092942 0.161746 0.011492 0.00136118 0.00871192 
0.706655 0.101776 0.0100897 0.15889 0.00986857 0.00149569 0.0112248 
0.680317 0.129766 0.0111944 0.154369 0.00851899 0.003357 0.0124782 
0.731665 0.0826224 0.0103412 0.154717 0.00946343 0.00215511 0.00903552 
0.646359 0.0529008 0.00878161 0.270568 0.0136168 0.00123517 0.00653806 
0.655724 0.0739088 0.010887 0.241805 0.00925623 0.00148476 0.00693383 
0.570997 0.0630672 0.0119056 0.342631 0.00493927 0.00113095 0.00532947 
0.606186 0.0741696 0.0115077 0.293363 0.00701121 9.95528E-4 0.00676765 
0.637937 0.0624819 0.0101429 0.264975 0.0165871 9.32649E-4 0.00694416 
0.569613 0.0681797 0.00914328 0.314236 0.0296147 0.00129409 0.00791959 
0.615056 0.0732943 0.00943949 0.27754 0.0167704 0.00106043 0.00683985 
0.54145 0.0910287 0.00908337 0.325972 0.0223564 0.0015169 0.0085923 
0.62488 0.106241 0.0100369 0.228087 0.0208593 0.00162867 0.00826687 
0.514354 0.10088 0.0112125 0.356146 0.00873883 0.00147885 0.00718965 
0.58772 0.114287 0.00990648 0.259967 0.0178839 0.00180065 0.00843583 
0.571193 0.0933466 0.0108271 0.305075 0.0107201 0.0014046 0.00743407 
0.619047 0.144765 0.0124997 0.208672 0.00650014 0.00112251 0.00739367 
0.853886 0.0787105 0.015776 0.0382043 0.0045043 0.00219539 0.00672326 
0.868917 0.0513195 0.0161133 0.0506604 0.00522664 0.00430208 0.00346106 
0.683132 0.0265693 0.0528862 0.228371 0.00129767 0.00402611 0.00371796 
0.344691 0.0193809 0.0192387 0.610403 0.00195388 0.00183019 0.00250205 
0.430346 0.0283343 0.0135598 0.51711 0.00578528 0.00196912 0.00289567 
0.48461 0.023425 0.0148176 0.464096 0.00710089 0.00173735 0.00421374 
0.607841 0.0337408 0.0126197 0.308048 0.0303037 0.00209124 0.00535594 
0.522294 0.0344042 0.0113285 0.401119 0.023843 0.00195504 0.0050566 
0.657393 0.0320378 0.0117979 0.249933 0.0403786 0.00212038 0.00633977 
0.619164 0.039921 0.0106991 0.288511 0.0346607 0.00205934 0.00498509 
0.434263 0.0330053 0.00908704 0.445535 0.0695163 0.0017838 0.00680981 
0.480262 0.0434042 0.00961749 0.428196 0.0301922 0.0022718 0.00605588 
0.406549 0.0287585 0.0089994 0.53568 0.0146109 0.00117068 0.00423154 
0.605146 0.0600966 0.0124983 0.304053 0.00959815 0.0020902 0.0065183 
0.682644 0.0807599 0.0116673 0.192757 0.0211977 0.00315559 0.00781818 
0.590011 0.074719 0.0123027 0.291174 0.0204631 0.0030433 0.00828619 
0.637192 0.104503 0.0137544 0.211967 0.0176327 0.00462043 0.0103302 
0.589319 0.0639255 0.0120069 0.313738 0.0130012 0.00199626 0.00601303 
0.716008 0.0488847 0.0160664 0.208549 0.00463506 0.00123521 0.00462129 
0.768894 0.105847 0.0175182 0.0927336 0.00574738 0.00328099 0.00597832 
0.743855 0.0764407 0.0186217 0.145116 0.00611312 0.0031659 0.00668845 
0.715031 0.127661 0.014927 0.121995 0.0103004 0.00265428 0.00743067 
0.76853 0.0824995 0.0184259 0.113402 0.00617387 0.00320711 0.00776166 
0.407076 0.0839336 0.0138936 0.46118 0.0211223 0.00439798 0.00839677 
0.560921 0.0518425 0.0138042 0.356235 0.00951008 0.00217563 0.00551125 
0.803607 0.0785116 0.0160001 0.0850231 0.00718033 0.00268664 0.00699124 
0.593893 0.0474347 0.0135102 0.32603 0.0122513 0.00154404 0.00533682 
0.759256 0.0935649 0.0135349 0.0966841 0.0251752 0.00307804 0.00870715 
0.74613 0.092142 0.0153256 0.129291 0.00680795 0.00254039 0.00776307 
0.577378 0.0905616 0.0094496 0.263424 0.0479943 0.00273206 0.00846027 
0.638059 0.126184 0.00929041 0.194469 0.0235034 0.0018638 0.0066299 
0.470719 0.0878306 0.0090027 0.404162 0.0211167 0.00148625 0.00568301 
0.583601 0.0967544 0.0094992 0.276628 0.0243652 0.0018744 0.00727776 
0.594325 0.114428 0.0102815 0.237993 0.0327188 0.00247035 0.00778256 
0.472911 0.0622933 0.00877445 0.429848 0.0196571 0.00172905 0.00478731 
0.630781 0.0697225 0.00913169 0.261082 0.0225789 0.00190394 0.00479941 
0.614284 0.139764 0.0102419 0.205271 0.0191723 0.0031999 0.00806641 
0.500162 0.0559206 0.00771573 0.398806 0.030277 0.00207851 0.00503998 
0.472877 0.0787861 0.0100261 0.406494 0.0220205 0.00247482 0.00732095 
0.544076 0.102431 0.0100374 0.317489 0.0173101 0.00222247 0.00643366 
0.427292 0.0930054 0.00866728 0.417079 0.044384 0.00248879 0.00708365 
0.420249 0.0859205 0.00890392 0.452151 0.0260347 0.00154859 0.00519203 
0.460309 0.121778 0.010227 0.353712 0.0435267 0.00279622 0.00765089 
0.562165 0.138951 0.010389 0.251962 0.0271024 0.00221101 0.00721891 
0.444494 0.0944448 0.00889476 0.402324 0.0413787 0.00205441 0.00640872 
0.457979 0.158932 0.0106465 0.334346 0.0278662 0.00282272 0.00740669 
0.408495 0.128089 0.0115005 0.41665 0.0242632 0.00317411 0.00782864 
0.336334 0.125719 0.010156 0.473886 0.0429577 0.00315557 0.00779171 
0.416151 0.173419 0.0100868 0.346169 0.0424089 0.0035228 0.00824308 
0.437477 0.108372 0.0089524 0.410873 0.0267153 0.00160445 0.00600542 
0.494493 0.112469 0.00883553 0.349867 0.0256866 0.00173955 0.00690927 
0.389833 0.0694193 0.00756444 0.463884 0.059914 0.00237785 0.00700752 
0.422217 0.168091 0.00863338 0.335702 0.0549054 0.00329776 0.00715261 
0.448295 0.113715 0.00961912 0.386725 0.0320601 0.00198025 0.0076057 
0.442402 0.126814 0.010032 0.382521 0.0285434 0.00224884 0.00743854 
0.363566 0.112884 0.0103517 0.392359 0.103102 0.00533641 0.0124009 
0.358079 0.130615 0.0115387 0.365249 0.113605 0.00599003 0.0149237 
0.307963 0.0743483 0.0088005 0.580785 0.0203 0.00148412 0.00631918 
0.463959 0.0718989 0.0109788 0.434641 0.0122875 0.00117153 0.00506237 
0.475607 0.0740122 0.0102043 0.422295 0.0114373 0.00107492 0.00536984 
0.447514 0.0681413 0.0106464 0.460388 0.0075702 0.00103607 0.00470453 
0.458832 0.0743088 0.011309 0.437166 0.0104447 0.00115532 0.00678375 
0.409298 0.15015 0.0130726 0.404652 0.00844771 0.00293465 0.0114456 
0.360979 0.0824921 0.0107548 0.5276 0.0092282 0.00130653 0.00763959 
0.45758 0.156445 0.0116973 0.338826 0.0201996 0.00239948 0.0128515 
0.586889 0.106484 0.0123597 0.27016 0.0115834 0.00188096 0.0106435 
0.627381 0.11529 0.0108091 0.216201 0.018221 0.00215665 0.00994192 
0.562032 0.107584 0.0109361 0.292839 0.0158772 0.00237333 0.00835819 
0.571942 0.150671 0.0113497 0.244772 0.00882648 0.00185829 0.0105802 
0.560328 0.152828 0.0102781 0.226147 0.0349962 0.00301773 0.0124047 
0.591955 0.178993 0.0104769 0.188461 0.0158133 0.00248413 0.0118161 
0.573233 0.203998 0.0100087 0.18299 0.0141602 0.00283991 0.01277 
0.681953 0.159074 0.00906819 0.106908 0.0247494 0.00394204 0.0143048 
0.342051 0.129827 0.00833117 0.409803 0.0930114 0.00600444 0.0109714 
0.0968447 0.0936732 0.0049193 0.67306 0.121914 0.0036976 0.00589097 
0.0729256 0.132299 0.00570991 0.732344 0.0456368 0.00550749 0.00557701 
0.492216 0.151993 0.00528711 0.297081 0.0441438 0.00325093 0.00602847 
0.742649 0.169236 0.00912441 0.0564164 0.014437 0.00215031 0.00598776 
0.679835 0.268739 0.00982168 0.0215426 0.00803819 0.00336554 0.00865839 
0.81505 0.126191 0.0216486 0.0103929 0.00316074 0.00708925 0.0164678 
0.654978 0.291662 0.00852257 0.0156292 0.0098996 0.00766335 0.0116457 
0.439125 0.45461 0.00478177 0.0194344 0.0539727 0.00757801 0.0204981 
0.509403 0.361564 0.00507492 0.0762954 0.0331221 0.00406712 0.0104733 
0.643486 0.201886 0.00595301 0.0899074 0.0471283 0.00285558 0.00878434 
0.617729 0.247137 0.00534368 0.0957809 0.0259421 0.00287302 0.00519455 
0.413092 0.166924 0.00540772 0.285526 0.118249 0.00476014 0.00604096 
0.318481 0.215312 0.00724316 0.278424 0.162889 0.00805502 0.00959725 
0.164718 0.102058 0.00672725 0.199445 0.509759 0.00818694 0.0091056 
0.119872 0.0967768 0.00534586 0.0889279 0.673254 0.00832953 0.00749397 
0.195488 0.121193 0.00743092 0.125679 0.530904 0.00917131 0.0101348 
0.219496 0.0893477 0.00467919 0.111031 0.560521 0.0072241 0.00770085 
0.246113 0.0959506 0.0057669 0.128322 0.50707 0.00719205 0.0095863 
0.483715 0.21051 0.00598805 0.16016 0.121522 0.00556238 0.0125416 
0.51901 0.233001 0.00615165 0.140034 0.0824756 0.00608168 0.0132454 
0.456339 0.163302 0.00570324 0.243038 0.114697 0.00551641 0.0114043 
0.34953 0.190763 0.00537619 0.35394 0.0873336 0.00511697 0.00794069 
0.32206 0.174024 0.00735408 0.387465 0.0916358 0.00602344 0.0114369 
0.340487 0.176001 0.00668241 0.302552 0.155834 0.00719546 0.0112488 
0.360819 0.226657 0.00556646 0.305991 0.0862642 0.00617855 0.00852422 
0.536898 0.163047 0.0051134 0.196363 0.084496 0.00475244 0.00933034 
0.402494 0.191886 0.00559619 0.254804 0.128278 0.00709686 0.00984426 
0.452364 0.255601 0.0043441 0.136922 0.133012 0.00797205 0.00978384 
0.53163 0.183873 0.00480805 0.170376 0.0910775 0.0066986 0.0115381 
0.501435 0.229702 0.00488406 0.117405 0.127028 0.00667126 0.0128742 
0.513679 0.299418 0.00429711 0.0673867 0.0908579 0.00678657 0.0175752 
0.468645 0.177808 0.0056383 0.114941 0.208915 0.0087154 0.0153361 
0.43541 0.316669 0.00385702 0.100964 0.121846 0.00901656 0.0122376 
0.374759 0.146454 0.0068554 0.100264 0.347177 0.0108544 0.0136366 
0.463466 0.301052 0.004504 0.105574 0.106584 0.00662957 0.0121902 
0.378078 0.433461 0.00312992 0.0459345 0.11979 0.00680934 0.0127974 
0.363732 0.278875 0.00674858 0.139333 0.190311 0.00822789 0.012773 
0.464352 0.339202 0.00409915 0.0993088 0.077058 0.00534908 0.0106313 
0.413045 0.389042 0.0037429 0.0909877 0.0879251 0.00590949 0.00934766 
0.372927 0.315454 0.00522068 0.105794 0.182571 0.0079888 0.0100446 
0.317407 0.219137 0.00652525 0.0938995 0.340307 0.01136 0.0113647 
0.321419 0.191669 0.00741329 0.129159 0.328103 0.0111182 0.0111184 
0.242278 0.348075 0.00467137 0.104408 0.28201 0.010612 0.00794604 
0.323166 0.430913 0.00247723 0.0828161 0.145024 0.0093694 0.00623467 
0.241246 0.5055 0.00205037 0.0608243 0.173707 0.0100209 0.00665173 
0.293791 0.0415834 0.00554111 0.633491 0.0192647 0.00100709 0.00532195 
0.27895 0.0555681 0.00624599 0.630603 0.0205994 0.00119789 0.00683481 
0.224047 0.0560228 0.00612399 0.695568 0.011403 8.86854E-4 0.00594826 
0.432017 0.0729948 0.00982075 0.468964 0.005542 0.00152574 0.00913615 
0.308481 0.0437381 0.00644718 0.629624 0.00706334 5.12269E-4 0.00413479 
0.482421 0.0622975 0.00784611 0.426377 0.012803 8.56674E-4 0.00739894 
0.367763 0.0368715 0.00715484 0.576025 0.00569128 5.90095E-4 0.00590452 
0.531029 0.02448 0.0070469 0.411252 0.0183721 5.37661E-4 0.00728285 
0.628774 0.0455412 0.00914085 0.273605 0.0269111 0.00148303 0.0145438 
0.828779 0.0702446 0.00919295 0.0711654 0.00769376 0.00162066 0.0113041 
0.693443 0.0898629 0.0104128 0.182532 0.0117419 0.00121364 0.0107939 
0.631539 0.101774 0.0112225 0.229974 0.0123038 0.00156646 0.0116206 
0.472658 0.107254 0.0124059 0.375102 0.0191421 0.00257685 0.0108607 
0.542627 0.0660484 0.00901808 0.353254 0.0181413 0.00161509 0.00929541 
0.583556 0.0719918 0.00700318 0.315604 0.0144524 0.00131622 0.00607663 
0.480674 0.0690546 0.00654692 0.420233 0.0166262 0.00101128 0.00585362 
0.679512 0.113602 0.00729086 0.16381 0.0226124 0.00196243 0.01121 
0.587152 0.107437 0.00794439 0.278538 0.00906557 0.00170472 0.00815806 
0.538704 0.125102 0.00951014 0.30818 0.00769905 0.00215478 0.00864949 
0.726486 0.103485 0.00793448 0.138201 0.0108014 0.00191534 0.0111765 
0.692933 0.0985148 0.00816049 0.180549 0.0108125 0.00116613 0.0078639 
0.720403 0.0911757 0.00749554 0.149723 0.0217088 0.00125181 0.0082427 
0.780192 0.0619165 0.00832621 0.128244 0.0117317 0.00116708 0.00842211 
0.742966 0.07855 0.00774283 0.146439 0.0135558 0.00140496 0.00934201 
0.77122 0.0946294 0.00842117 0.0979328 0.0130032 0.00179947 0.0129941 
0.738476 0.101643 0.00852211 0.127733 0.0112314 0.00185892 0.0105365 
0.68368 0.0978873 0.00943514 0.190531 0.00772383 0.00141534 0.00932671 
0.713777 0.0817873 0.0110267 0.181544 0.00398398 0.00141824 0.00646279 
0.47917 0.100385 0.00908619 0.393454 0.00948887 0.0012408 0.00717485 
0.70276 0.0871537 0.00828359 0.184724 0.00933621 0.00149493 0.00624741 
0.597063 0.103407 0.00889194 0.265967 0.0148487 0.00169534 0.00812729 
0.579331 0.134874 0.00932829 0.247013 0.016426 0.00217844 0.0108487 
0.666975 0.124062 0.00902873 0.177816 0.0104468 0.00187173 0.00980054 
0.60132 0.123713 0.00875792 0.238914 0.0162174 0.00212286 0.00895455 
0.697039 0.0903325 0.00987494 0.185407 0.00805839 0.00105573 0.00823201 
0.678374 0.0683733 0.00832327 0.221025 0.0140678 0.0012398 0.00859635 
0.637671 0.08442 0.00766551 0.250086 0.0119271 0.00100965 0.00722061 
0.603025 0.095116 0.00931995 0.27522 0.00763925 0.00144621 0.00823364 
0.701453 0.0563517 0.00983586 0.215797 0.00715671 0.0012288 0.00817638 
0.541986 0.0774241 0.00963026 0.356366 0.0064255 0.00106136 0.0071064 
0.497515 0.0569846 0.00780205 0.418594 0.0119007 9.57169E-4 0.00624652 
0.487583 0.0738794 0.00820367 0.414508 0.0102373 9.95985E-4 0.00459232 
0.468571 0.0688333 0.00799456 0.439583 0.0102123 7.27396E-4 0.00407822 
0.768894 0.105847 0.0175182 0.0927336 0.00574738 0.00328099 0.00597832 
0.743855 0.0764407 0.0186217 0.145116 0.00611312 0.0031659 0.00668845 
0.715031 0.127661 0.014927 0.121995 0.0103004 0.00265428 0.00743067 
0.76853 0.0824995 0.0184259 0.113402 0.00617387 0.00320711 0.00776166 
0.407076 0.0839336 0.0138936 0.46118 0.0211223 0.00439798 0.00839677 
0.560921 0.0518425 0.0138042 0.356235 0.00951008 0.00217563 0.00551125 
0.803607 0.0785116 0.0160001 0.0850231 0.00718033 0.00268664 0.00699124 
0.593893 0.0474347 0.0135102 0.32603 0.0122513 0.00154404 0.00533682 
0.759256 0.0935649 0.0135349 0.0966841 0.0251752 0.00307804 0.00870715 
0.74613 0.092142 0.0153256 0.129291 0.00680795 0.00254039 0.00776307 
0.577378 0.0905616 0.0094496 0.263424 0.0479943 0.00273206 0.00846027 
0.638059 0.126184 0.00929041 0.194469 0.0235034 0.0018638 0.0066299 
0.470719 0.0878306 0.0090027 0.404162 0.0211167 0.00148625 0.00568301 
0.583601 0.0967544 0.0094992 0.276628 0.0243652 0.0018744 0.00727776 
0.594325 0.114428 0.0102815 0.237993 0.0327188 0.00247035 0.00778256 
0.472911 0.0622933 0.00877445 0.429848 0.0196571 0.00172905 0.00478731 
0.630781 0.0697225 0.00913169 0.261082 0.0225789 0.00190394 0.00479941 
0.614284 0.139764 0.0102419 0.205271 0.0191723 0.0031999 0.00806641 
0.500162 0.0559206 0.00771573 0.398806 0.030277 0.00207851 0.00503998 
0.472877 0.0787861 0.0100261 0.406494 0.0220205 0.00247482 0.00732095 
0.544076 0.102431 0.0100374 0.317489 0.0173101 0.00222247 0.00643366 
0.427292 0.0930054 0.00866728 0.417079 0.044384 0.00248879 0.00708365 
0.420249 0.0859205 0.00890392 0.452151 0.0260347 0.00154859 0.00519203 
0.460309 0.121778 0.010227 0.353712 0.0435267 0.00279622 0.00765089 
0.562165 0.138951 0.010389 0.251962 0.0271024 0.00221101 0.00721891 
0.444494 0.0944448 0.00889476 0.402324 0.0413787 0.00205441 0.00640872 
0.457979 0.158932 0.0106465 0.334346 0.0278662 0.00282272 0.00740669 
0.408495 0.128089 0.0115005 0.41665 0.0242632 0.00317411 0.00782864 
0.336334 0.125719 0.010156 0.473886 0.0429577 0.00315557 0.00779171 
0.416151 0.173419 0.0100868 0.346169 0.0424089 0.0035228 0.00824308 
0.437477 0.108372 0.0089524 0.410873 0.0267153 0.00160445 0.00600542 
0.494493 0.112469 0.00883553 0.349867 0.0256866 0.00173955 0.00690927 
0.389833 0.0694193 0.00756444 0.463884 0.059914 0.00237785 0.00700752 
0.422217 0.168091 0.00863338 0.335702 0.0549054 0.00329776 0.00715261 
0.448295 0.113715 0.00961912 0.386725 0.0320601 0.00198025 0.0076057 
0.442402 0.126814 0.010032 0.382521 0.0285434 0.00224884 0.00743854 
0.363566 0.112884 0.0103517 0.392359 0.103102 0.00533641 0.0124009 
0.358079 0.130615 0.0115387 0.365249 0.113605 0.00599003 0.0149237 
0.307963 0.0743483 0.0088005 0.580785 0.0203 0.00148412 0.00631918 
0.463959 0.0718989 0.0109788 0.434641 0.0122875 0.00117153 0.00506237 
0.475607 0.0740122 0.0102043 0.422295 0.0114373 0.00107492 0.00536984 
0.447514 0.0681413 0.0106464 0.460388 0.0075702 0.00103607 0.00470453 
0.458832 0.0743088 0.011309 0.437166 0.0104447 0.00115532 0.00678375 
0.409298 0.15015 0.0130726 0.404652 0.00844771 0.00293465 0.0114456 
0.360979 0.0824921 0.0107548 0.5276 0.0092282 0.00130653 0.00763959 
0.45758 0.156445 0.0116973 0.338826 0.0201996 0.00239948 0.0128515 
0.586889 0.106484 0.0123597 0.27016 0.0115834 0.00188096 0.0106435 
0.627381 0.11529 0.0108091 0.216201 0.018221 0.00215665 0.00994192 
0.562032 0.107584 0.0109361 0.292839 0.0158772 0.00237333 0.00835819 
0.571942 0.150671 0.0113497 0.244772 0.00882648 0.00185829 0.0105802 
0.560328 0.152828 0.0102781 0.226147 0.0349962 0.00301773 0.0124047 
0.591955 0.178993 0.0104769 0.188461 0.0158133 0.00248413 0.0118161 
0.573233 0.203998 0.0100087 0.18299 0.0141602 0.00283991 0.01277 
0.681953 0.159074 0.00906819 0.106908 0.0247494 0.00394204 0.0143048 
0.342051 0.129827 0.00833117 0.409803 0.0930114 0.00600444 0.0109714 
0.0968447 0.0936732 0.0049193 0.67306 0.121914 0.0036976 0.00589097 
0.0729256 0.132299 0.00570991 0.732344 0.0456368 0.00550749 0.00557701 
0.633782 0.0488596 0.00814088 0.274745 0.0235004 0.00134613 0.00962596 
0.596824 0.030948 0.00826495 0.307868 0.0432342 0.00134039 0.0115208 
0.715489 0.0347037 0.00932252 0.195298 0.0310692 0.0012585 0.01286 
0.680677 0.0428088 0.00898037 0.217584 0.0359696 0.00176598 0.0122144 
0.555797 0.0548656 0.00891323 0.344582 0.0244339 0.00149313 0.00991486 
0.485299 0.0497382 0.00945846 0.436144 0.00891457 0.00127602 0.00916885 
0.595715 0.0438857 0.00865364 0.322546 0.0192427 0.00130342 0.0086531 
0.568254 0.0422199 0.00808834 0.345383 0.0261406 0.00116207 0.00875197 
0.448723 0.0286966 0.00721659 0.487558 0.0204565 7.66704E-4 0.00658232 
0.468288 0.0411894 0.00841742 0.450506 0.0229338 9.20543E-4 0.00774408 
0.556364 0.0310995 0.00832117 0.374966 0.02061 8.49963E-4 0.00778869 
0.435354 0.0169786 0.0061654 0.510461 0.0242141 7.1579E-4 0.00611091 
0.468753 0.0219946 0.00625386 0.452513 0.0407721 9.18866E-4 0.00879445 
0.420552 0.026467 0.00679123 0.486353 0.0490739 0.00108477 0.0096783 
0.638833 0.029307 0.0076669 0.278651 0.0355158 0.00136152 0.00866449 
0.508205 0.03127 0.00758927 0.411021 0.0313912 0.00140518 0.00911854 
0.650505 0.0391183 0.00945805 0.268398 0.0183474 0.00105358 0.0131195 
0.505526 0.0230169 0.00781764 0.43775 0.0131856 0.0010871 0.0116171 
0.535658 0.0223621 0.00666304 0.394205 0.0306374 0.00103707 0.00943695 
0.580384 0.0261255 0.00775343 0.349261 0.0248497 0.00121229 0.0104143 
0.543194 0.0347849 0.00783267 0.383111 0.0198762 0.00112953 0.010072 
0.570157 0.0460891 0.00883071 0.351387 0.012872 0.00106777 0.00959661 
0.531339 0.0440247 0.00894445 0.387221 0.0171351 0.00146466 0.0098713 
0.600937 0.0410642 0.00839732 0.314281 0.0221791 0.00161373 0.0115277 
0.543594 0.0429392 0.00833469 0.357286 0.0354812 0.0019281 0.0104369 
0.5746 0.0457856 0.00763614 0.323746 0.0358536 0.00174297 0.0106356 
0.547627 0.0359968 0.00793188 0.379147 0.0155914 0.00126975 0.0124359 
0.575128 0.0638883 0.0092823 0.309626 0.022468 0.00196784 0.0176389 
0.476869 0.0443889 0.00802578 0.431429 0.0254141 0.00141604 0.0124572 
0.530284 0.0324296 0.00767758 0.391624 0.0275328 0.00104269 0.00940865 
0.587171 0.0434275 0.00904423 0.326041 0.0188309 0.0012184 0.0142679 
0.537284 0.0306257 0.00734925 0.371143 0.0396767 0.00142392 0.012497 
0.583348 0.0281179 0.00835512 0.337623 0.0283607 0.00149829 0.0126967 
0.613646 0.0329444 0.00848327 0.297275 0.0329591 0.00176782 0.0129242 
0.666922 0.0271037 0.00775444 0.262947 0.0229632 0.00139817 0.0109112 
0.594616 0.0283958 0.00792711 0.343372 0.0166302 0.00131837 0.00773952 
0.687468 0.0334516 0.00899221 0.245326 0.013838 0.00112171 0.00980263 
0.739222 0.0402357 0.00724401 0.156238 0.0430499 0.00193025 0.0120803 
0.747755 0.0280286 0.00864306 0.169239 0.030539 0.00140148 0.0143946 
0.771984 0.0268507 0.00825554 0.150213 0.0243961 0.00168395 0.0166161 
0.639321 0.0282213 0.0078213 0.279879 0.0302642 0.00153427 0.0129597 
0.639681 0.0367542 0.00895961 0.285048 0.0178012 0.00154512 0.0102109 
0.630487 0.0354643 0.00842082 0.29181 0.025095 0.00110097 0.00762158 
0.638572 0.0462353 0.00819498 0.264755 0.0328418 0.00146115 0.00794007 
0.51853 0.0604047 0.00782881 0.377121 0.027021 0.0014907 0.00760446 
0.547295 0.0364261 0.0079459 0.357154 0.0402486 0.00198603 0.00894458 
0.43529 0.0548501 0.00665518 0.455283 0.039468 0.00205453 0.0063991 
0.395053 0.0473236 0.00618994 0.513304 0.0310943 0.00164708 0.00538786 
0.632653 0.0860279 0.00950888 0.233679 0.0248916 0.0024129 0.0108268 
0.571434 0.0833885 0.0078299 0.219458 0.102764 0.00325084 0.0118747 
0.61702 0.0978425 0.00841906 0.202428 0.0626502 0.0027553 0.00888468 
0.711045 0.110778 0.00799595 0.0802953 0.071389 0.00361869 0.0148782 
0.68619 0.074039 0.00684699 0.117888 0.1001 0.00345989 0.0114762 
0.662133 0.200754 0.00759884 0.0771336 0.0384659 0.00271211 0.0112023 
0.615474 0.185785 0.00902309 0.13388 0.0390468 0.00295646 0.013834 
0.687257 0.201745 0.00871509 0.0665269 0.0185054 0.00317143 0.0140794 
0.649077 0.105608 0.0102224 0.191686 0.0296238 0.00289042 0.0108924 
0.692312 0.138222 0.0118438 0.123012 0.0152237 0.0031773 0.0162097 
0.638157 0.138368 0.010781 0.186311 0.011865 0.00228223 0.0122356 
0.739981 0.0778338 0.0115814 0.143812 0.0128176 0.00214957 0.0118252 
0.691164 0.069518 0.0107952 0.176515 0.0328353 0.00428909 0.0148841 
0.797046 0.0801124 0.0110813 0.0837906 0.0101811 0.00375284 0.0140354 
0.781533 0.0669592 0.0108956 0.115571 0.00998952 0.00308794 0.011964 
0.866151 0.0428745 0.0120754 0.0574623 0.00659936 0.0015603 0.0132773 
0.8335 0.0635724 0.0201607 0.0151007 0.00224104 0.00322192 0.0622032 
0.866618 0.0296749 0.0175214 0.0422537 0.00175901 0.00585939 0.0363131 
0.866057 0.0331338 0.0140462 0.0625034 0.00258873 0.00505749 0.0166134 
0.92354 0.0222002 0.0127764 0.0143173 0.00467142 0.00430261 0.0181922 
0.890601 0.0450015 0.0155707 0.0161722 0.00256186 0.00491911 0.0251737 
0.846682 0.0733691 0.0115257 0.025262 0.00497739 0.00394534 0.0342385 
0.873531 0.0518119 0.0108556 0.0445005 0.00708679 0.0019484 0.0102654 
0.817056 0.0279061 0.0188889 0.120183 0.00415592 0.00210774 0.00970251 
0.751268 0.036347 0.0196913 0.178273 0.00395703 0.00162598 0.00883777 
0.744658 0.0369201 0.019707 0.186605 0.00381667 0.00141128 0.00688185 
0.663213 0.0305391 0.0199322 0.274756 0.00382833 0.0012252 0.00650625 
0.649331 0.0233635 0.0228753 0.29418 0.00299216 0.00123492 0.00602327 
0.608836 0.0261358 0.0200761 0.334921 0.00394865 9.91147E-4 0.00509119 
0.522377 0.0294092 0.0187991 0.418849 0.00300684 9.98895E-4 0.00656015 
0.49036 0.0470941 0.0138348 0.435416 0.00647188 6.4126E-4 0.00618203 
0.468752 0.0794821 0.0123529 0.419926 0.0116959 0.00111619 0.00667487 
0.469713 0.038967 0.0215645 0.461191 0.00275087 6.08356E-4 0.00520534 
0.495129 0.0329451 0.0174586 0.443254 0.00387639 8.17456E-4 0.00651862 
0.579167 0.0459082 0.0174996 0.344292 0.00461139 8.61581E-4 0.00766042 
0.376579 0.04087 0.0110848 0.557591 0.00744268 8.29557E-4 0.00560297 
0.373874 0.0397254 0.0136099 0.563315 0.00451745 5.3598E-4 0.00442233 
0.43171 0.0770423 0.0156667 0.463087 0.00469748 9.28559E-4 0.00686824 
0.507323 0.0533587 0.015835 0.409876 0.00589001 8.37739E-4 0.00687985 
0.465386 0.0503498 0.0172209 0.45678 0.00403255 8.19812E-4 0.0054107 
0.422009 0.0279167 0.0168609 0.524603 0.00330195 5.64287E-4 0.00474487 
0.551891 0.0367166 0.0275492 0.374623 0.0024094 8.20727E-4 0.0059906 
0.58971 0.0414553 0.0234848 0.334464 0.00324975 9.07802E-4 0.00672744 
0.639305 0.0276196 0.0246538 0.298494 0.00342592 8.83739E-4 0.00561742 
0.485713 0.042173 0.0270505 0.437334 0.00200883 8.77067E-4 0.00484344 
0.450972 0.0308777 0.0163637 0.492857 0.00370001 7.5137E-4 0.00447848 
0.54073 0.0318806 0.0192154 0.398293 0.0047136 7.54648E-4 0.00441325 
0.559403 0.0376753 0.019429 0.373638 0.00414572 7.19071E-4 0.00499026 
0.528594 0.0390063 0.0221439 0.40059 0.00251792 0.00104654 0.00610102 
0.346211 0.0297999 0.0121054 0.601226 0.00510577 7.74377E-4 0.00477808 
0.474342 0.0387708 0.0147367 0.461957 0.00486405 7.35444E-4 0.00459458 
0.580152 0.0618587 0.0145603 0.321324 0.0120962 0.00133404 0.00867475 
0.711552 0.0454997 0.0155255 0.21153 0.00608348 0.00144815 0.00836141 
0.335657 0.0604451 0.0105774 0.573981 0.0108823 0.00157124 0.00688618 
0.458324 0.0549471 0.0121767 0.459524 0.00740407 0.00125606 0.00636905 
0.481201 0.0535247 0.0133639 0.436072 0.00808586 0.00144624 0.00630617 
0.469604 0.0349328 0.0143777 0.470319 0.00497481 7.78057E-4 0.00501336 
0.325154 0.0331875 0.0099643 0.620522 0.00643643 8.89653E-4 0.00384681 
0.311375 0.0316523 0.012147 0.638231 0.00273158 7.34832E-4 0.00312803 
0.579082 0.0387402 0.0176967 0.356073 0.00375316 7.33139E-4 0.00392159 
0.318918 0.0401756 0.0106966 0.619898 0.00535966 8.31954E-4 0.00411971 
0.406619 0.0444405 0.0109445 0.517443 0.0130154 0.00116293 0.00637513 
0.551055 0.0575692 0.0119769 0.355989 0.0144746 0.00146318 0.00747133 
0.318647 0.0400145 0.0101936 0.619134 0.00585387 0.0011225 0.00503448 
0.57858 0.0488592 0.0155114 0.344997 0.0047554 0.00113052 0.00616643 
0.463184 0.0590845 0.0184856 0.446396 0.00280997 0.00179237 0.00824702 
0.612759 0.0650341 0.0151858 0.2913 0.00631708 0.00173862 0.00766574 
0.507117 0.0608508 0.013283 0.402584 0.00820184 0.0014201 0.00654252 
0.520949 0.0481348 0.0132566 0.399792 0.00938283 0.00139391 0.00709064 
0.466441 0.0632919 0.0120248 0.439975 0.0107081 0.00126446 0.00629439 
0.555242 0.0622178 0.0132482 0.350473 0.00995233 0.0015611 0.00730638 
0.623483 0.071647 0.0131056 0.271707 0.0101255 0.00129793 0.00863393 
0.706523 0.0573171 0.0127214 0.200575 0.012542 0.00156431 0.00875772 
0.689697 0.0625819 0.0131456 0.213812 0.011203 0.00132719 0.00823265 
0.720202 0.0838923 0.012873 0.160005 0.0116633 0.00161174 0.00975256 
0.759611 0.0837887 0.0121672 0.12211 0.0113714 0.00207247 0.00887899 
0.685502 0.0901743 0.0113987 0.17871 0.022816 0.00182441 0.00957481 
0.735184 0.0718914 0.0112921 0.157631 0.0154267 0.00142942 0.00714538 
0.70888 0.0855171 0.0112784 0.164266 0.0200841 0.00191717 0.00805676 
0.687525 0.0573579 0.0103791 0.211592 0.0263205 0.00115452 0.00567076 
0.579526 0.0838395 0.0111223 0.304619 0.0127335 0.00105317 0.00710618 
0.529581 0.0619727 0.0117692 0.38148 0.00908028 7.33387E-4 0.00538316 
0.56638 0.0836106 0.0113532 0.319328 0.0113844 0.00117285 0.00677157 
0.591691 0.0534834 0.0147209 0.326549 0.00603373 0.00103224 0.00648959 
0.600693 0.0351944 0.011413 0.33144 0.0142065 9.53493E-4 0.00609925 
0.63314 0.0510407 0.0119267 0.278631 0.0169731 9.14027E-4 0.00737386 
0.726895 0.0593686 0.0115072 0.177766 0.016502 0.00105715 0.00690468 
0.727231 0.0663209 0.012352 0.16732 0.0181653 0.00106985 0.00754064 
0.65976 0.0731457 0.0109735 0.22235 0.0251506 0.00144138 0.00717917 
0.679168 0.130845 0.0111886 0.139512 0.0265455 0.00225396 0.0104875 
0.663727 0.120595 0.0104803 0.170829 0.024596 0.00195176 0.00782164 
0.662163 0.0862702 0.0103771 0.199542 0.0310218 0.00186613 0.00876009 
0.661073 0.0699841 0.0117646 0.22887 0.0189289 0.00155895 0.00781973 
0.688372 0.0742578 0.0128522 0.205666 0.0104045 0.00164753 0.00680044 
0.684624 0.0612721 0.0154465 0.225472 0.00494798 0.00130877 0.00692831 
0.746251 0.0957304 0.0130953 0.126263 0.00787056 0.00166975 0.00911913 
0.684861 0.0852696 0.0115168 0.191359 0.0166297 0.00161357 0.008751 
0.66334 0.0561829 0.0118607 0.247593 0.013602 0.00117317 0.00624752 
0.612904 0.0533676 0.0103098 0.292969 0.0221253 0.00138962 0.00693452 
0.593655 0.0376577 0.00889927 0.298849 0.0528834 0.00155073 0.00650493 
0.449648 0.0408294 0.00866393 0.457196 0.03558 0.00116954 0.0069136 
0.428509 0.0419405 0.00746381 0.4916 0.0253991 8.85041E-4 0.0042033 
0.507188 0.0464146 0.0102657 0.414282 0.0142815 0.00102655 0.00654204 
0.602515 0.0519272 0.0110311 0.314043 0.0123503 0.0013854 0.00674831 
0.467625 0.0560421 0.0109214 0.449387 0.00943928 0.00112641 0.00545935 
0.404156 0.0433739 0.00843653 0.512645 0.0251631 0.00103136 0.00519363 
0.428235 0.051567 0.00919135 0.486068 0.0166489 0.00164978 0.00664083 
0.564551 0.0579777 0.00972728 0.327053 0.0281548 0.00230378 0.0102322 
0.216251 0.0437977 0.0076727 0.694977 0.0273573 0.00299772 0.00694644 
0.508156 0.0574474 0.0107944 0.404507 0.00979878 0.00234772 0.00694836 
0.43884 0.0539345 0.0100754 0.477523 0.0110296 0.00171646 0.00688111 
0.591124 0.0459698 0.0114066 0.335744 0.00747094 0.00184666 0.00643804 
0.694582 0.048732 0.0139286 0.229031 0.00543721 0.00127155 0.00701771 
0.705621 0.0507186 0.0133296 0.212879 0.00617593 0.00169151 0.00958432 
0.602378 0.074722 0.0131625 0.294075 0.00561101 0.00172379 0.00832847 
0.485654 0.111358 0.0128438 0.371087 0.00791354 0.00191845 0.00922506 
0.340001 0.0869106 0.0112255 0.546202 0.00790617 0.00150292 0.0062512 
0.496101 0.0537881 0.0109279 0.422209 0.00897318 0.00142277 0.00657795 
0.452216 0.0562263 0.0104319 0.463669 0.010139 0.00120322 0.00611534 
0.608383 0.0426861 0.0100377 0.317332 0.0140643 9.01111E-4 0.00659528 
0.506827 0.0536108 0.0100037 0.407751 0.0138332 0.00125017 0.00672372 
0.621491 0.0727991 0.0117808 0.273189 0.0115895 0.00154817 0.00760252 
0.641334 0.0493092 0.0116346 0.277609 0.0106352 0.00116205 0.00831534 
0.588029 0.0573115 0.011934 0.320891 0.0119485 0.00126521 0.00862093 
0.61758 0.0711556 0.013944 0.28189 0.00518517 0.00118957 0.00905559 
0.54924 0.0586985 0.0138682 0.363633 0.00483087 0.00137397 0.00835532 
0.551874 0.0786327 0.0139936 0.339634 0.00581826 0.00159443 0.00845303 
0.525045 0.072767 0.0120516 0.372047 0.00851052 0.00127864 0.00830013 
0.579082 0.0661238 0.0112573 0.324738 0.0102433 0.00132742 0.00722785 
0.487072 0.0568337 0.0108305 0.4274 0.010816 0.00104837 0.00600003 
0.631966 0.0628607 0.010508 0.270564 0.0148664 0.00138718 0.00784774 
0.596529 0.0673114 0.0100023 0.295704 0.0212141 0.00121593 0.00802372 
0.652583 0.0533138 0.00914679 0.24893 0.0274137 9.7067E-4 0.00764152 
0.515209 0.044085 0.0120721 0.412317 0.00918261 7.49704E-4 0.00638432 
0.545769 0.0512951 0.0135957 0.375603 0.00587338 8.65407E-4 0.00699901 
0.571594 0.0572942 0.011971 0.341592 0.00868096 0.00109736 0.00776956 
0.653795 0.0690848 0.0141748 0.246833 0.00622972 0.00123051 0.00865195 
0.591271 0.0508342 0.0118612 0.32892 0.00823374 0.00121388 0.00766623 
0.619572 0.0431972 0.0159187 0.308636 0.00417256 0.00101523 0.00748851 
0.553689 0.0513198 0.014394 0.364744 0.005471 9.62504E-4 0.00942023 
0.538042 0.029685 0.0124721 0.405707 0.006136 8.63618E-4 0.00709445 
0.596392 0.0308993 0.0125945 0.342432 0.00998143 7.33211E-4 0.00696696 
0.57512 0.0444622 0.0131399 0.352925 0.0062817 8.78498E-4 0.00719217 
0.48904 0.0496097 0.0104746 0.4257 0.0167512 0.00103157 0.00739363 
0.569361 0.0476777 0.0123569 0.353026 0.00829363 9.20314E-4 0.00836453 
0.56119 0.0318797 0.017477 0.379892 0.0036568 7.10803E-4 0.00519338 
0.551112 0.0618016 0.0146205 0.357247 0.00530555 0.00110922 0.00880433 
0.523573 0.0446986 0.0126643 0.403283 0.00760411 8.36122E-4 0.00734045 
0.507554 0.0574648 0.0123433 0.407025 0.00690671 0.00104327 0.00766308 
0.561178 0.0425805 0.013013 0.365455 0.00814319 8.81804E-4 0.00874792 
0.498875 0.0532884 0.0151232 0.419033 0.00444344 0.00100189 0.00823565 
0.486777 0.0396072 0.0119304 0.446507 0.00777782 7.48893E-4 0.00665189 
0.591146 0.0560858 0.0141325 0.321151 0.00680038 0.00110154 0.00958318 
0.599314 0.0489537 0.0104782 0.311101 0.019621 0.00118411 0.00934774 
0.498779 0.049418 0.0115824 0.424074 0.00798193 8.18686E-4 0.00734565 
0.511525 0.0497033 0.0141835 0.409804 0.00495292 0.00106481 0.00876679 
0.617324 0.0426618 0.0136734 0.312423 0.00664818 7.68018E-4 0.00650154 
0.496883 0.0647373 0.0138754 0.408879 0.00543811 0.0011476 0.00903981 
0.423656 0.0559332 0.0129534 0.49371 0.0056991 8.26258E-4 0.00722168 
0.58327 0.055881 0.0135774 0.33085 0.00668379 0.0011202 0.00861699 
0.531969 0.0488728 0.0155644 0.390696 0.00386147 9.80655E-4 0.00805581 
0.663557 0.0420044 0.0135701 0.26465 0.0090882 7.86616E-4 0.00634381 
0.638003 0.0465405 0.0129015 0.285342 0.00856972 9.68534E-4 0.00767503 
0.628688 0.0633729 0.0161495 0.278198 0.00522136 0.00104726 0.00732267 
0.644127 0.0501835 0.0154886 0.277003 0.00519868 8.75215E-4 0.0071235 
0.688739 0.0288379 0.0136141 0.252708 0.00668189 0.00131155 0.00810736 
0.676051 0.0194536 0.0114966 0.268833 0.0136208 0.00164892 0.00889599 
0.732152 0.0285898 0.0108246 0.206462 0.014623 0.00124976 0.00609905 
0.504544 0.0398313 0.0112586 0.430426 0.00759293 9.7995E-4 0.00536683 
0.620869 0.0551162 0.0124271 0.294089 0.00886965 0.00143244 0.00719674 
0.64041 0.0460696 0.0113668 0.27505 0.0169285 0.00145414 0.00872093 
0.644713 0.0469783 0.0108294 0.275372 0.0139235 0.00125802 0.00692576 
0.75073 0.0325879 0.0104926 0.173848 0.0228108 0.00119306 0.00833797 
0.676431 0.0281139 0.0110037 0.26498 0.0135596 0.00101109 0.00490056 
0.666993 0.0360139 0.0117245 0.264089 0.0142605 0.00112883 0.00579015 
0.743645 0.0316022 0.0113768 0.180092 0.0226722 0.00116879 0.00944266 
0.694456 0.0361944 0.0108615 0.227587 0.0222204 0.00112382 0.00755716 
0.751505 0.0432044 0.0109955 0.14985 0.0297957 0.00169857 0.0129508 
0.745615 0.0329806 0.0127602 0.177404 0.0179853 0.00134176 0.0119122 
0.618375 0.0581479 0.0110787 0.278333 0.0235948 0.0017206 0.00874923 
0.644641 0.0314117 0.0111109 0.287708 0.0175753 0.0010775 0.00647549 
0.61167 0.0268175 0.0107393 0.314178 0.0262888 0.00145636 0.00884981 
0.524578 0.0339171 0.0097245 0.404396 0.0165932 0.00184323 0.00894766 
0.666934 0.029939 0.0132669 0.260188 0.0119987 0.00202368 0.0156501 
0.665165 0.0222698 0.0127055 0.278275 0.010225 0.00144021 0.00991993 
0.6926 0.0245337 0.011954 0.246036 0.0104851 0.0017382 0.0126528 
0.692347 0.0387905 0.0119939 0.238824 0.00926194 0.00142161 0.00736032 
0.656888 0.046194 0.0116549 0.265299 0.0111857 0.00133073 0.00744717 
0.67111 0.0553289 0.011553 0.246148 0.00861426 0.00122757 0.00601888 
0.66927 0.050193 0.0139015 0.253877 0.00564061 0.00111136 0.00600638 
0.635671 0.0641399 0.0117813 0.270599 0.00961038 0.00100347 0.00719454 
0.536007 0.0849698 0.0111799 0.343782 0.0148661 0.00122887 0.00796645 
0.663369 0.128059 0.00980425 0.140718 0.0440126 0.00235793 0.0116791 
0.531035 0.115471 0.00986241 0.291502 0.03819 0.0022 0.0117398 
0.611964 0.0930747 0.0104614 0.239527 0.0331156 0.00174377 0.0101132 
0.535766 0.0859903 0.0103012 0.31404 0.0409204 0.00220209 0.0107794 
0.414108 0.0451298 0.00776261 0.483424 0.0405834 0.00139769 0.00759449 
0.398591 0.04959 0.00854176 0.510519 0.024288 0.00145628 0.00701468 
0.53727 0.0713573 0.0118826 0.340277 0.0267755 0.00236622 0.0100721 
0.648828 0.0457579 0.0158518 0.276931 0.00634014 8.32305E-4 0.00545891 
0.440235 0.0995261 0.0122474 0.423138 0.0151691 0.00139575 0.00828843 
0.658196 0.0933538 0.0114254 0.2053 0.0197049 0.00172649 0.0102936 
0.570987 0.0887429 0.00955568 0.278585 0.036994 0.00235898 0.0127771 
0.65778 0.0994989 0.00990191 0.179079 0.0362475 0.00234273 0.0151507 
0.564467 0.059809 0.00919652 0.321466 0.0332439 0.00182897 0.00998798 
0.696881 0.072601 0.0102152 0.187442 0.0205885 0.00221573 0.0100572 
0.612807 0.0949914 0.00894148 0.2369 0.0367165 0.00170207 0.00794155 
0.610196 0.0952004 0.00905186 0.236067 0.0392655 0.00170464 0.00851487 
0.62094 0.0615865 0.00776544 0.239156 0.0592308 0.00179594 0.00952546 
0.450817 0.0763653 0.00853909 0.427739 0.028462 0.00128692 0.00679045 
0.488527 0.129794 0.00953707 0.346883 0.0162026 0.00153356 0.0075227 
0.657119 0.0745847 0.010122 0.233291 0.0141259 0.0018233 0.00893421 
0.568319 0.0961654 0.0100807 0.301708 0.0131601 0.00144713 0.00912038 
0.529007 0.0751832 0.00948434 0.364804 0.0116121 0.00109271 0.00881616 
0.472449 0.0839036 0.00853169 0.393893 0.0299048 0.00199325 0.00932469 
0.445823 0.127548 0.011034 0.385914 0.0153499 0.00215592 0.0121752 
0.399466 0.126636 0.00957111 0.423367 0.0285378 0.0023669 0.0100556 
0.371327 0.0727582 0.00911474 0.534908 0.00637895 7.11795E-4 0.00480062 
0.465674 0.0565792 0.00802315 0.44888 0.01443 8.54655E-4 0.00555864 
0.613474 0.0485451 0.00897309 0.307874 0.0133953 7.91289E-4 0.00694787 
0.538579 0.0587312 0.00795116 0.365199 0.0207647 9.53662E-4 0.00782112 
0.439006 0.0683127 0.0078444 0.457695 0.0187633 0.0010448 0.0073335 
0.528173 0.0597542 0.00759565 0.368699 0.0278627 9.72005E-4 0.00694348 
