0.809191 0.0166984 0.0262551 0.114309 0.00756853 0.00447059 0.0215076 
0.863855 0.0201296 0.0260396 0.0515918 0.00582558 0.00441017 0.028148 
0.875146 0.0188186 0.0236812 0.0526798 0.00772806 0.00378297 0.0181634 
0.859941 0.0212775 0.0193487 0.0658743 0.0110637 0.00406225 0.018432 
0.859218 0.0161781 0.0264402 0.0735546 0.00387496 0.0036927 0.0170416 
0.877518 0.0189326 0.0253975 0.049796 0.00437144 0.00364774 0.0203364 
0.890893 0.0163604 0.0283188 0.033056 0.00390616 0.00283282 0.0246326 
0.857789 0.0135018 0.0307415 0.0698867 0.0051947 0.00278065 0.0201054 
0.846113 0.0130003 0.0326514 0.079258 0.0042101 0.00266192 0.0221056 
0.841432 0.0142452 0.0312714 0.0886976 0.00448444 0.00222561 0.0176441 
0.82717 0.0138627 0.029574 0.101146 0.00493865 0.00203218 0.0212764 
0.88762 0.0182243 0.0252748 0.0348234 0.00590965 0.00289773 0.0252497 
0.851858 0.0145109 0.0296286 0.0750492 0.00366591 0.002631 0.022656 
0.827298 0.0139101 0.0314257 0.0921545 0.00389975 0.00324434 0.0280677 
0.803071 0.0112813 0.0288046 0.133988 0.00449044 0.00170973 0.0166554 
0.779983 0.0134238 0.0237898 0.162452 0.00617048 0.00184069 0.0123403 
0.809603 0.0153151 0.0310803 0.12434 0.00356311 0.00193169 0.0141673 
0.756884 0.0122938 0.037834 0.168508 0.00252931 0.00255811 0.0193931 
0.764876 0.012264 0.0349537 0.167438 0.0024843 0.00210196 0.0158824 
0.729887 0.0115305 0.0255883 0.208137 0.00519212 0.00184565 0.0178187 
0.726722 0.0107089 0.0272789 0.214354 0.00596536 0.00129447 0.0136762 
0.82103 0.0143775 0.0269732 0.115493 0.00534008 0.00141397 0.0153724 
0.858187 0.0149249 0.0287834 0.0675313 0.00489212 0.00166763 0.0240138 
0.864374 0.0135041 0.0338069 0.0473052 0.00331752 0.00192103 0.0357709 
0.815862 0.0165826 0.02841 0.1162 0.00343093 0.00137898 0.018135 
0.765473 0.0102387 0.0280986 0.172029 0.00810285 0.00109647 0.0149609 
0.808086 0.0117227 0.0262928 0.129589 0.00741483 0.00174531 0.0151488 
0.805106 0.0106559 0.0267873 0.129361 0.00753377 0.00137648 0.0191792 
0.867795 0.0126715 0.0338524 0.0357506 0.00545821 0.00187183 0.0426002 
0.81119 0.0149763 0.0315336 0.0870919 0.00395313 0.00206246 0.0491927 
0.807327 0.0227866 0.0232087 0.0986692 0.00679571 0.00174794 0.0394648 
0.759047 0.0411584 0.017463 0.151389 0.00558259 0.00334459 0.0220146 
0.757208 0.0432371 0.0196164 0.151894 0.00482145 0.00235955 0.0208642 
0.710259 0.0469705 0.0215363 0.177423 0.00611652 0.00431944 0.0333751 
0.736655 0.0499683 0.0148713 0.13972 0.0277451 0.00461462 0.0264254 
0.793749 0.0274164 0.0218877 0.10951 0.00599126 0.00700907 0.034436 
0.775721 0.0307613 0.0190625 0.150541 0.00485136 0.00494781 0.0141148 
0.661456 0.0296591 0.0185761 0.270093 0.00592341 0.00105524 0.0132378 
0.761286 0.0400337 0.0207236 0.156541 0.00426615 0.00196848 0.0151809 
0.641015 0.0727307 0.0152558 0.243751 0.00521386 0.00377151 0.0182622 
0.72146 0.0598437 0.0140505 0.166576 0.0167747 0.00398381 0.0173109 
0.529523 0.0257092 0.0133608 0.407819 0.0128667 0.00217359 0.00854775 
0.281987 0.0333421 0.0107551 0.660755 0.00404189 0.00267959 0.00643942 
0.321828 0.0224792 0.0110818 0.627782 0.0080441 0.00199183 0.00679397 
0.406829 0.0451594 0.0137313 0.508879 0.0141204 0.00315772 0.00812377 
0.485338 0.0187471 0.0152255 0.456224 0.014132 0.0023788 0.00795417 
0.520849 0.029815 0.0184978 0.408101 0.00880561 0.00387659 0.010055 
0.488915 0.0312653 0.016778 0.446994 0.00559773 0.00275844 0.0076916 
0.674796 0.0347676 0.0259368 0.245748 0.00431705 0.00251443 0.0119204 
0.543699 0.0292533 0.0212757 0.385249 0.0047008 0.00223512 0.0135867 
0.729079 0.0392208 0.0197191 0.185737 0.00701799 0.00402597 0.0151997 
0.728273 0.0319368 0.0243536 0.192987 0.00340679 0.00480699 0.0142361 
0.774988 0.0285729 0.0210918 0.150189 0.00580693 0.0049383 0.0144129 
0.840212 0.00858907 0.0626211 0.0364188 0.00386672 0.00247204 0.0458207 
0.853151 0.00968591 0.0631324 0.030203 0.00431475 0.00268723 0.0368257 
0.834258 0.0105899 0.0539727 0.0583759 0.0064618 0.00355274 0.0327885 
0.758308 0.00925965 0.0642054 0.109845 0.00421621 0.0051006 0.0490648 
0.79897 0.00942516 0.0637001 0.0580667 0.00400924 0.00414005 0.0616888 
0.841358 0.0115243 0.0491626 0.0451468 0.00619607 0.00568298 0.0409295 
0.844464 0.0103552 0.0512211 0.0236662 0.00563615 0.00528677 0.0593707 
0.824248 0.00940936 0.0461498 0.0598404 0.00819965 0.00493866 0.0472139 
0.80222 0.00994608 0.0470931 0.0811026 0.0103581 0.00468805 0.0445922 
0.789082 0.00920656 0.0438285 0.0925077 0.0183674 0.00437798 0.0426302 
0.660993 0.00878249 0.0376217 0.237699 0.0220928 0.00261023 0.0302008 
0.535468 0.00927415 0.025073 0.388335 0.0199907 0.0024972 0.0193617 
0.503801 0.00976045 0.0277511 0.431245 0.0122538 0.00230413 0.0128842 
0.709182 0.0130338 0.0304974 0.204452 0.020004 0.00211378 0.0207166 
0.795757 0.0171713 0.043155 0.0694093 0.0154425 0.00286786 0.056197 
0.781336 0.0128264 0.0426721 0.13245 0.00821409 0.00160644 0.0208946 
0.802546 0.0121111 0.0468762 0.0940734 0.00980976 0.00246424 0.0321198 
0.811847 0.011749 0.0433381 0.0897028 0.0182403 0.00244532 0.022677 
0.735018 0.0112025 0.0328133 0.184129 0.0172692 0.00234856 0.0172198 
0.570426 0.00866301 0.024637 0.367414 0.0174953 0.00160163 0.00976336 
0.613266 0.00868225 0.0263252 0.325614 0.0151612 0.00128325 0.00966753 
0.686606 0.00786517 0.0337317 0.244419 0.0143538 0.00122907 0.0117959 
0.695252 0.00881026 0.0313173 0.213768 0.0343684 0.0015533 0.0149309 
0.831664 0.0109281 0.0358128 0.0868233 0.0171566 0.00183933 0.0157762 
0.753566 0.0098284 0.0404749 0.166912 0.0108644 0.001767 0.0165876 
0.707086 0.00939209 0.040042 0.212404 0.0115996 0.00172485 0.0177516 
0.652429 0.0124027 0.0338541 0.276562 0.00957084 0.00145632 0.013725 
0.619749 0.00963189 0.033027 0.303142 0.0170069 0.00149254 0.0159507 
0.440328 0.00802848 0.0220192 0.49543 0.0225622 0.00117626 0.0104549 
0.535788 0.0115212 0.0244321 0.397757 0.018235 0.00139764 0.0108692 
0.494163 0.00861857 0.0186108 0.449127 0.0192752 0.00133267 0.00887216 
0.790558 0.0168316 0.02248 0.126379 0.0288514 0.0023105 0.0125896 
0.773797 0.0157234 0.0296802 0.132214 0.0319418 0.00215122 0.0144922 
0.661475 0.0189712 0.0271113 0.249905 0.0261811 0.00166436 0.0146914 
0.706202 0.0162401 0.0254012 0.219609 0.0171118 0.00352444 0.0119119 
0.806817 0.0131017 0.0247428 0.126384 0.0163977 0.00309906 0.00945686 
0.797454 0.00897403 0.0315518 0.145728 0.00876223 0.00120201 0.00632816 
0.793894 0.00862851 0.0291854 0.150113 0.0105083 0.00109434 0.00657594 
0.807151 0.00800811 0.0309009 0.136838 0.00825014 0.00160915 0.00724181 
0.80144 0.00650302 0.0440374 0.125686 0.00724529 0.00195126 0.013137 
0.825869 0.0074178 0.0389313 0.0974969 0.00892188 0.00207814 0.0192847 
0.875242 0.00732305 0.0358886 0.0524458 0.00873431 0.00150897 0.0188573 
0.892899 0.00949693 0.0340543 0.0430645 0.00729873 0.00155436 0.0116318 
0.874234 0.0133299 0.0311072 0.0605777 0.00657496 0.00179594 0.01238 
0.824384 0.0144319 0.0253662 0.106472 0.0153378 0.00157941 0.0124293 
0.855508 0.019773 0.0333079 0.06581 0.00744416 0.00151782 0.0166395 
0.842823 0.0283137 0.032616 0.0682846 0.00736798 0.00256569 0.0180292 
0.817393 0.0201384 0.0254118 0.110662 0.0130841 0.00209006 0.0112206 
0.858912 0.0118642 0.033271 0.0661989 0.0133993 0.00179261 0.0145622 
0.838949 0.0156118 0.0267314 0.0904325 0.0147502 0.00198285 0.0115421 
0.801983 0.0154652 0.0235939 0.121964 0.0262368 0.00165799 0.0090989 
0.781619 0.0117034 0.0333345 0.15271 0.00971624 8.63055E-4 0.0100538 
0.848352 0.0120771 0.0372038 0.0792325 0.00742675 0.00133154 0.0143765 
0.866687 0.0103568 0.0346108 0.0601193 0.00978649 0.00170564 0.0167342 
0.889196 0.0107208 0.0436031 0.0296455 0.00587206 0.00211604 0.0188461 
0.823434 0.0128958 0.04161 0.0873562 0.00856596 0.0024719 0.0236663 
0.865286 0.0117688 0.0427355 0.0474152 0.00816111 0.00239937 0.0222345 
0.864625 0.0100353 0.0381624 0.0564587 0.0105007 0.00142844 0.0187893 
0.763189 0.0111509 0.0268884 0.178489 0.0117289 0.00141151 0.00714209 
0.847062 0.0115162 0.0339888 0.0686713 0.022726 0.00189959 0.0141358 
0.751432 0.0100942 0.0248183 0.174759 0.0293394 0.00164412 0.00791341 
0.796404 0.0107669 0.0269899 0.132409 0.0219879 0.00186564 0.00957689 
0.851277 0.0106165 0.0326903 0.075001 0.0167228 0.00157508 0.0121176 
0.821292 0.0111395 0.0302727 0.105452 0.0164401 0.00192966 0.0134745 
0.833331 0.00861008 0.0375439 0.0880741 0.0127742 0.00179508 0.0178714 
0.860058 0.00814305 0.0406259 0.0601587 0.0109133 0.00142289 0.0186783 
0.793412 0.00953699 0.0278367 0.134067 0.0194447 0.00233159 0.0133705 
0.791559 0.00914089 0.0270374 0.141462 0.0186581 0.00177374 0.0103687 
0.76311 0.0090039 0.0367118 0.169331 0.00754454 0.0011939 0.0131048 
0.827744 0.0138483 0.0306212 0.105297 0.00934015 0.00129842 0.0118516 
0.82121 0.0126613 0.0310803 0.10317 0.0147318 0.00216418 0.014982 
0.840323 0.0132931 0.028154 0.0949839 0.0109767 0.00136466 0.0109046 
0.830542 0.0116273 0.0310491 0.0952739 0.0119975 0.00178039 0.01773 
0.861588 0.0159173 0.0306103 0.0653204 0.0111199 0.00163498 0.0138086 
0.867758 0.0161594 0.0312443 0.0486333 0.0162325 0.00242448 0.0175477 
0.874439 0.0150465 0.0329514 0.0454159 0.0149588 0.00209735 0.0150908 
0.854562 0.0117475 0.0306023 0.0772616 0.0125694 0.00149407 0.0117633 
0.775489 0.00923347 0.0299984 0.155703 0.0159317 0.00115167 0.012492 
0.80623 0.00849787 0.0285599 0.127744 0.0176476 0.00123575 0.010085 
0.84694 0.0106497 0.0302311 0.0885819 0.0120287 0.0013231 0.0102459 
0.791188 0.00903921 0.0288453 0.140306 0.0158919 0.00134649 0.0133825 
0.817817 0.0114635 0.0260474 0.113399 0.0189746 0.0013817 0.0109173 
0.821482 0.0108702 0.0291256 0.0990563 0.0264408 0.00174853 0.0112768 
0.816186 0.0106572 0.0286399 0.111227 0.0199586 0.0018448 0.0114867 
0.778651 0.0106232 0.0309893 0.145201 0.0173346 0.00207154 0.0151288 
0.803842 0.014235 0.0260181 0.126287 0.0153354 0.00197548 0.0123071 
0.809016 0.0127877 0.0291234 0.120199 0.0105215 0.00217244 0.0161799 
0.840652 0.0120005 0.0300192 0.0727727 0.0217301 0.00270042 0.0201247 
0.829696 0.0146122 0.0227167 0.10176 0.0170935 0.00128564 0.0128361 
0.821517 0.00948012 0.033642 0.0963905 0.0200874 0.00119359 0.0176893 
0.79424 0.0103929 0.0329691 0.131616 0.0112123 0.00135315 0.0182161 
0.851867 0.0125511 0.0342927 0.067584 0.0118358 0.00134868 0.0205209 
0.782618 0.0128589 0.0271644 0.154742 0.011636 9.21357E-4 0.0100592 
0.723469 0.00878728 0.0266258 0.214816 0.014993 0.00100255 0.0103071 
0.813493 0.0112978 0.0244348 0.119852 0.0200321 0.00118356 0.00970675 
0.831492 0.0115214 0.026474 0.108719 0.010566 0.00137718 0.00985038 
0.810271 0.0114095 0.0248265 0.124272 0.0175496 0.00123623 0.0104352 
0.819358 0.0100476 0.0330009 0.107693 0.0134107 0.00154617 0.0149435 
0.779198 0.0106772 0.0292829 0.152306 0.0164214 0.00123938 0.0108749 
0.85587 0.00994789 0.0326069 0.0744116 0.0125502 0.00129155 0.0133221 
0.784599 0.011713 0.0292303 0.15417 0.0108706 0.00110953 0.00830747 
0.802681 0.0120454 0.0299884 0.130062 0.013076 0.00139039 0.0107565 
0.817702 0.0122626 0.0297311 0.1161 0.0112486 0.00125368 0.0117023 
0.865359 0.014638 0.0365686 0.0534823 0.00754663 0.00204743 0.0203578 
0.873649 0.0153835 0.0335744 0.0463153 0.0117848 0.0016045 0.0176884 
0.832203 0.01059 0.0349528 0.0925384 0.0137841 0.00104851 0.0148834 
0.810655 0.00924775 0.0384646 0.111289 0.0111607 0.00150836 0.0176749 
0.823303 0.0118612 0.0387183 0.0844043 0.0128955 0.00174216 0.0270754 
0.847741 0.0107698 0.0401128 0.0783873 0.00621489 0.00143466 0.0153398 
0.812398 0.0100532 0.030408 0.122312 0.0129063 0.00110551 0.0108173 
0.803361 0.0102972 0.0278157 0.116658 0.0277634 0.00116858 0.0129362 
0.806703 0.0124525 0.0241516 0.123329 0.0175743 0.00157864 0.0142106 
0.826249 0.0142296 0.0282955 0.0846573 0.0217771 0.00168894 0.0231026 
0.819878 0.0109478 0.0467301 0.0661851 0.00577618 0.00218189 0.0483007 
0.833727 0.0134046 0.0449652 0.0485384 0.00783741 0.00287862 0.0486488 
0.85625 0.0121009 0.0470129 0.0336855 0.00664306 0.00203051 0.0422766 
0.85941 0.00878407 0.0603007 0.0213913 0.00306746 0.00206003 0.0449862 
0.848823 0.0098249 0.0492089 0.0310649 0.00839928 0.00265893 0.0500196 
0.880271 0.012429 0.0411642 0.0288039 0.00612315 0.00244292 0.0287658 
0.860427 0.0106043 0.0482898 0.0449904 0.00405295 0.00227308 0.029362 
0.843765 0.01225 0.0415216 0.0753936 0.00475459 0.00142866 0.0208863 
0.866941 0.0135143 0.0410912 0.0540425 0.00571854 0.00188417 0.0168079 
0.796505 0.00782149 0.0550858 0.114013 0.00533013 0.00132135 0.0199238 
0.865797 0.0100493 0.0474355 0.0476824 0.00376718 0.00214726 0.0231214 
0.854614 0.0109371 0.0441227 0.0658299 0.0067264 0.00140776 0.0163618 
0.873332 0.0110164 0.0453318 0.0437283 0.0052065 0.00172191 0.0196629 
0.870696 0.0101375 0.0450407 0.0501485 0.00585002 0.00151767 0.016609 
0.858971 0.00956054 0.0463729 0.0500219 0.00500024 0.002692 0.0273813 
0.81085 0.00940999 0.0467236 0.104561 0.0074963 0.00154927 0.0194102 
0.711282 0.0124714 0.035964 0.204762 0.0110947 0.00183291 0.0225931 
0.761361 0.0091497 0.0489848 0.149924 0.00694861 0.00187987 0.0217519 
0.817881 0.00874524 0.0450838 0.0951223 0.0115507 0.0020735 0.0195434 
0.780309 0.0102608 0.0483277 0.125278 0.00883242 0.00198286 0.0250094 
0.83694 0.012419 0.044079 0.0763686 0.00588444 0.00230562 0.0220028 
0.837819 0.013813 0.0426076 0.0798969 0.0058549 0.00181426 0.0181943 
0.833593 0.0128157 0.0449935 0.0808541 0.00746734 0.00180751 0.0184692 
0.848264 0.0111089 0.0313576 0.0785927 0.0149908 0.00213632 0.0135501 
0.810886 0.0111108 0.0377279 0.10397 0.0157628 0.00213014 0.0184117 
0.847363 0.0146212 0.0380447 0.062755 0.0102193 0.00255765 0.0244394 
0.831662 0.0126712 0.0446534 0.0643543 0.00874645 0.00298063 0.0349323 
0.841529 0.0115287 0.0448387 0.0464357 0.00715081 0.00315775 0.0453597 
0.814439 0.0113163 0.0379249 0.0915415 0.00997905 0.00253776 0.0322613 
0.764713 0.0105767 0.0400459 0.138254 0.0104934 0.00248378 0.0334332 
0.730566 0.00921162 0.0473335 0.175946 0.00765192 0.00181318 0.027478 
0.680388 0.0107246 0.0367391 0.231672 0.0142257 0.00296863 0.0232818 
0.683131 0.00604728 0.0440225 0.233422 0.0163605 0.00156648 0.0154499 
0.846034 0.0102567 0.03952 0.0802125 0.0081196 0.00159905 0.0142587 
0.66866 0.0088933 0.0288997 0.272251 0.0121766 0.00127325 0.00784583 
0.764075 0.00897484 0.0332501 0.168353 0.0130321 0.00102427 0.0112902 
0.822426 0.0115934 0.0433549 0.0897465 0.0105235 0.0012355 0.0211205 
0.752893 0.0103126 0.0361268 0.174933 0.00949376 9.88213E-4 0.015253 
0.840438 0.0161472 0.0309203 0.0771869 0.0151833 0.00132299 0.0188012 
0.775068 0.0107141 0.0412383 0.142606 0.00850998 9.60773E-4 0.0209032 
0.849583 0.0153265 0.0376832 0.0625051 0.0082758 0.00125943 0.0253668 
0.843104 0.0221301 0.0381948 0.0530196 0.00758885 0.00208264 0.0338804 
0.821129 0.0129065 0.0474464 0.0785379 0.0038523 0.00166316 0.0344651 
0.853053 0.0170976 0.0391509 0.0644396 0.00595057 0.00139524 0.0189127 
0.799733 0.0113263 0.0497926 0.0872236 0.0058008 0.00234286 0.0437813 
0.806234 0.0105873 0.0539341 0.072194 0.00337778 0.00397034 0.0497022 
0.84142 0.0121459 0.0414042 0.0664659 0.00703445 0.0027033 0.0288264 
0.847237 0.0125308 0.0434639 0.0619782 0.00623671 0.00264707 0.0259069 
0.809559 0.0118392 0.0348542 0.120542 0.0074415 0.00176388 0.0140008 
0.808088 0.0106361 0.0409733 0.10384 0.00644468 0.0027628 0.0272546 
0.783291 0.00895512 0.0424721 0.138656 0.00671934 0.00196337 0.017943 
0.800927 0.0097669 0.0553853 0.100368 0.00426775 0.00220898 0.0270756 
0.832067 0.0101001 0.050697 0.0784263 0.00434424 0.00195815 0.0224074 
0.810731 0.00895134 0.0489815 0.109999 0.00437485 0.00209103 0.0148715 
0.856049 0.00958855 0.0483555 0.0583477 0.00578176 0.00221711 0.0196601 
0.801839 0.0100727 0.0476752 0.110311 0.00623736 0.00190161 0.0219634 
0.830659 0.00900445 0.0540493 0.0811004 0.00439199 0.00200873 0.0187861 
0.810832 0.00943257 0.0500359 0.107859 0.005051 0.0015908 0.0151984 
0.854374 0.0103277 0.0420494 0.0715036 0.00836206 0.00132766 0.0120555 
0.798871 0.0103917 0.036742 0.128555 0.0108184 0.00161334 0.0130084 
0.804469 0.0125182 0.0461797 0.105261 0.00619266 0.00267494 0.0227039 
0.798623 0.0115223 0.0458272 0.102668 0.00511048 0.00457271 0.0316764 
0.84363 0.0113572 0.0482075 0.0661316 0.00411062 0.00231011 0.0242527 
0.824361 0.011215 0.0485289 0.0835952 0.00490483 0.00240593 0.0249889 
0.802305 0.012687 0.0421627 0.108759 0.00817571 0.00253957 0.023371 
0.801847 0.00788798 0.0511365 0.0843566 0.00976709 0.00276483 0.0422397 
0.84175 0.00979828 0.0519479 0.0482393 0.00683383 0.0028626 0.0385676 
0.820971 0.00966989 0.0522884 0.0758468 0.00859847 0.0021541 0.030471 
0.810869 0.00925911 0.0478765 0.0874622 0.0105483 0.00285252 0.0311324 
0.78899 0.00951611 0.0468148 0.113836 0.0115959 0.00159085 0.0276556 
0.791817 0.00924869 0.0366245 0.121598 0.0140393 0.00211907 0.0245528 
0.839599 0.0106849 0.0465741 0.0646 0.0068135 0.00205221 0.0296763 
0.746925 0.0104652 0.0327139 0.164186 0.0244969 0.00221143 0.0190011 
0.824498 0.0108508 0.0382011 0.0834305 0.0167422 0.00248441 0.0237925 
0.807376 0.0115474 0.0360854 0.112954 0.0140121 0.00197406 0.0160503 
0.812958 0.010187 0.0365014 0.110971 0.0122255 0.00206018 0.0150966 
0.740211 0.00920729 0.0511206 0.163077 0.00709277 0.00228743 0.0270045 
0.766207 0.00868337 0.0582564 0.126019 0.00626293 0.0023463 0.0322258 
0.82664 0.01005 0.0442342 0.0869275 0.00849386 0.0019745 0.0216802 
0.80079 0.00968941 0.0481927 0.105897 0.00844236 0.00233621 0.0246529 
0.847663 0.0113631 0.0375165 0.0749671 0.0104344 0.00182481 0.0162307 
0.81843 0.0100635 0.0462922 0.0881602 0.0103057 0.00212097 0.0246272 
0.864827 0.0149694 0.0428749 0.0431971 0.0109468 0.00260753 0.0205772 
0.837171 0.00915098 0.0439611 0.079892 0.0116017 0.00153304 0.0166904 
0.853811 0.00954966 0.0456371 0.0653108 0.00642245 0.00165659 0.0176125 
0.803361 0.00979935 0.0334478 0.131087 0.0111975 0.0012318 0.00987571 
0.786083 0.00921132 0.0318792 0.145218 0.0143387 0.00164813 0.0116217 
0.84703 0.0110587 0.0309626 0.0760778 0.0157703 0.00215703 0.0169434 
0.852977 0.00921831 0.0388421 0.0743047 0.00858681 0.00162318 0.0144478 
0.829477 0.00915272 0.0378168 0.0912656 0.0120913 0.00171806 0.0184781 
0.828726 0.0120238 0.0315474 0.0987532 0.0150453 0.0016817 0.0122229 
0.815148 0.0135729 0.0314985 0.112865 0.0127615 0.0016337 0.0125204 
0.771218 0.00856932 0.0433484 0.136765 0.0113304 0.00194658 0.0268222 
0.806467 0.00952065 0.039343 0.104805 0.0154648 0.00160803 0.0227914 
0.80456 0.00947416 0.035343 0.123358 0.0107871 0.00171764 0.0147594 
0.758306 0.010902 0.0250748 0.175491 0.0178923 0.00142583 0.0109089 
0.852564 0.0141074 0.0326913 0.0708113 0.0133272 0.0016149 0.0148844 
0.849988 0.0137147 0.0271229 0.0779682 0.0175332 0.00139967 0.0122736 
0.869094 0.018391 0.022943 0.0614857 0.0155596 0.00170873 0.0108176 
0.860101 0.0189916 0.0231949 0.0592439 0.0232048 0.00232981 0.0129344 
0.877074 0.0133671 0.0304861 0.0443703 0.013785 0.00189108 0.019026 
0.873914 0.013188 0.0303286 0.0579775 0.00986296 0.00161636 0.0131131 
0.854095 0.0158392 0.0296049 0.0752245 0.0115162 0.00147728 0.0122426 
0.857991 0.0163917 0.0287081 0.068082 0.0132405 0.00174065 0.013846 
0.812179 0.0167673 0.0238614 0.120816 0.0130688 0.0019296 0.0113773 
0.747138 0.0111947 0.0327993 0.171992 0.0107973 0.00308563 0.022993 
0.807243 0.0091066 0.0406975 0.11121 0.00899883 0.00174261 0.0210008 
0.820306 0.0106879 0.0335186 0.105299 0.0105417 0.00202415 0.017622 
0.747196 0.0100006 0.0416042 0.166617 0.0103661 0.00216886 0.0220478 
0.806203 0.0129488 0.0342848 0.117239 0.0125463 0.00187626 0.0149025 
0.735018 0.0112025 0.0328133 0.184129 0.0172692 0.00234856 0.0172198 
0.570426 0.00866301 0.024637 0.367414 0.0174953 0.00160163 0.00976336 
0.613266 0.00868225 0.0263252 0.325614 0.0151612 0.00128325 0.00966753 
0.686606 0.00786517 0.0337317 0.244419 0.0143538 0.00122907 0.0117959 
0.695252 0.00881026 0.0313173 0.213768 0.0343684 0.0015533 0.0149309 
0.831664 0.0109281 0.0358128 0.0868233 0.0171566 0.00183933 0.0157762 
0.753566 0.0098284 0.0404749 0.166912 0.0108644 0.001767 0.0165876 
0.707086 0.00939209 0.040042 0.212404 0.0115996 0.00172485 0.0177516 
0.652429 0.0124027 0.0338541 0.276562 0.00957084 0.00145632 0.013725 
0.619749 0.00963189 0.033027 0.303142 0.0170069 0.00149254 0.0159507 
0.440328 0.00802848 0.0220192 0.49543 0.0225622 0.00117626 0.0104549 
0.535788 0.0115212 0.0244321 0.397757 0.018235 0.00139764 0.0108692 
0.494163 0.00861857 0.0186108 0.449127 0.0192752 0.00133267 0.00887216 
0.790558 0.0168316 0.02248 0.126379 0.0288514 0.0023105 0.0125896 
0.773797 0.0157234 0.0296802 0.132214 0.0319418 0.00215122 0.0144922 
0.661475 0.0189712 0.0271113 0.249905 0.0261811 0.00166436 0.0146914 
0.706202 0.0162401 0.0254012 0.219609 0.0171118 0.00352444 0.0119119 
0.806817 0.0131017 0.0247428 0.126384 0.0163977 0.00309906 0.00945686 
0.797454 0.00897403 0.0315518 0.145728 0.00876223 0.00120201 0.00632816 
0.793894 0.00862851 0.0291854 0.150113 0.0105083 0.00109434 0.00657594 
0.807151 0.00800811 0.0309009 0.136838 0.00825014 0.00160915 0.00724181 
0.80144 0.00650302 0.0440374 0.125686 0.00724529 0.00195126 0.013137 
0.825869 0.0074178 0.0389313 0.0974969 0.00892188 0.00207814 0.0192847 
0.875242 0.00732305 0.0358886 0.0524458 0.00873431 0.00150897 0.0188573 
0.892899 0.00949693 0.0340543 0.0430645 0.00729873 0.00155436 0.0116318 
0.874234 0.0133299 0.0311072 0.0605777 0.00657496 0.00179594 0.01238 
0.824384 0.0144319 0.0253662 0.106472 0.0153378 0.00157941 0.0124293 
0.855508 0.019773 0.0333079 0.06581 0.00744416 0.00151782 0.0166395 
0.842823 0.0283137 0.032616 0.0682846 0.00736798 0.00256569 0.0180292 
0.817393 0.0201384 0.0254118 0.110662 0.0130841 0.00209006 0.0112206 
0.858912 0.0118642 0.033271 0.0661989 0.0133993 0.00179261 0.0145622 
0.838949 0.0156118 0.0267314 0.0904325 0.0147502 0.00198285 0.0115421 
0.801983 0.0154652 0.0235939 0.121964 0.0262368 0.00165799 0.0090989 
0.781619 0.0117034 0.0333345 0.15271 0.00971624 8.63055E-4 0.0100538 
0.848352 0.0120771 0.0372038 0.0792325 0.00742675 0.00133154 0.0143765 
0.866687 0.0103568 0.0346108 0.0601193 0.00978649 0.00170564 0.0167342 
0.889196 0.0107208 0.0436031 0.0296455 0.00587206 0.00211604 0.0188461 
0.823434 0.0128958 0.04161 0.0873562 0.00856596 0.0024719 0.0236663 
0.865286 0.0117688 0.0427355 0.0474152 0.00816111 0.00239937 0.0222345 
0.864625 0.0100353 0.0381624 0.0564587 0.0105007 0.00142844 0.0187893 
0.763189 0.0111509 0.0268884 0.178489 0.0117289 0.00141151 0.00714209 
0.847062 0.0115162 0.0339888 0.0686713 0.022726 0.00189959 0.0141358 
0.751432 0.0100942 0.0248183 0.174759 0.0293394 0.00164412 0.00791341 
0.796404 0.0107669 0.0269899 0.132409 0.0219879 0.00186564 0.00957689 
0.851277 0.0106165 0.0326903 0.075001 0.0167228 0.00157508 0.0121176 
0.821292 0.0111395 0.0302727 0.105452 0.0164401 0.00192966 0.0134745 
0.833331 0.00861008 0.0375439 0.0880741 0.0127742 0.00179508 0.0178714 
0.860058 0.00814305 0.0406259 0.0601587 0.0109133 0.00142289 0.0186783 
0.793412 0.00953699 0.0278367 0.134067 0.0194447 0.00233159 0.0133705 
0.791559 0.00914089 0.0270374 0.141462 0.0186581 0.00177374 0.0103687 
0.76311 0.0090039 0.0367118 0.169331 0.00754454 0.0011939 0.0131048 
0.827744 0.0138483 0.0306212 0.105297 0.00934015 0.00129842 0.0118516 
0.82121 0.0126613 0.0310803 0.10317 0.0147318 0.00216418 0.014982 
0.840323 0.0132931 0.028154 0.0949839 0.0109767 0.00136466 0.0109046 
0.830542 0.0116273 0.0310491 0.0952739 0.0119975 0.00178039 0.01773 
0.861588 0.0159173 0.0306103 0.0653204 0.0111199 0.00163498 0.0138086 
0.867758 0.0161594 0.0312443 0.0486333 0.0162325 0.00242448 0.0175477 
0.874439 0.0150465 0.0329514 0.0454159 0.0149588 0.00209735 0.0150908 
0.854562 0.0117475 0.0306023 0.0772616 0.0125694 0.00149407 0.0117633 
0.775489 0.00923347 0.0299984 0.155703 0.0159317 0.00115167 0.012492 
0.80623 0.00849787 0.0285599 0.127744 0.0176476 0.00123575 0.010085 
0.84694 0.0106497 0.0302311 0.0885819 0.0120287 0.0013231 0.0102459 
0.791188 0.00903921 0.0288453 0.140306 0.0158919 0.00134649 0.0133825 
0.817817 0.0114635 0.0260474 0.113399 0.0189746 0.0013817 0.0109173 
0.821482 0.0108702 0.0291256 0.0990563 0.0264408 0.00174853 0.0112768 
0.816186 0.0106572 0.0286399 0.111227 0.0199586 0.0018448 0.0114867 
0.778651 0.0106232 0.0309893 0.145201 0.0173346 0.00207154 0.0151288 
0.803842 0.014235 0.0260181 0.126287 0.0153354 0.00197548 0.0123071 
0.809016 0.0127877 0.0291234 0.120199 0.0105215 0.00217244 0.0161799 
0.840652 0.0120005 0.0300192 0.0727727 0.0217301 0.00270042 0.0201247 
0.829696 0.0146122 0.0227167 0.10176 0.0170935 0.00128564 0.0128361 
0.821517 0.00948012 0.033642 0.0963905 0.0200874 0.00119359 0.0176893 
0.79424 0.0103929 0.0329691 0.131616 0.0112123 0.00135315 0.0182161 
0.851867 0.0125511 0.0342927 0.067584 0.0118358 0.00134868 0.0205209 
0.782618 0.0128589 0.0271644 0.154742 0.011636 9.21357E-4 0.0100592 
0.723469 0.00878728 0.0266258 0.214816 0.014993 0.00100255 0.0103071 
0.813493 0.0112978 0.0244348 0.119852 0.0200321 0.00118356 0.00970675 
0.831492 0.0115214 0.026474 0.108719 0.010566 0.00137718 0.00985038 
0.810271 0.0114095 0.0248265 0.124272 0.0175496 0.00123623 0.0104352 
0.819358 0.0100476 0.0330009 0.107693 0.0134107 0.00154617 0.0149435 
0.779198 0.0106772 0.0292829 0.152306 0.0164214 0.00123938 0.0108749 
0.85587 0.00994789 0.0326069 0.0744116 0.0125502 0.00129155 0.0133221 
0.784599 0.011713 0.0292303 0.15417 0.0108706 0.00110953 0.00830747 
0.802681 0.0120454 0.0299884 0.130062 0.013076 0.00139039 0.0107565 
0.817702 0.0122626 0.0297311 0.1161 0.0112486 0.00125368 0.0117023 
0.865359 0.014638 0.0365686 0.0534823 0.00754663 0.00204743 0.0203578 
0.873649 0.0153835 0.0335744 0.0463153 0.0117848 0.0016045 0.0176884 
0.832203 0.01059 0.0349528 0.0925384 0.0137841 0.00104851 0.0148834 
0.810655 0.00924775 0.0384646 0.111289 0.0111607 0.00150836 0.0176749 
0.823303 0.0118612 0.0387183 0.0844043 0.0128955 0.00174216 0.0270754 
0.847741 0.0107698 0.0401128 0.0783873 0.00621489 0.00143466 0.0153398 
0.812398 0.0100532 0.030408 0.122312 0.0129063 0.00110551 0.0108173 
0.803361 0.0102972 0.0278157 0.116658 0.0277634 0.00116858 0.0129362 
0.806703 0.0124525 0.0241516 0.123329 0.0175743 0.00157864 0.0142106 
0.826249 0.0142296 0.0282955 0.0846573 0.0217771 0.00168894 0.0231026 
0.819878 0.0109478 0.0467301 0.0661851 0.00577618 0.00218189 0.0483007 
0.833727 0.0134046 0.0449652 0.0485384 0.00783741 0.00287862 0.0486488 
0.85625 0.0121009 0.0470129 0.0336855 0.00664306 0.00203051 0.0422766 
0.85941 0.00878407 0.0603007 0.0213913 0.00306746 0.00206003 0.0449862 
0.848823 0.0098249 0.0492089 0.0310649 0.00839928 0.00265893 0.0500196 
0.880271 0.012429 0.0411642 0.0288039 0.00612315 0.00244292 0.0287658 
0.860427 0.0106043 0.0482898 0.0449904 0.00405295 0.00227308 0.029362 
0.843765 0.01225 0.0415216 0.0753936 0.00475459 0.00142866 0.0208863 
0.866941 0.0135143 0.0410912 0.0540425 0.00571854 0.00188417 0.0168079 
0.796505 0.00782149 0.0550858 0.114013 0.00533013 0.00132135 0.0199238 
0.865797 0.0100493 0.0474355 0.0476824 0.00376718 0.00214726 0.0231214 
0.854614 0.0109371 0.0441227 0.0658299 0.0067264 0.00140776 0.0163618 
0.873332 0.0110164 0.0453318 0.0437283 0.0052065 0.00172191 0.0196629 
0.870696 0.0101375 0.0450407 0.0501485 0.00585002 0.00151767 0.016609 
0.858971 0.00956054 0.0463729 0.0500219 0.00500024 0.002692 0.0273813 
0.81085 0.00940999 0.0467236 0.104561 0.0074963 0.00154927 0.0194102 
0.711282 0.0124714 0.035964 0.204762 0.0110947 0.00183291 0.0225931 
0.761361 0.0091497 0.0489848 0.149924 0.00694861 0.00187987 0.0217519 
0.817881 0.00874524 0.0450838 0.0951223 0.0115507 0.0020735 0.0195434 
0.780309 0.0102608 0.0483277 0.125278 0.00883242 0.00198286 0.0250094 
0.83694 0.012419 0.044079 0.0763686 0.00588444 0.00230562 0.0220028 
0.837819 0.013813 0.0426076 0.0798969 0.0058549 0.00181426 0.0181943 
0.833593 0.0128157 0.0449935 0.0808541 0.00746734 0.00180751 0.0184692 
0.848264 0.0111089 0.0313576 0.0785927 0.0149908 0.00213632 0.0135501 
0.810886 0.0111108 0.0377279 0.10397 0.0157628 0.00213014 0.0184117 
0.847363 0.0146212 0.0380447 0.062755 0.0102193 0.00255765 0.0244394 
0.831662 0.0126712 0.0446534 0.0643543 0.00874645 0.00298063 0.0349323 
0.841529 0.0115287 0.0448387 0.0464357 0.00715081 0.00315775 0.0453597 
0.814439 0.0113163 0.0379249 0.0915415 0.00997905 0.00253776 0.0322613 
0.764713 0.0105767 0.0400459 0.138254 0.0104934 0.00248378 0.0334332 
0.730566 0.00921162 0.0473335 0.175946 0.00765192 0.00181318 0.027478 
0.680388 0.0107246 0.0367391 0.231672 0.0142257 0.00296863 0.0232818 
0.683131 0.00604728 0.0440225 0.233422 0.0163605 0.00156648 0.0154499 
0.846034 0.0102567 0.03952 0.0802125 0.0081196 0.00159905 0.0142587 
0.66866 0.0088933 0.0288997 0.272251 0.0121766 0.00127325 0.00784583 
0.764075 0.00897484 0.0332501 0.168353 0.0130321 0.00102427 0.0112902 
0.822426 0.0115934 0.0433549 0.0897465 0.0105235 0.0012355 0.0211205 
0.752893 0.0103126 0.0361268 0.174933 0.00949376 9.88213E-4 0.015253 
0.840438 0.0161472 0.0309203 0.0771869 0.0151833 0.00132299 0.0188012 
0.775068 0.0107141 0.0412383 0.142606 0.00850998 9.60773E-4 0.0209032 
0.849583 0.0153265 0.0376832 0.0625051 0.0082758 0.00125943 0.0253668 
0.843104 0.0221301 0.0381948 0.0530196 0.00758885 0.00208264 0.0338804 
0.821129 0.0129065 0.0474464 0.0785379 0.0038523 0.00166316 0.0344651 
0.853053 0.0170976 0.0391509 0.0644396 0.00595057 0.00139524 0.0189127 
0.799733 0.0113263 0.0497926 0.0872236 0.0058008 0.00234286 0.0437813 
0.806234 0.0105873 0.0539341 0.072194 0.00337778 0.00397034 0.0497022 
0.84142 0.0121459 0.0414042 0.0664659 0.00703445 0.0027033 0.0288264 
0.847237 0.0125308 0.0434639 0.0619782 0.00623671 0.00264707 0.0259069 
0.809559 0.0118392 0.0348542 0.120542 0.0074415 0.00176388 0.0140008 
0.808088 0.0106361 0.0409733 0.10384 0.00644468 0.0027628 0.0272546 
0.783291 0.00895512 0.0424721 0.138656 0.00671934 0.00196337 0.017943 
0.800927 0.0097669 0.0553853 0.100368 0.00426775 0.00220898 0.0270756 
0.832067 0.0101001 0.050697 0.0784263 0.00434424 0.00195815 0.0224074 
0.810731 0.00895134 0.0489815 0.109999 0.00437485 0.00209103 0.0148715 
0.856049 0.00958855 0.0483555 0.0583477 0.00578176 0.00221711 0.0196601 
0.801839 0.0100727 0.0476752 0.110311 0.00623736 0.00190161 0.0219634 
0.830659 0.00900445 0.0540493 0.0811004 0.00439199 0.00200873 0.0187861 
0.810832 0.00943257 0.0500359 0.107859 0.005051 0.0015908 0.0151984 
0.854374 0.0103277 0.0420494 0.0715036 0.00836206 0.00132766 0.0120555 
0.798871 0.0103917 0.036742 0.128555 0.0108184 0.00161334 0.0130084 
0.804469 0.0125182 0.0461797 0.105261 0.00619266 0.00267494 0.0227039 
0.798623 0.0115223 0.0458272 0.102668 0.00511048 0.00457271 0.0316764 
0.84363 0.0113572 0.0482075 0.0661316 0.00411062 0.00231011 0.0242527 
0.824361 0.011215 0.0485289 0.0835952 0.00490483 0.00240593 0.0249889 
0.802305 0.012687 0.0421627 0.108759 0.00817571 0.00253957 0.023371 
0.801847 0.00788798 0.0511365 0.0843566 0.00976709 0.00276483 0.0422397 
0.84175 0.00979828 0.0519479 0.0482393 0.00683383 0.0028626 0.0385676 
0.820971 0.00966989 0.0522884 0.0758468 0.00859847 0.0021541 0.030471 
0.810869 0.00925911 0.0478765 0.0874622 0.0105483 0.00285252 0.0311324 
0.78899 0.00951611 0.0468148 0.113836 0.0115959 0.00159085 0.0276556 
0.791817 0.00924869 0.0366245 0.121598 0.0140393 0.00211907 0.0245528 
0.839599 0.0106849 0.0465741 0.0646 0.0068135 0.00205221 0.0296763 
0.746925 0.0104652 0.0327139 0.164186 0.0244969 0.00221143 0.0190011 
0.824498 0.0108508 0.0382011 0.0834305 0.0167422 0.00248441 0.0237925 
0.807376 0.0115474 0.0360854 0.112954 0.0140121 0.00197406 0.0160503 
0.812958 0.010187 0.0365014 0.110971 0.0122255 0.00206018 0.0150966 
0.740211 0.00920729 0.0511206 0.163077 0.00709277 0.00228743 0.0270045 
0.766207 0.00868337 0.0582564 0.126019 0.00626293 0.0023463 0.0322258 
0.82664 0.01005 0.0442342 0.0869275 0.00849386 0.0019745 0.0216802 
0.80079 0.00968941 0.0481927 0.105897 0.00844236 0.00233621 0.0246529 
0.847663 0.0113631 0.0375165 0.0749671 0.0104344 0.00182481 0.0162307 
0.81843 0.0100635 0.0462922 0.0881602 0.0103057 0.00212097 0.0246272 
0.864827 0.0149694 0.0428749 0.0431971 0.0109468 0.00260753 0.0205772 
0.837171 0.00915098 0.0439611 0.079892 0.0116017 0.00153304 0.0166904 
0.853811 0.00954966 0.0456371 0.0653108 0.00642245 0.00165659 0.0176125 
0.803361 0.00979935 0.0334478 0.131087 0.0111975 0.0012318 0.00987571 
0.786083 0.00921132 0.0318792 0.145218 0.0143387 0.00164813 0.0116217 
0.84703 0.0110587 0.0309626 0.0760778 0.0157703 0.00215703 0.0169434 
0.852977 0.00921831 0.0388421 0.0743047 0.00858681 0.00162318 0.0144478 
0.829477 0.00915272 0.0378168 0.0912656 0.0120913 0.00171806 0.0184781 
0.828726 0.0120238 0.0315474 0.0987532 0.0150453 0.0016817 0.0122229 
0.815148 0.0135729 0.0314985 0.112865 0.0127615 0.0016337 0.0125204 
0.771218 0.00856932 0.0433484 0.136765 0.0113304 0.00194658 0.0268222 
0.806467 0.00952065 0.039343 0.104805 0.0154648 0.00160803 0.0227914 
0.80456 0.00947416 0.035343 0.123358 0.0107871 0.00171764 0.0147594 
0.758306 0.010902 0.0250748 0.175491 0.0178923 0.00142583 0.0109089 
0.852564 0.0141074 0.0326913 0.0708113 0.0133272 0.0016149 0.0148844 
0.849988 0.0137147 0.0271229 0.0779682 0.0175332 0.00139967 0.0122736 
0.869094 0.018391 0.022943 0.0614857 0.0155596 0.00170873 0.0108176 
0.860101 0.0189916 0.0231949 0.0592439 0.0232048 0.00232981 0.0129344 
0.877074 0.0133671 0.0304861 0.0443703 0.013785 0.00189108 0.019026 
0.873914 0.013188 0.0303286 0.0579775 0.00986296 0.00161636 0.0131131 
0.854095 0.0158392 0.0296049 0.0752245 0.0115162 0.00147728 0.0122426 
0.857991 0.0163917 0.0287081 0.068082 0.0132405 0.00174065 0.013846 
0.812179 0.0167673 0.0238614 0.120816 0.0130688 0.0019296 0.0113773 
0.747138 0.0111947 0.0327993 0.171992 0.0107973 0.00308563 0.022993 
0.807243 0.0091066 0.0406975 0.11121 0.00899883 0.00174261 0.0210008 
0.820306 0.0106879 0.0335186 0.105299 0.0105417 0.00202415 0.017622 
0.747196 0.0100006 0.0416042 0.166617 0.0103661 0.00216886 0.0220478 
0.806203 0.0129488 0.0342848 0.117239 0.0125463 0.00187626 0.0149025 
0.694962 0.0148565 0.0267515 0.241665 0.00783565 5.80213E-4 0.0133486 
0.727784 0.0157281 0.0230555 0.20886 0.00973309 0.00105909 0.0137803 
0.728365 0.0135761 0.0147058 0.213149 0.018818 9.38449E-4 0.0104472 
0.798674 0.0155215 0.0189999 0.144007 0.0112771 9.4834E-4 0.0105731 
0.684948 0.0179424 0.014101 0.253648 0.0186016 0.00138885 0.0093707 
0.699376 0.024603 0.0173815 0.236775 0.0110533 8.49997E-4 0.00996053 
0.687978 0.0163132 0.0187265 0.25624 0.00998341 9.16189E-4 0.00984237 
0.80662 0.0181498 0.0170959 0.131753 0.0153596 0.00147565 0.00954598 
0.834493 0.0159435 0.0219882 0.103998 0.00891522 0.00143341 0.0132287 
0.895119 0.0140432 0.0264319 0.0362971 0.00903452 0.00156173 0.0175126 
0.857571 0.012935 0.025082 0.0666692 0.0138697 0.00213066 0.0217421 
0.847064 0.0123358 0.0244604 0.0897463 0.00748857 0.00169608 0.0172091 
0.837846 0.0107144 0.0221424 0.108444 0.0100731 0.0012468 0.00953365 
0.881734 0.0139647 0.0222603 0.0593457 0.00821703 0.00144249 0.0130353 
0.870512 0.0181958 0.0207682 0.0720499 0.006299 0.00140776 0.0107673 
0.869961 0.0187321 0.0193963 0.0725753 0.00980908 0.00132747 0.00819855 
0.839701 0.0123216 0.0183297 0.105871 0.0127188 0.00110194 0.00995631 
0.764337 0.0107717 0.0196147 0.18092 0.0130912 0.00147305 0.00979219 
0.763598 0.0146533 0.0176666 0.172939 0.0195275 0.0012024 0.0104136 
0.820769 0.0117671 0.0216743 0.1177 0.0143508 0.0015267 0.0122117 
0.841493 0.0147608 0.0227916 0.0931346 0.011083 0.00144084 0.0152962 
0.799218 0.0218953 0.0193432 0.131125 0.010871 0.00161185 0.0159357 
0.860129 0.0174961 0.0195203 0.080499 0.00928722 0.00145252 0.0116157 
0.748739 0.0120438 0.0211856 0.180106 0.0210481 0.0013317 0.0155461 
0.690032 0.0115142 0.0213116 0.242066 0.0140701 0.0012736 0.0197318 
0.808967 0.0170036 0.0210994 0.132212 0.0103098 9.70108E-4 0.00943779 
0.811116 0.00948367 0.0368346 0.122734 0.00519948 6.41744E-4 0.0139901 
0.865276 0.00830312 0.0422744 0.0635385 0.00460456 9.96511E-4 0.0150066 
0.83389 0.00803798 0.0258086 0.113227 0.0117746 8.51122E-4 0.00641022 
0.905813 0.0120297 0.0295578 0.0344386 0.00812388 8.54248E-4 0.00918229 
0.889982 0.0114974 0.0242191 0.0534299 0.0101371 9.86373E-4 0.00974857 
0.894181 0.0131419 0.0218498 0.0478826 0.0124751 0.00137589 0.00909332 
0.874822 0.0104293 0.0381827 0.049732 0.00694707 8.59186E-4 0.019028 
0.817431 0.016598 0.0340144 0.103172 0.0046569 0.00130003 0.0228278 
0.846203 0.0209659 0.0225419 0.0834228 0.00747217 0.00162323 0.0177714 
0.605566 0.134572 0.00884155 0.231871 0.0129811 0.00197959 0.00418807 
0.543779 0.106932 0.00903644 0.324143 0.0114953 0.00157269 0.00304204 
0.363392 0.202753 0.00431872 0.396142 0.0271213 0.00171595 0.00455683 
0.511652 0.0942324 0.0207455 0.355652 0.00803839 0.00166811 0.008012 
0.474562 0.0859194 0.0167446 0.406304 0.0106567 0.00139879 0.00441455 
0.627137 0.0767685 0.0179501 0.262724 0.0090899 0.00247965 0.00385031 
0.707966 0.0541063 0.026217 0.192756 0.00965294 0.00321743 0.00608358 
0.726436 0.0361303 0.0502169 0.163584 0.00513807 0.0040006 0.0144942 
0.617291 0.0434756 0.0563789 0.260454 0.00507327 0.00325121 0.0140759 
0.513953 0.0326294 0.041205 0.39899 0.00755685 0.00170309 0.00396223 
0.407384 0.0728121 0.0128286 0.494399 0.00899359 6.68202E-4 0.00291544 
0.547281 0.0507485 0.018906 0.367466 0.0101712 0.00110571 0.00432107 
0.428243 0.0370312 0.0267105 0.497371 0.00758431 7.73546E-4 0.00228635 
0.490357 0.067413 0.0128127 0.413864 0.0121639 8.62074E-4 0.00252693 
0.545526 0.0509331 0.0220445 0.364725 0.0113586 0.00109092 0.00432229 
0.739668 0.0527369 0.0158837 0.171132 0.0148428 0.00174012 0.0039966 
0.790541 0.0627118 0.0103207 0.104346 0.0215787 0.00180621 0.00869623 
0.861433 0.0329706 0.0151035 0.0668162 0.00388328 0.00263322 0.0171605 
0.748619 0.0954501 0.0177129 0.0538278 0.00769757 0.00314984 0.0735432 
0.501301 0.0956777 0.03593 0.278293 0.00143941 0.00474643 0.082612 
0.758374 0.102689 0.0143311 0.101301 0.00683314 0.00191718 0.0145537 
0.720435 0.0495484 0.0139279 0.186266 0.00715019 0.00327723 0.0193954 
0.569591 0.136065 0.0244123 0.229335 0.0028223 0.00180432 0.0359694 
0.444681 0.144151 0.0169315 0.373714 0.00391355 0.00142776 0.01518 
0.699336 0.123949 0.0140426 0.108972 0.00897912 0.00261541 0.042106 
0.0999015 0.13677 0.0193904 0.324254 0.357742 0.0138942 0.0480482 
0.279706 0.535145 0.00192984 0.131637 0.0422841 0.00279017 0.00650802 
0.109532 0.396858 0.0223431 0.245394 0.180068 0.0178849 0.0279191 
0.0116457 0.00964405 2.29526E-4 0.0077037 0.968563 0.00161123 6.02709E-4 
0.0397676 0.094189 0.0161468 0.223775 0.59677 0.0123422 0.0170094 
0.0427336 0.0811538 0.0156869 0.163931 0.65704 0.0201779 0.0192777 
0.0269113 0.0573132 0.00940398 0.125417 0.755508 0.0160251 0.00942108 
0.0209263 0.124883 0.00880674 0.12324 0.693969 0.0190359 0.00913879 
0.0204793 0.164375 0.00917122 0.128939 0.6459 0.0221158 0.00902067 
0.0332141 0.134921 0.0191708 0.184492 0.576936 0.0336688 0.0175972 
0.03245 0.100393 0.0199683 0.18651 0.608413 0.0346393 0.0176263 
0.0511889 0.208766 0.0332844 0.212428 0.404103 0.061432 0.0287979 
0.0621773 0.26233 0.0416727 0.221373 0.299987 0.0761467 0.0363128 
0.0218187 0.685533 0.0137105 0.0679387 0.165678 0.0343334 0.0109876 
0.0334358 0.480686 0.0218236 0.1342 0.25859 0.0507321 0.0205325 
0.0424404 0.22497 0.0296368 0.214821 0.400537 0.059491 0.0281042 
0.0122814 0.851542 0.00487575 0.0507327 0.0652134 0.0130692 0.00228534 
0.00377297 0.963352 0.00165581 0.0199893 0.00122173 0.00992568 8.24958E-5 
0.0244809 0.683036 0.0103242 0.254586 0.00566954 0.0213375 5.66354E-4 
0.0109066 0.864442 0.00223096 0.104519 0.00615371 0.0115611 1.85851E-4 
0.00407219 0.832804 0.00116812 0.0937766 0.0253638 0.0418093 0.00100591 
0.00422519 0.801394 0.00133088 0.128429 0.019582 0.0439874 0.00105211 
0.00359007 0.766087 0.00110319 0.178318 0.00894083 0.0411419 8.19342E-4 
0.00353712 0.829012 0.00108098 0.144091 0.00245962 0.0195679 2.51483E-4 
0.00384825 0.895079 8.9772E-4 0.056922 0.00742925 0.0352767 5.46848E-4 
0.00287491 0.89927 7.48271E-4 0.0623535 0.00322409 0.0311285 4.00971E-4 
0.00302655 0.808655 7.41328E-4 0.147961 0.00247041 0.0365408 6.04784E-4 
0.00478896 0.724063 0.00202205 0.151153 0.00678805 0.108243 0.00294318 
0.00267117 0.704276 9.01609E-4 0.117145 0.00496138 0.167748 0.00229686 
0.0013301 0.882196 3.28017E-4 0.0815244 0.00558277 0.0283552 6.83308E-4 
0.00239743 0.90276 5.4582E-4 0.0523766 0.00314399 0.0379454 8.31029E-4 
0.00308827 0.850266 7.11123E-4 0.125168 0.0155248 0.00492318 3.1849E-4 
0.847487 0.0129984 0.0394314 0.0654422 0.0119839 0.00130206 0.0213551 
0.877713 0.0203529 0.0322173 0.0411793 0.00845168 0.00170511 0.0183811 
0.859692 0.0120353 0.0344747 0.0715558 0.00743395 0.0013687 0.0134394 
0.879888 0.0134909 0.0285192 0.0492728 0.0132922 0.00171259 0.0138246 
0.881942 0.021749 0.0261417 0.0362866 0.0170871 0.00178048 0.0150129 
0.874098 0.0223292 0.0330244 0.0298482 0.0180978 0.0024981 0.0201039 
0.86265 0.0202751 0.0292582 0.0466884 0.022052 0.00164814 0.017428 
0.822079 0.0115291 0.0279185 0.115339 0.0144414 0.00111021 0.00758275 
0.671738 0.00854694 0.0237226 0.267084 0.0192209 0.00111238 0.00857458 
0.86502 0.0131686 0.0351594 0.0677081 0.00704696 0.00136792 0.0105291 
0.860584 0.0115839 0.0480758 0.0614942 0.00422077 0.00123374 0.0128078 
0.884642 0.0093966 0.0462746 0.0382991 0.0054488 0.00109246 0.0148462 
0.868004 0.00804094 0.0560271 0.0335639 0.00488112 0.00143949 0.0280431 
0.887705 0.0102199 0.0456142 0.0392156 0.00447963 9.80747E-4 0.0117853 
0.856627 0.00762866 0.0521261 0.0504046 0.0052569 0.00158805 0.0263689 
0.866369 0.00710946 0.0455026 0.05241 0.00845901 9.73057E-4 0.0191769 
0.813614 0.00395622 0.0607198 0.0676784 0.0183835 0.00182563 0.0338222 
0.861285 0.00440102 0.0678004 0.0436144 0.00805886 7.40281E-4 0.0140999 
0.841672 0.00350672 0.0594095 0.056926 0.0211338 8.12696E-4 0.0165394 
0.788843 0.00531513 0.0429498 0.131662 0.0197692 8.24125E-4 0.0106368 
0.733363 0.00642605 0.0258475 0.184969 0.0407195 8.15905E-4 0.00785879 
0.815495 0.00637154 0.0287587 0.0953223 0.0411448 0.00113202 0.0117751 
0.565038 0.00560494 0.0214064 0.357047 0.0423302 7.19906E-4 0.00785392 
0.727938 0.00777922 0.0270033 0.170529 0.049985 9.53855E-4 0.0158113 
0.690881 0.00598437 0.0297054 0.238746 0.0201573 5.92578E-4 0.0139342 
0.860798 0.00814036 0.0292259 0.065151 0.0203094 7.92212E-4 0.0155832 
0.853803 0.0058907 0.050013 0.0559698 0.00810201 0.00111461 0.025107 
0.868966 0.00950918 0.0425114 0.0422343 0.0103815 0.00179829 0.024599 
0.847333 0.0120172 0.0591004 0.0157772 0.0046454 0.00158156 0.0595452 
0.843698 0.0085753 0.08427 0.0095967 0.00163121 9.71067E-4 0.051258 
0.902439 0.0204197 0.0300043 0.00279727 0.00459883 0.00494338 0.034797 
0.860782 0.0228943 0.0539427 0.00144597 0.00173826 0.00775209 0.0514442 
0.439319 0.0693232 0.0955924 0.00396238 0.0239681 0.0297922 0.338043 
0.72611 0.0749743 0.0455101 0.00145021 0.00613724 0.0128567 0.132962 
0.637304 0.0132066 0.0628173 0.226882 0.0239226 0.00580334 0.0300645 
0.594484 0.0140667 0.0960796 0.114145 0.00849976 0.0146382 0.158086 
0.671052 0.00764963 0.149883 0.0165312 0.00247095 0.0164598 0.135954 
0.692222 0.00795662 0.121694 0.00767426 0.00153031 0.0189636 0.149958 
0.503448 0.00870199 0.161462 0.00149414 8.49836E-4 0.0619926 0.262052 
0.543777 0.00647519 0.185664 0.00297909 0.00197385 0.0527152 0.206416 
0.528306 0.00616048 0.166967 0.0237637 0.00395669 0.0345938 0.236252 
0.581245 0.00734337 0.148043 0.0462226 0.0079598 0.0405655 0.168621 
0.691436 0.012022 0.0976393 0.0605837 0.0181839 0.0396202 0.0805147 
0.732791 0.0144661 0.0845365 0.0460526 0.0091444 0.0337151 0.0792943 
0.717855 0.0134754 0.103279 0.0356725 0.00997687 0.0256346 0.0941065 
0.708998 0.0119494 0.0876153 0.0473149 0.0160535 0.0277054 0.100364 
0.769443 0.0121731 0.0876219 0.0334214 0.00872629 0.023869 0.0647456 
0.390701 0.0139666 0.309226 0.0918296 0.0150788 0.121125 0.0580721 
0.303206 0.00837105 0.580858 0.00934002 0.00796852 0.0544399 0.0358166 
0.351196 0.00898652 0.381755 0.0835923 0.0123438 0.0698459 0.0922796 
0.122619 0.0189338 0.0517715 0.0211943 0.0137802 0.753369 0.0183329 
0.281342 0.0456034 0.111441 0.0932495 0.0751053 0.361941 0.0313187 
0.0560698 0.00832696 0.0214154 0.79386 0.0995382 0.0120438 0.00874593 
0.258365 0.0164804 0.0619329 0.554997 0.0558876 0.0318573 0.0204797 
0.622466 0.0248522 0.0650613 0.200757 0.035266 0.0282163 0.0233805 
0.710949 0.0252377 0.0877171 0.109682 0.020612 0.0180398 0.0277628 
0.509712 0.0237994 0.0722293 0.289156 0.0499871 0.0351067 0.0200096 
0.577861 0.0339988 0.0653165 0.175098 0.0727332 0.0524414 0.0225514 
0.674509 0.0219671 0.0942106 0.130595 0.0317969 0.0187605 0.02816 
0.685575 0.0255172 0.0839933 0.102147 0.0552924 0.0178099 0.0296646 
0.756795 0.0284667 0.0699831 0.0502226 0.0497493 0.0214197 0.0233632 
0.733908 0.023599 0.0845059 0.0596579 0.0400572 0.0262687 0.0320035 
0.725697 0.0258156 0.0895288 0.0757754 0.0264349 0.022296 0.0344519 
0.751993 0.0197431 0.100305 0.0506025 0.0261868 0.0169156 0.0342541 
0.800361 0.0223537 0.0898533 0.0261523 0.0151224 0.0175458 0.0286117 
0.7621 0.0132088 0.102071 0.0652405 0.0175242 0.0158956 0.023959 
0.741753 0.0125458 0.144574 0.0175413 0.0146835 0.0288067 0.0400958 
0.739603 0.0146025 0.133152 0.012581 0.00744075 0.042518 0.0501031 
0.739745 0.0165295 0.127821 0.0132179 0.0210575 0.0335465 0.0480823 
0.790379 0.0123282 0.111796 0.0154412 0.0215612 0.0188051 0.0296888 
0.684216 0.0095926 0.178186 0.0210505 0.00901186 0.0356116 0.0623311 
0.680617 0.0072454 0.174965 0.0488537 0.00593706 0.0261971 0.0561843 
0.686936 0.00838719 0.160565 0.0390952 0.014827 0.0398503 0.0503392 
0.742096 0.00979807 0.0921303 0.0807569 0.0186584 0.0316781 0.0248824 
0.768094 0.0127173 0.0881957 0.0600582 0.0167424 0.0241924 0.0300003 
0.758507 0.0108923 0.0789269 0.0781923 0.0188802 0.02937 0.0252315 
0.722096 0.0113053 0.0679317 0.155352 0.0131917 0.00979842 0.0203244 
0.804942 0.0142701 0.0785787 0.0539879 0.0120804 0.010765 0.0253755 
0.783543 0.0138623 0.0701472 0.0885349 0.0121105 0.0102491 0.0215528 
0.6862 0.0100458 0.0519013 0.220473 0.0101005 0.00472041 0.0165592 
0.63648 0.00959312 0.0559798 0.26026 0.0127288 0.00554189 0.0194172 
0.792091 0.0127556 0.0510931 0.11518 0.00776801 0.00371049 0.0174022 
0.794401 0.0158705 0.0538448 0.101477 0.00877975 0.00550446 0.0201221 
0.783977 0.0176282 0.05385 0.109758 0.008567 0.00518967 0.0210307 
0.757853 0.0170271 0.0663951 0.122076 0.0040957 0.0057454 0.0268076 
0.822696 0.0225697 0.0533158 0.0679252 0.00708517 0.00613512 0.0202731 
0.799283 0.0211039 0.0606553 0.0815893 0.010687 0.0069037 0.019778 
0.680349 0.0254825 0.135292 0.077778 0.0144591 0.0415725 0.0250671 
0.629767 0.0363461 0.198362 0.0154671 0.0168351 0.0758929 0.0273298 
0.774918 0.0152211 0.088548 0.0731229 0.00936294 0.00728996 0.031537 
0.591245 0.113266 0.0272899 0.132311 0.00973672 0.00380035 0.122351 
0.568144 0.203886 0.0266911 0.0445268 0.0278963 0.0246979 0.104159 
0.453085 0.273776 0.0220617 0.0602644 0.0165441 0.147799 0.0264693 
0.191208 0.132736 0.0196908 0.0210902 0.0100647 0.613901 0.0113089 
0.580377 0.1134 0.0310251 0.0270811 0.0502135 0.179351 0.0185529 
0.61615 0.131778 0.0336259 0.023306 0.0304656 0.144447 0.0202277 
0.525048 0.167929 0.0247304 0.051771 0.116108 0.10302 0.0113931 
0.586925 0.125674 0.0290667 0.0640756 0.0801715 0.0990467 0.0150397 
0.653011 0.0887556 0.0430416 0.0440135 0.0389913 0.111305 0.0208829 
0.633194 0.107172 0.0379895 0.0501031 0.0273463 0.127918 0.016277 
0.646328 0.0945902 0.037939 0.0367597 0.0148616 0.150536 0.0189857 
0.612559 0.0804336 0.0358602 0.090981 0.0181841 0.140338 0.0216444 
0.594381 0.104469 0.0241994 0.13938 0.0720463 0.0491993 0.0163248 
0.426141 0.0613881 0.0146025 0.290345 0.17394 0.0223967 0.0111877 
0.476224 0.0594527 0.0126804 0.273223 0.153726 0.0130178 0.011676 
0.497362 0.0541732 0.0192258 0.328456 0.0766394 0.0108012 0.0133426 
0.435786 0.0432663 0.0170244 0.355047 0.129992 0.0085223 0.0103617 
0.438043 0.047453 0.0148244 0.362628 0.1208 0.00715376 0.00909803 
0.409331 0.0431078 0.0185841 0.408662 0.103601 0.00626813 0.0104458 
0.568038 0.0317945 0.037722 0.290002 0.0498216 0.00634763 0.016274 
0.680237 0.0233196 0.0482821 0.181058 0.0376022 0.00931363 0.0201872 
0.653957 0.0158739 0.0460642 0.218102 0.0362018 0.00921061 0.0205898 
0.642662 0.0175215 0.0437215 0.228142 0.0372935 0.00968036 0.0209796 
0.576982 0.0141872 0.0369136 0.329262 0.0204477 0.00556604 0.0166413 
0.676329 0.0187825 0.0437368 0.188214 0.0382855 0.0101468 0.0245055 
0.702545 0.0154509 0.0632236 0.137067 0.0362282 0.0108753 0.0346099 
0.635265 0.0134597 0.149184 0.0680618 0.0424389 0.0318563 0.0597342 
0.647501 0.00970894 0.207965 0.0617268 0.0209866 0.0231761 0.0289356 
0.610027 0.00841921 0.151765 0.143535 0.0597614 0.0100375 0.0164549 
0.234885 0.00307585 0.662214 0.0359619 0.00600387 0.0147579 0.0431007 
0.118471 0.00215705 0.789616 0.0368143 0.0048427 0.00667993 0.0414188 
0.327763 0.002472 0.606457 0.0292981 0.00341505 0.00730582 0.0232888 
0.313615 0.0029008 0.608671 0.00227884 0.00172194 0.00805775 0.0627545 
0.561164 0.00747314 0.310934 0.00487432 0.0171291 0.00589001 0.0925357 
0.46808 0.00665486 0.418709 0.0111047 0.0142535 0.0139133 0.0672854 
0.796604 0.00596597 0.0719889 0.0719063 0.0134424 0.00717868 0.0329139 
0.769664 0.00611453 0.0943562 0.0762159 0.0146617 0.00365596 0.0353313 
0.495129 0.00651458 0.0462474 0.415785 0.0190262 0.00301447 0.0142833 
0.671265 0.0160893 0.0906449 0.154492 0.038464 0.0101273 0.0189178 
0.488049 0.010745 0.0521391 0.420084 0.0104515 0.00481734 0.0137141 
0.508279 0.0191484 0.0338834 0.417331 0.0104157 0.00343091 0.00751168 
0.765806 0.0484797 0.0411028 0.0695402 0.0493749 0.00982902 0.0158677 
0.847487 0.0129984 0.0394314 0.0654422 0.0119839 0.00130206 0.0213551 
0.877713 0.0203529 0.0322173 0.0411793 0.00845168 0.00170511 0.0183811 
0.859692 0.0120353 0.0344747 0.0715558 0.00743395 0.0013687 0.0134394 
0.879888 0.0134909 0.0285192 0.0492728 0.0132922 0.00171259 0.0138246 
0.881942 0.021749 0.0261417 0.0362866 0.0170871 0.00178048 0.0150129 
0.874098 0.0223292 0.0330244 0.0298482 0.0180978 0.0024981 0.0201039 
0.86265 0.0202751 0.0292582 0.0466884 0.022052 0.00164814 0.017428 
0.822079 0.0115291 0.0279185 0.115339 0.0144414 0.00111021 0.00758275 
0.671738 0.00854694 0.0237226 0.267084 0.0192209 0.00111238 0.00857458 
0.86502 0.0131686 0.0351594 0.0677081 0.00704696 0.00136792 0.0105291 
0.860584 0.0115839 0.0480758 0.0614942 0.00422077 0.00123374 0.0128078 
0.884642 0.0093966 0.0462746 0.0382991 0.0054488 0.00109246 0.0148462 
0.868004 0.00804094 0.0560271 0.0335639 0.00488112 0.00143949 0.0280431 
0.887705 0.0102199 0.0456142 0.0392156 0.00447963 9.80747E-4 0.0117853 
0.856627 0.00762866 0.0521261 0.0504046 0.0052569 0.00158805 0.0263689 
0.866369 0.00710946 0.0455026 0.05241 0.00845901 9.73057E-4 0.0191769 
0.813614 0.00395622 0.0607198 0.0676784 0.0183835 0.00182563 0.0338222 
0.861285 0.00440102 0.0678004 0.0436144 0.00805886 7.40281E-4 0.0140999 
0.841672 0.00350672 0.0594095 0.056926 0.0211338 8.12696E-4 0.0165394 
0.788843 0.00531513 0.0429498 0.131662 0.0197692 8.24125E-4 0.0106368 
0.733363 0.00642605 0.0258475 0.184969 0.0407195 8.15905E-4 0.00785879 
0.815495 0.00637154 0.0287587 0.0953223 0.0411448 0.00113202 0.0117751 
0.565038 0.00560494 0.0214064 0.357047 0.0423302 7.19906E-4 0.00785392 
0.727938 0.00777922 0.0270033 0.170529 0.049985 9.53855E-4 0.0158113 
0.690881 0.00598437 0.0297054 0.238746 0.0201573 5.92578E-4 0.0139342 
0.860798 0.00814036 0.0292259 0.065151 0.0203094 7.92212E-4 0.0155832 
0.853803 0.0058907 0.050013 0.0559698 0.00810201 0.00111461 0.025107 
0.868966 0.00950918 0.0425114 0.0422343 0.0103815 0.00179829 0.024599 
0.847333 0.0120172 0.0591004 0.0157772 0.0046454 0.00158156 0.0595452 
0.843698 0.0085753 0.08427 0.0095967 0.00163121 9.71067E-4 0.051258 
0.902439 0.0204197 0.0300043 0.00279727 0.00459883 0.00494338 0.034797 
0.860782 0.0228943 0.0539427 0.00144597 0.00173826 0.00775209 0.0514442 
0.439319 0.0693232 0.0955924 0.00396238 0.0239681 0.0297922 0.338043 
0.72611 0.0749743 0.0455101 0.00145021 0.00613724 0.0128567 0.132962 
0.637304 0.0132066 0.0628173 0.226882 0.0239226 0.00580334 0.0300645 
0.594484 0.0140667 0.0960796 0.114145 0.00849976 0.0146382 0.158086 
0.671052 0.00764963 0.149883 0.0165312 0.00247095 0.0164598 0.135954 
0.692222 0.00795662 0.121694 0.00767426 0.00153031 0.0189636 0.149958 
0.503448 0.00870199 0.161462 0.00149414 8.49836E-4 0.0619926 0.262052 
0.543777 0.00647519 0.185664 0.00297909 0.00197385 0.0527152 0.206416 
0.528306 0.00616048 0.166967 0.0237637 0.00395669 0.0345938 0.236252 
0.581245 0.00734337 0.148043 0.0462226 0.0079598 0.0405655 0.168621 
0.691436 0.012022 0.0976393 0.0605837 0.0181839 0.0396202 0.0805147 
0.732791 0.0144661 0.0845365 0.0460526 0.0091444 0.0337151 0.0792943 
0.717855 0.0134754 0.103279 0.0356725 0.00997687 0.0256346 0.0941065 
0.708998 0.0119494 0.0876153 0.0473149 0.0160535 0.0277054 0.100364 
0.769443 0.0121731 0.0876219 0.0334214 0.00872629 0.023869 0.0647456 
0.390701 0.0139666 0.309226 0.0918296 0.0150788 0.121125 0.0580721 
0.303206 0.00837105 0.580858 0.00934002 0.00796852 0.0544399 0.0358166 
0.351196 0.00898652 0.381755 0.0835923 0.0123438 0.0698459 0.0922796 
0.122619 0.0189338 0.0517715 0.0211943 0.0137802 0.753369 0.0183329 
0.281342 0.0456034 0.111441 0.0932495 0.0751053 0.361941 0.0313187 
0.0560698 0.00832696 0.0214154 0.79386 0.0995382 0.0120438 0.00874593 
0.258365 0.0164804 0.0619329 0.554997 0.0558876 0.0318573 0.0204797 
0.622466 0.0248522 0.0650613 0.200757 0.035266 0.0282163 0.0233805 
0.710949 0.0252377 0.0877171 0.109682 0.020612 0.0180398 0.0277628 
0.509712 0.0237994 0.0722293 0.289156 0.0499871 0.0351067 0.0200096 
0.577861 0.0339988 0.0653165 0.175098 0.0727332 0.0524414 0.0225514 
0.674509 0.0219671 0.0942106 0.130595 0.0317969 0.0187605 0.02816 
0.685575 0.0255172 0.0839933 0.102147 0.0552924 0.0178099 0.0296646 
0.756795 0.0284667 0.0699831 0.0502226 0.0497493 0.0214197 0.0233632 
0.733908 0.023599 0.0845059 0.0596579 0.0400572 0.0262687 0.0320035 
0.725697 0.0258156 0.0895288 0.0757754 0.0264349 0.022296 0.0344519 
0.751993 0.0197431 0.100305 0.0506025 0.0261868 0.0169156 0.0342541 
0.800361 0.0223537 0.0898533 0.0261523 0.0151224 0.0175458 0.0286117 
0.7621 0.0132088 0.102071 0.0652405 0.0175242 0.0158956 0.023959 
0.741753 0.0125458 0.144574 0.0175413 0.0146835 0.0288067 0.0400958 
0.739603 0.0146025 0.133152 0.012581 0.00744075 0.042518 0.0501031 
0.739745 0.0165295 0.127821 0.0132179 0.0210575 0.0335465 0.0480823 
0.790379 0.0123282 0.111796 0.0154412 0.0215612 0.0188051 0.0296888 
0.684216 0.0095926 0.178186 0.0210505 0.00901186 0.0356116 0.0623311 
0.680617 0.0072454 0.174965 0.0488537 0.00593706 0.0261971 0.0561843 
0.686936 0.00838719 0.160565 0.0390952 0.014827 0.0398503 0.0503392 
0.742096 0.00979807 0.0921303 0.0807569 0.0186584 0.0316781 0.0248824 
0.768094 0.0127173 0.0881957 0.0600582 0.0167424 0.0241924 0.0300003 
0.758507 0.0108923 0.0789269 0.0781923 0.0188802 0.02937 0.0252315 
0.722096 0.0113053 0.0679317 0.155352 0.0131917 0.00979842 0.0203244 
0.804942 0.0142701 0.0785787 0.0539879 0.0120804 0.010765 0.0253755 
0.783543 0.0138623 0.0701472 0.0885349 0.0121105 0.0102491 0.0215528 
0.6862 0.0100458 0.0519013 0.220473 0.0101005 0.00472041 0.0165592 
0.63648 0.00959312 0.0559798 0.26026 0.0127288 0.00554189 0.0194172 
0.792091 0.0127556 0.0510931 0.11518 0.00776801 0.00371049 0.0174022 
0.794401 0.0158705 0.0538448 0.101477 0.00877975 0.00550446 0.0201221 
0.783977 0.0176282 0.05385 0.109758 0.008567 0.00518967 0.0210307 
0.757853 0.0170271 0.0663951 0.122076 0.0040957 0.0057454 0.0268076 
0.822696 0.0225697 0.0533158 0.0679252 0.00708517 0.00613512 0.0202731 
0.799283 0.0211039 0.0606553 0.0815893 0.010687 0.0069037 0.019778 
0.680349 0.0254825 0.135292 0.077778 0.0144591 0.0415725 0.0250671 
0.629767 0.0363461 0.198362 0.0154671 0.0168351 0.0758929 0.0273298 
0.774918 0.0152211 0.088548 0.0731229 0.00936294 0.00728996 0.031537 
0.591245 0.113266 0.0272899 0.132311 0.00973672 0.00380035 0.122351 
0.568144 0.203886 0.0266911 0.0445268 0.0278963 0.0246979 0.104159 
0.453085 0.273776 0.0220617 0.0602644 0.0165441 0.147799 0.0264693 
0.191208 0.132736 0.0196908 0.0210902 0.0100647 0.613901 0.0113089 
0.580377 0.1134 0.0310251 0.0270811 0.0502135 0.179351 0.0185529 
0.61615 0.131778 0.0336259 0.023306 0.0304656 0.144447 0.0202277 
0.525048 0.167929 0.0247304 0.051771 0.116108 0.10302 0.0113931 
0.586925 0.125674 0.0290667 0.0640756 0.0801715 0.0990467 0.0150397 
0.653011 0.0887556 0.0430416 0.0440135 0.0389913 0.111305 0.0208829 
0.633194 0.107172 0.0379895 0.0501031 0.0273463 0.127918 0.016277 
0.646328 0.0945902 0.037939 0.0367597 0.0148616 0.150536 0.0189857 
0.612559 0.0804336 0.0358602 0.090981 0.0181841 0.140338 0.0216444 
0.594381 0.104469 0.0241994 0.13938 0.0720463 0.0491993 0.0163248 
0.426141 0.0613881 0.0146025 0.290345 0.17394 0.0223967 0.0111877 
0.476224 0.0594527 0.0126804 0.273223 0.153726 0.0130178 0.011676 
0.497362 0.0541732 0.0192258 0.328456 0.0766394 0.0108012 0.0133426 
0.435786 0.0432663 0.0170244 0.355047 0.129992 0.0085223 0.0103617 
0.438043 0.047453 0.0148244 0.362628 0.1208 0.00715376 0.00909803 
0.409331 0.0431078 0.0185841 0.408662 0.103601 0.00626813 0.0104458 
0.568038 0.0317945 0.037722 0.290002 0.0498216 0.00634763 0.016274 
0.680237 0.0233196 0.0482821 0.181058 0.0376022 0.00931363 0.0201872 
0.653957 0.0158739 0.0460642 0.218102 0.0362018 0.00921061 0.0205898 
0.642662 0.0175215 0.0437215 0.228142 0.0372935 0.00968036 0.0209796 
0.576982 0.0141872 0.0369136 0.329262 0.0204477 0.00556604 0.0166413 
0.676329 0.0187825 0.0437368 0.188214 0.0382855 0.0101468 0.0245055 
0.702545 0.0154509 0.0632236 0.137067 0.0362282 0.0108753 0.0346099 
0.635265 0.0134597 0.149184 0.0680618 0.0424389 0.0318563 0.0597342 
0.647501 0.00970894 0.207965 0.0617268 0.0209866 0.0231761 0.0289356 
0.610027 0.00841921 0.151765 0.143535 0.0597614 0.0100375 0.0164549 
0.234885 0.00307585 0.662214 0.0359619 0.00600387 0.0147579 0.0431007 
0.118471 0.00215705 0.789616 0.0368143 0.0048427 0.00667993 0.0414188 
0.327763 0.002472 0.606457 0.0292981 0.00341505 0.00730582 0.0232888 
0.916041 0.0116512 0.0415598 0.00673732 0.0019963 0.00186085 0.0201533 
0.908175 0.0142292 0.0431826 0.00959687 0.00241463 0.00166962 0.0207326 
0.902709 0.0150776 0.0373587 0.0134762 0.00254935 0.00243456 0.0263945 
0.900247 0.0169251 0.0365017 0.0130535 0.00336567 0.00503269 0.0248749 
0.903724 0.0189829 0.0321219 0.0125911 0.00359755 0.00289966 0.0260833 
0.907104 0.0182127 0.0290403 0.0192743 0.00375723 0.00293113 0.0196799 
0.896202 0.0123714 0.0423823 0.0182134 0.00201719 0.00283285 0.0259808 
0.890194 0.0128909 0.0406531 0.0214939 0.00261341 0.00276596 0.0293888 
0.890009 0.0139924 0.037902 0.0317515 0.00341088 0.002862 0.0200724 
0.894415 0.0116106 0.0427659 0.0151601 0.00295797 0.00264043 0.0304502 
0.895836 0.0154152 0.0327572 0.0213081 0.00738121 0.00256372 0.0247384 
0.889878 0.0142951 0.0410818 0.0135085 0.00605294 0.00250461 0.0326796 
0.901491 0.0246733 0.0279812 0.012702 0.00662606 0.00358018 0.0229466 
0.896491 0.0268913 0.0293514 0.0125005 0.00820744 0.00384963 0.0227089 
0.901746 0.0251049 0.0318746 0.00890818 0.00488165 0.00485464 0.0226305 
0.900022 0.0212079 0.0318116 0.0121902 0.00564861 0.00432266 0.0247967 
0.872549 0.0154944 0.0318099 0.0441608 0.00554945 0.00440247 0.026034 
0.891368 0.018431 0.0245549 0.0301064 0.0100627 0.00288512 0.0225917 
0.901752 0.0185497 0.0252706 0.0331225 0.00410192 0.00253427 0.0146694 
0.902609 0.0291411 0.0206053 0.0199477 0.0112252 0.00289578 0.0135757 
0.915153 0.0263154 0.0184596 0.0183719 0.00898063 0.00276397 0.00995587 
0.922716 0.015334 0.0244643 0.0174678 0.0055852 0.00181197 0.0126207 
0.917825 0.0153305 0.0314762 0.0186025 0.00375365 0.00168861 0.0113241 
0.918788 0.0137182 0.0366489 0.0128385 0.00383147 0.00131571 0.0128591 
0.903946 0.0194643 0.0288346 0.0272123 0.00520097 0.00182184 0.0135198 
0.906374 0.0148111 0.0338348 0.0246636 0.00537588 0.00169392 0.0132468 
0.910721 0.0145177 0.0275829 0.0240876 0.00724373 0.0023403 0.0135067 
0.908747 0.0201509 0.0315145 0.0174708 0.00495802 0.00284775 0.0143105 
0.901525 0.0115108 0.0366453 0.0165557 0.00709922 0.00234493 0.0243194 
0.889269 0.0121568 0.0401127 0.0147523 0.00457514 0.00350136 0.035633 
0.901902 0.0133058 0.0389846 0.0107205 0.00458743 0.00247486 0.0280247 
0.911354 0.014841 0.0347414 0.00875819 0.00798133 0.0027583 0.0195658 
0.916923 0.0123178 0.0388846 0.00990657 0.00410142 0.00219866 0.0156675 
0.903255 0.0103676 0.0477067 0.0116692 0.00390684 0.00173898 0.0213557 
0.900049 0.014511 0.0351641 0.0171051 0.00805984 0.00193484 0.0231759 
0.888586 0.0144554 0.0476929 0.0152996 0.00831934 8.96199E-4 0.0247508 
0.894044 0.0117044 0.0382823 0.0262514 0.00839378 8.9167E-4 0.0204329 
0.888972 0.0133257 0.0418138 0.0171509 0.0109857 0.00115673 0.0265949 
0.894933 0.0124542 0.0363646 0.0237878 0.00858825 0.00100607 0.0228664 
0.893844 0.0125972 0.0393875 0.0195296 0.00572285 0.00130855 0.0276103 
0.896184 0.0165838 0.039854 0.010181 0.00900351 0.00176272 0.0264305 
0.900758 0.0134266 0.0448918 0.015451 0.00604587 0.00133632 0.0180901 
0.893409 0.00862359 0.0517298 0.0130119 0.00659626 0.00159374 0.0250359 
0.896634 0.0130135 0.0413608 0.0188381 0.00657558 0.00200137 0.0215762 
0.898378 0.0120052 0.0444856 0.0150045 0.0047302 0.00204696 0.023349 
0.906149 0.0103112 0.0465996 0.0181345 0.00438661 0.00166248 0.0127569 
0.905476 0.0186631 0.0344308 0.0111192 0.0112842 0.00386938 0.0151575 
0.90865 0.0122895 0.0398798 0.00733326 0.00332217 0.00481265 0.0237127 
0.875047 0.0236016 0.0491996 0.00377191 0.00553266 0.00226888 0.0405782 
0.886527 0.0229731 0.0344585 0.00664172 0.00508922 0.00281092 0.0414994 
0.895829 0.0237623 0.0290451 0.0111184 0.0087249 0.00280981 0.0287105 
0.895988 0.0195546 0.0336994 0.0152221 0.0105779 0.00188224 0.0230761 
0.888586 0.0144554 0.0476929 0.0152996 0.00831934 8.96199E-4 0.0247508 
0.894044 0.0117044 0.0382823 0.0262514 0.00839378 8.9167E-4 0.0204329 
0.888972 0.0133257 0.0418138 0.0171509 0.0109857 0.00115673 0.0265949 
0.894933 0.0124542 0.0363646 0.0237878 0.00858825 0.00100607 0.0228664 
0.893844 0.0125972 0.0393875 0.0195296 0.00572285 0.00130855 0.0276103 
0.896184 0.0165838 0.039854 0.010181 0.00900351 0.00176272 0.0264305 
0.900758 0.0134266 0.0448918 0.015451 0.00604587 0.00133632 0.0180901 
0.893409 0.00862359 0.0517298 0.0130119 0.00659626 0.00159374 0.0250359 
0.896634 0.0130135 0.0413608 0.0188381 0.00657558 0.00200137 0.0215762 
0.898378 0.0120052 0.0444856 0.0150045 0.0047302 0.00204696 0.023349 
0.906149 0.0103112 0.0465996 0.0181345 0.00438661 0.00166248 0.0127569 
0.905476 0.0186631 0.0344308 0.0111192 0.0112842 0.00386938 0.0151575 
0.90865 0.0122895 0.0398798 0.00733326 0.00332217 0.00481265 0.0237127 
0.875047 0.0236016 0.0491996 0.00377191 0.00553266 0.00226888 0.0405782 
0.886527 0.0229731 0.0344585 0.00664172 0.00508922 0.00281092 0.0414994 
0.895829 0.0237623 0.0290451 0.0111184 0.0087249 0.00280981 0.0287105 
0.895988 0.0195546 0.0336994 0.0152221 0.0105779 0.00188224 0.0230761 
0.852113 0.0106696 0.0605777 0.0141535 0.00414457 0.00259435 0.0557472 
0.828938 0.00822436 0.066542 0.011951 0.00285868 0.00275873 0.0787269 
0.789663 0.00697101 0.0785201 0.0525293 0.00368177 0.00171105 0.0669235 
0.724215 0.00710394 0.0878878 0.0217885 0.00239402 0.00311673 0.153494 
0.703421 0.00719621 0.0690567 0.0886628 0.00585545 0.0033406 0.122468 
0.767853 0.00818384 0.0643271 0.0285035 0.00527275 0.00301231 0.122847 
0.735427 0.00899847 0.0680973 0.0187301 0.00324981 0.00252901 0.162968 
0.800613 0.0102077 0.056015 0.0196495 0.00468447 0.00259047 0.10624 
0.836362 0.00998024 0.0476184 0.0284059 0.00579299 0.00224259 0.0695977 
0.821487 0.010657 0.0479243 0.0268495 0.00461165 0.00255508 0.0859152 
0.764045 0.010043 0.0581779 0.0203261 0.00479528 0.00202638 0.140586 
0.766889 0.00983313 0.0585924 0.0148752 0.00272546 0.00256376 0.144521 
0.792199 0.00938207 0.06285 0.0144538 0.00345867 0.00201857 0.115638 
0.818712 0.0100858 0.0595407 0.0204648 0.00397017 0.00182951 0.085397 
0.795922 0.0080299 0.0735964 0.0117791 0.00182421 0.00228642 0.106562 
0.815904 0.00975102 0.0646272 0.00723073 0.00217816 0.00205222 0.0982571 
0.817442 0.00923285 0.0699988 0.0120462 0.00277166 0.00243383 0.0860752 
0.852317 0.00768824 0.0696476 0.0121123 0.00224908 0.00234434 0.0536419 
0.888586 0.0144554 0.0476929 0.0152996 0.00831934 8.96199E-4 0.0247508 
0.894044 0.0117044 0.0382823 0.0262514 0.00839378 8.9167E-4 0.0204329 
0.888972 0.0133257 0.0418138 0.0171509 0.0109857 0.00115673 0.0265949 
0.894933 0.0124542 0.0363646 0.0237878 0.00858825 0.00100607 0.0228664 
0.893844 0.0125972 0.0393875 0.0195296 0.00572285 0.00130855 0.0276103 
0.896184 0.0165838 0.039854 0.010181 0.00900351 0.00176272 0.0264305 
0.900758 0.0134266 0.0448918 0.015451 0.00604587 0.00133632 0.0180901 
0.893409 0.00862359 0.0517298 0.0130119 0.00659626 0.00159374 0.0250359 
0.896634 0.0130135 0.0413608 0.0188381 0.00657558 0.00200137 0.0215762 
0.898378 0.0120052 0.0444856 0.0150045 0.0047302 0.00204696 0.023349 
0.906149 0.0103112 0.0465996 0.0181345 0.00438661 0.00166248 0.0127569 
0.905476 0.0186631 0.0344308 0.0111192 0.0112842 0.00386938 0.0151575 
0.90865 0.0122895 0.0398798 0.00733326 0.00332217 0.00481265 0.0237127 
0.875047 0.0236016 0.0491996 0.00377191 0.00553266 0.00226888 0.0405782 
0.886527 0.0229731 0.0344585 0.00664172 0.00508922 0.00281092 0.0414994 
0.895829 0.0237623 0.0290451 0.0111184 0.0087249 0.00280981 0.0287105 
0.895988 0.0195546 0.0336994 0.0152221 0.0105779 0.00188224 0.0230761 
0.672734 0.0280021 0.0454993 0.215366 0.00801564 0.00812021 0.0222624 
0.740441 0.0250465 0.0576345 0.13058 0.00576708 0.0146991 0.0258323 
0.662016 0.021276 0.0629627 0.220013 0.00419073 0.00711536 0.0224268 
0.519618 0.0139698 0.11457 0.294791 0.0028086 0.0100745 0.0441679 
0.28227 0.011175 0.0620389 0.618466 0.00153808 0.00445277 0.0200588 
0.425493 0.0123576 0.0901573 0.433506 0.00251816 0.00562068 0.0303477 
0.404222 0.0255799 0.0589723 0.0501817 0.00661654 0.360232 0.0941956 
0.548849 0.0277026 0.0606451 0.0790546 0.00484053 0.188059 0.0908493 
0.618875 0.0396443 0.0356409 0.141279 0.00946956 0.115104 0.0399879 
0.700865 0.0623169 0.0161937 0.145488 0.0205948 0.0266316 0.0279105 
0.572013 0.063339 0.0158391 0.28889 0.026202 0.0151889 0.0185278 
0.173707 0.0234366 0.0214917 0.0188979 0.00406883 0.725131 0.0332663 
0.1711 0.0100021 0.0368867 0.00681748 0.00304014 0.74336 0.0287933 
0.195802 0.020711 0.172736 0.495892 0.00891065 0.0201487 0.0858 
0.383958 0.0175391 0.113677 0.365093 0.00683917 0.0190563 0.0938377 
0.739819 0.0189798 0.0575498 0.125713 0.00878802 0.0150649 0.0340861 
0.668284 0.028771 0.0444841 0.18564 0.00568331 0.0231049 0.044032 
0.888586 0.0144554 0.0476929 0.0152996 0.00831934 8.96199E-4 0.0247508 
0.894044 0.0117044 0.0382823 0.0262514 0.00839378 8.9167E-4 0.0204329 
0.888972 0.0133257 0.0418138 0.0171509 0.0109857 0.00115673 0.0265949 
0.894933 0.0124542 0.0363646 0.0237878 0.00858825 0.00100607 0.0228664 
0.893844 0.0125972 0.0393875 0.0195296 0.00572285 0.00130855 0.0276103 
0.896184 0.0165838 0.039854 0.010181 0.00900351 0.00176272 0.0264305 
0.900758 0.0134266 0.0448918 0.015451 0.00604587 0.00133632 0.0180901 
0.893409 0.00862359 0.0517298 0.0130119 0.00659626 0.00159374 0.0250359 
0.896634 0.0130135 0.0413608 0.0188381 0.00657558 0.00200137 0.0215762 
0.898378 0.0120052 0.0444856 0.0150045 0.0047302 0.00204696 0.023349 
0.906149 0.0103112 0.0465996 0.0181345 0.00438661 0.00166248 0.0127569 
0.905476 0.0186631 0.0344308 0.0111192 0.0112842 0.00386938 0.0151575 
0.90865 0.0122895 0.0398798 0.00733326 0.00332217 0.00481265 0.0237127 
0.875047 0.0236016 0.0491996 0.00377191 0.00553266 0.00226888 0.0405782 
0.886527 0.0229731 0.0344585 0.00664172 0.00508922 0.00281092 0.0414994 
0.895829 0.0237623 0.0290451 0.0111184 0.0087249 0.00280981 0.0287105 
0.895988 0.0195546 0.0336994 0.0152221 0.0105779 0.00188224 0.0230761 
0.900508 0.0321534 0.0300691 0.00637874 0.00430966 0.00526971 0.0213113 
0.901198 0.0308443 0.029737 0.00760852 0.00264912 0.00595199 0.0220108 
0.892808 0.0318674 0.031122 0.00731875 0.00472469 0.00413463 0.0280245 
0.906772 0.0259548 0.0301123 0.00703791 0.00303284 0.0049584 0.022132 
0.912724 0.0211469 0.029368 0.0100121 0.00267936 0.00342072 0.0206491 
0.896534 0.0348853 0.0285163 0.0124848 0.00553214 0.00311627 0.018931 
0.899221 0.0271571 0.0329902 0.0142473 0.00310235 0.00263655 0.0206451 
0.900844 0.0308535 0.0295898 0.0136951 0.00370294 0.00365834 0.0176566 
0.902938 0.0276586 0.0295135 0.01502 0.00374297 0.00361537 0.0175117 
0.898132 0.0297748 0.0323666 0.00897377 0.00353357 0.00459588 0.0226236 
0.892865 0.0415993 0.0247976 0.0150069 0.00791016 0.00302723 0.0147941 
0.889906 0.0405286 0.0280058 0.013524 0.00921443 0.00282336 0.0159983 
0.894673 0.0379589 0.0281348 0.0128956 0.00784823 0.0025011 0.0159882 
0.901348 0.0330692 0.0277934 0.020596 0.00579253 0.00178853 0.00961244 
0.905129 0.0310054 0.026783 0.0176789 0.00667705 0.00225122 0.010475 
0.903252 0.0262881 0.030658 0.0185501 0.00686645 0.00196833 0.0124169 
0.887394 0.0426236 0.0247696 0.0201956 0.0101322 0.00231148 0.0125739 
0.893574 0.0357608 0.0275923 0.0153225 0.0121163 0.0025409 0.0130934 
0.883849 0.044687 0.0238291 0.0169874 0.0145995 0.00233162 0.0137164 
0.900061 0.0367499 0.028919 0.00820133 0.00634814 0.00358565 0.0161348 
0.900212 0.0314492 0.0258787 0.013577 0.0112076 0.00254607 0.0151296 
0.90365 0.0280002 0.0299053 0.0129061 0.00766611 0.00246082 0.0154112 
0.897674 0.0339467 0.030105 0.010034 0.00556704 0.0040479 0.018625 
0.899059 0.0333881 0.0312777 0.00796488 0.00524219 0.00421929 0.0188489 
0.902282 0.0309271 0.0294965 0.00922854 0.00436731 0.00371305 0.0199852 
0.896617 0.0319343 0.0321971 0.00647301 0.00361279 0.00581285 0.0233527 
0.899512 0.0343807 0.028432 0.00767322 0.00454466 0.00686917 0.0185883 
0.893043 0.0317834 0.0375996 0.00629838 0.00661181 0.00448479 0.0201788 
0.904138 0.0233156 0.0394434 0.0100268 0.00390967 0.00359229 0.0155743 
0.903175 0.0250564 0.0324273 0.0111402 0.0062582 0.00553948 0.0164031 
0.902675 0.0315634 0.0309196 0.00952562 0.00587034 0.00552574 0.0139205 
0.905166 0.0287841 0.0318724 0.00766204 0.00543338 0.00359351 0.0174889 
0.888609 0.038018 0.0310278 0.012175 0.00799576 0.00599137 0.0161831 
0.87908 0.0486419 0.0292824 0.00911323 0.00696275 0.0071233 0.0197968 
0.898821 0.024347 0.0344744 0.0155769 0.00486565 0.0038136 0.0181017 
