0.874084 0.00882425 0.0596262 0.00477202 0.00262585 0.0146675 0.0354005 
0.842676 0.00940652 0.071709 0.00232673 0.00220844 0.0203496 0.0513239 
0.857927 0.0115927 0.0712341 0.00307262 0.00142962 0.0168056 0.0379384 
0.896411 0.0157902 0.051866 0.00383619 0.00192555 0.00967551 0.0204958 
0.896164 0.0123376 0.0553699 0.00428692 0.00150099 0.00925289 0.021088 
0.89141 0.0121201 0.0504407 0.00799717 0.00384037 0.0127748 0.0214169 
0.877154 0.00947636 0.0601611 0.0102548 0.00355882 0.0138649 0.0255302 
0.885451 0.0112332 0.0535694 0.0123119 0.00576766 0.0128119 0.0188555 
0.878912 0.00854399 0.0561265 0.0144012 0.00480292 0.0129928 0.0242204 
0.883178 0.0105134 0.0518371 0.0148936 0.00550907 0.0133603 0.0207082 
0.891957 0.0111783 0.0509067 0.00601382 0.00583213 0.0113675 0.0227444 
0.882821 0.0104399 0.0510295 0.0116956 0.0101885 0.0102253 0.0235998 
0.870107 0.00820348 0.0710043 0.00503233 0.00263085 0.00948491 0.0335369 
0.871572 0.0116556 0.0605366 0.00361837 0.00468293 0.013114 0.0348206 
0.870493 0.0109933 0.0598184 0.00616045 0.00565493 0.0143625 0.0325173 
0.885525 0.0118447 0.0579482 0.0044732 0.003003 0.0131213 0.0240849 
0.894865 0.012952 0.0500658 0.00532453 0.00283952 0.0105994 0.023354 
0.871232 0.0169806 0.0574577 0.00345626 0.0028879 0.0104172 0.037568 
0.885846 0.0159114 0.0505365 0.00537809 0.00672666 0.00605839 0.0295429 
0.891764 0.0190705 0.0475183 0.00489348 0.00489551 0.00606798 0.0257903 
0.899497 0.0144098 0.0494458 0.00815404 0.0035763 0.00406845 0.0208486 
0.864059 0.0144562 0.062737 0.00485354 0.00208275 0.00662199 0.0451899 
0.88949 0.0183827 0.0505988 0.00606717 0.0027477 0.00502929 0.0276842 
0.894827 0.0162905 0.050822 0.00637555 0.00259757 0.0039868 0.0251006 
0.901179 0.0174939 0.0437021 0.00571237 0.00465829 0.00552029 0.0217338 
0.903932 0.0180003 0.0397937 0.0089064 0.0040786 0.00455912 0.02073 
0.905559 0.0137181 0.0405755 0.00728683 0.00425809 0.00455201 0.0240508 
0.896305 0.0133134 0.0479386 0.00612203 0.00187479 0.00430625 0.0301398 
0.906619 0.0141213 0.0455367 0.0105532 0.00204288 0.00398007 0.0171464 
0.879569 0.0139272 0.0589671 0.00499757 0.0049647 0.00789204 0.0296822 
0.901309 0.0154784 0.0457875 0.00430441 0.00658223 0.00708849 0.0194496 
0.888775 0.0123241 0.0592477 0.00756036 0.00972461 0.00529944 0.0170688 
0.897885 0.0123204 0.0532476 0.00435967 0.00627933 0.00698175 0.0189259 
0.899168 0.0158792 0.0496126 0.0045287 0.00581209 0.00618308 0.0188164 
0.893678 0.0304395 0.0400176 0.00542057 0.00235545 0.00813196 0.0199568 
0.892327 0.0323172 0.0369968 0.00850781 0.00337762 0.00939157 0.0170821 
0.898999 0.0251554 0.0389248 0.00578518 0.00411003 0.00802188 0.0190041 
0.89566 0.0199787 0.0462708 0.00373625 0.00218764 0.010539 0.0216279 
0.8924 0.0170032 0.0455367 0.00497426 0.00388916 0.0156731 0.0205239 
0.88825 0.0182722 0.0465622 0.00396306 0.00387554 0.0148751 0.0242023 
0.893747 0.0131495 0.0515458 0.00424676 0.00219545 0.0100236 0.0250919 
0.875095 0.0109586 0.0601054 0.00338027 0.00199507 0.0119631 0.0365021 
0.871498 0.0110007 0.0628271 0.00469862 0.00155624 0.0154998 0.0329195 
0.842039 0.0115419 0.0687982 0.00529475 0.00193137 0.0219725 0.0484224 
0.864722 0.00896868 0.0705008 0.00329482 0.00127695 0.0177145 0.033522 
0.894431 0.0138712 0.0497116 0.00469949 0.00197822 0.0126917 0.0226164 
0.893253 0.0132668 0.0527932 0.0031565 0.00194196 0.0118236 0.023765 
0.881307 0.0115693 0.0648012 0.00516974 0.00244424 0.00787617 0.0268325 
0.877025 0.0142641 0.0549963 0.00640525 0.006124 0.0121772 0.0290081 
0.882173 0.0127895 0.056395 0.00534631 0.00279809 0.0118617 0.0286363 
0.880258 0.0144034 0.0624375 0.00687112 0.00211798 0.0090152 0.0248968 
0.874998 0.0139434 0.0637078 0.00458932 0.00181658 0.00908618 0.0318587 
0.885701 0.0101177 0.0620547 0.00400697 0.00167942 0.00866388 0.0277763 
0.882678 0.00897168 0.0611697 0.00581689 0.00254592 0.00889851 0.029919 
0.903606 0.0147603 0.0465888 0.00750381 0.00352203 0.00724402 0.0167747 
0.895468 0.0141002 0.0503441 0.0049186 0.00249487 0.0087209 0.0239536 
0.867175 0.00990861 0.0660483 0.00527351 0.00155652 0.0142955 0.0357423 
0.865298 0.01075 0.0691204 0.00630435 0.00123484 0.01171 0.0355825 
0.880607 0.0114411 0.0552368 0.00682095 0.00300514 0.0155535 0.0273352 
0.884344 0.0109487 0.0528671 0.00497657 0.00339402 0.0155357 0.0279338 
0.884272 0.0130577 0.0533788 0.00492382 0.00236701 0.0133696 0.0286308 
0.89531 0.0111083 0.0567005 0.00436125 0.00180864 0.0115116 0.0191994 
0.895451 0.0123806 0.0510213 0.00560246 0.00262875 0.00982555 0.0230901 
0.889335 0.0135612 0.055986 0.00483635 0.00193752 0.00905061 0.0252932 
0.875051 0.0121163 0.0654203 0.00302786 0.00174887 0.0096484 0.0329874 
0.868685 0.0122563 0.0624514 0.00396737 0.00154563 0.0119999 0.0390945 
0.882927 0.0130159 0.0569088 0.00610324 0.00289328 0.0103981 0.0277537 
0.879353 0.0106536 0.0625889 0.00319573 0.00290336 0.0102899 0.0310156 
0.878839 0.00918238 0.0667534 0.00407175 0.00264977 0.010294 0.0282097 
0.880564 0.00906411 0.0664984 0.00398833 0.00183552 0.0080841 0.0299659 
0.878612 0.00978666 0.0668861 0.00444689 0.00207525 0.00801396 0.0301788 
0.87693 0.0120509 0.0665175 0.00392551 0.00166272 0.0069671 0.0319465 
0.880727 0.0111604 0.0568384 0.00518997 0.0029938 0.0103861 0.0327042 
0.907222 0.014543 0.045251 0.00696491 0.00315481 0.00631292 0.0165516 
0.901509 0.0136882 0.0440795 0.00466156 0.00220452 0.0130508 0.0208064 
0.905445 0.0150311 0.0358746 0.0115106 0.00399753 0.00950366 0.0186375 
0.902411 0.0223601 0.0319587 0.00915833 0.00668074 0.0111441 0.0162874 
0.897252 0.0160208 0.0399208 0.00829499 0.00665218 0.010128 0.0217313 
0.891506 0.0158246 0.0392771 0.0135033 0.00816528 0.0103774 0.0213467 
0.89534 0.0148515 0.0394778 0.00978702 0.00637272 0.0115542 0.0226167 
0.884133 0.0157498 0.048083 0.00720634 0.0027838 0.0105899 0.0314541 
0.898784 0.0176336 0.0394973 0.00479431 0.00283408 0.0118149 0.0246417 
0.895228 0.0169716 0.0435628 0.00619401 0.00247905 0.0101026 0.0254622 
0.878086 0.0139943 0.052721 0.00487593 0.00229317 0.00868486 0.0393445 
0.89357 0.0153727 0.0428372 0.00506077 0.00345607 0.00938598 0.0303174 
0.907567 0.0157904 0.0363311 0.00826618 0.00545098 0.00849778 0.018097 
0.903026 0.0169615 0.0398265 0.00943089 0.00529175 0.00660334 0.01886 
0.904998 0.0110394 0.0414024 0.00985078 0.0051292 0.00841499 0.0191651 
0.908048 0.0145911 0.0406121 0.00887647 0.00285588 0.00713693 0.017879 
0.909717 0.0146306 0.0421094 0.0102475 0.00235031 0.00635741 0.0145876 
0.91547 0.0132851 0.0389683 0.00952593 0.00394262 0.00559858 0.0132096 
0.907361 0.0144923 0.0382692 0.00964641 0.00644506 0.00788868 0.0158978 
0.905492 0.0169412 0.038603 0.00639934 0.00507205 0.00847972 0.0190127 
0.906999 0.0135072 0.0414892 0.0073365 0.0036176 0.00763428 0.019416 
0.894214 0.0120249 0.0500073 0.00811853 0.00406701 0.00861628 0.0229519 
0.894616 0.00905846 0.0577999 0.00547371 0.00250798 0.00652032 0.0240239 
0.891088 0.0124351 0.054454 0.00685546 0.00320021 0.00674141 0.0252259 
0.890774 0.0126735 0.0535532 0.00549528 0.00285059 0.00734668 0.0273066 
0.874404 0.0111845 0.0632693 0.00476453 0.00137167 0.00787454 0.0371311 
0.895433 0.0138139 0.0510609 0.00577227 0.00279968 0.006507 0.0246131 
0.890218 0.0134168 0.0449285 0.00437826 0.00284761 0.00928821 0.0349226 
0.901451 0.0136938 0.0415942 0.00602723 0.0032501 0.00890832 0.0250754 
0.910138 0.0139429 0.0396429 0.00686215 0.0026778 0.00634586 0.0203905 
0.908926 0.011087 0.0395701 0.0109981 0.00374429 0.0073216 0.0183525 
0.908988 0.0172647 0.0304042 0.0137512 0.00686695 0.00738229 0.0153421 
0.888288 0.00977053 0.0469573 0.0114619 0.0040182 0.00671965 0.032784 
0.900176 0.0140697 0.0350478 0.0185449 0.00631054 0.00550096 0.0203497 
0.899824 0.0147693 0.0443741 0.00695328 0.00305864 0.00588459 0.0251358 
0.886666 0.0101576 0.055867 0.006309 0.00216755 0.00587404 0.0329592 
0.888782 0.0099986 0.0535966 0.0108743 0.00266797 0.00471765 0.029363 
0.894029 0.00953837 0.0455186 0.0175561 0.0035373 0.00550288 0.0243179 
0.893127 0.0122625 0.0392663 0.0216869 0.00475939 0.00647209 0.0224262 
0.887812 0.0101221 0.0435701 0.0191907 0.00385356 0.00708326 0.0283678 
0.904099 0.012584 0.0364934 0.0116518 0.00536086 0.00765422 0.0221563 
0.901545 0.0125109 0.0371965 0.0161845 0.00452323 0.00602319 0.022017 
0.897457 0.0201999 0.036922 0.0133149 0.00462713 0.00760419 0.0198751 
0.884608 0.0150723 0.0327221 0.0279398 0.00567317 0.0100494 0.0239357 
0.901024 0.0150569 0.03827 0.0113515 0.00361973 0.0084579 0.0222202 
0.895893 0.0151727 0.0398787 0.0108632 0.00345207 0.00914442 0.0255964 
0.885077 0.012136 0.0505906 0.00739117 0.00182589 0.00579317 0.0371864 
0.884476 0.0139766 0.0450844 0.0103848 0.00454167 0.00651784 0.0350188 
0.882666 0.0160754 0.0446139 0.00797714 0.00261564 0.00670598 0.0393457 
0.888797 0.0101112 0.0502714 0.0107713 0.002148 0.00758497 0.0303164 
0.89311 0.0127133 0.0430832 0.0142727 0.00329357 0.00914679 0.0243808 
0.860165 0.0108274 0.0591628 0.016396 0.00442699 0.0109068 0.0381152 
0.879914 0.0142335 0.0539907 0.0128497 0.00321376 0.00672058 0.0290782 
0.861523 0.0159231 0.0569905 0.00690914 0.00250435 0.00694376 0.0492063 
0.893881 0.0152729 0.0431495 0.0147129 0.00324806 0.00678745 0.0229478 
0.894072 0.0164758 0.0354979 0.0215721 0.00525735 0.00601908 0.0211056 
0.893056 0.00998467 0.0505811 0.0085841 0.0025141 0.00655485 0.0287254 
0.897551 0.0184177 0.032726 0.0182613 0.00686929 0.0052572 0.0209179 
0.900749 0.0155769 0.0353109 0.0174391 0.00538448 0.00624089 0.0192987 
0.883073 0.0136618 0.0413665 0.0331141 0.00396533 0.00685896 0.0179603 
0.904665 0.011185 0.0452599 0.0119641 0.00291224 0.00506677 0.0189468 
0.905936 0.00950075 0.0442405 0.0148483 0.00326258 0.00583432 0.0163776 
0.898169 0.0132023 0.0446805 0.0138192 0.00555155 0.00675116 0.0178259 
0.89491 0.0160601 0.0399276 0.01133 0.00664503 0.00879128 0.022336 
0.896149 0.0158015 0.0345371 0.014406 0.0066892 0.0125862 0.0198306 
0.903205 0.0118825 0.0403783 0.0113974 0.00698719 0.00879654 0.017353 
0.894638 0.0176547 0.0348085 0.00793749 0.00698506 0.0132493 0.0247266 
0.901404 0.0145077 0.0367683 0.00900067 0.00580132 0.00860882 0.023909 
0.896697 0.0159735 0.0352829 0.0142707 0.00931829 0.00900505 0.0194522 
0.910653 0.0108608 0.0420679 0.00813336 0.00237639 0.00658882 0.0193199 
0.894822 0.014553 0.0478247 0.00842038 0.00146631 0.00704734 0.0258661 
0.907122 0.0167783 0.0423304 0.00829545 0.00204664 0.00525782 0.0181692 
0.897873 0.0171516 0.0396885 0.0181539 0.00352179 0.00646571 0.0171452 
0.89254 0.0179157 0.0418693 0.0162514 0.00319996 0.00781561 0.0204078 
0.891216 0.0155542 0.0437411 0.0120231 0.00476139 0.0120864 0.0206181 
0.886262 0.0141368 0.0515149 0.00874146 0.0020221 0.0120376 0.0252847 
0.868762 0.0116856 0.060876 0.00834813 0.00246187 0.0107767 0.0370893 
0.892538 0.0111502 0.0540108 0.00703619 0.00151796 0.00907924 0.024668 
0.898853 0.0129655 0.0462912 0.00814164 0.00269897 0.00835832 0.0226909 
0.895267 0.0105422 0.051809 0.00990127 0.00211411 0.00650274 0.0238639 
0.87797 0.0131566 0.0521797 0.00999263 0.00334745 0.0109439 0.0324098 
0.864001 0.00800659 0.0752304 0.00778039 0.00110016 0.0102221 0.0336595 
0.876582 0.00897336 0.0620398 0.00678972 0.00145501 0.0110117 0.0331487 
0.8874 0.0103169 0.0585069 0.00979723 0.0020002 0.00642167 0.0255569 
0.885622 0.0100465 0.0597549 0.00959913 0.00138226 0.00729012 0.0263055 
0.874254 0.00954064 0.0647514 0.00521528 0.00170964 0.0120783 0.0324508 
0.887998 0.0143714 0.0523604 0.00473055 0.00134567 0.0123236 0.0268704 
0.879034 0.00989734 0.0611309 0.0048442 0.00149285 0.00943879 0.0341617 
0.893129 0.0118657 0.0517921 0.0077757 0.00207464 0.0077187 0.0256446 
0.899457 0.0126773 0.0536001 0.00552939 0.00159241 0.00654097 0.0206027 
0.88913 0.0103417 0.0593919 0.00530203 0.00161214 0.00765754 0.026565 
0.880568 0.0126575 0.0546192 0.00647325 0.00213452 0.0103714 0.0331765 
0.892435 0.0135244 0.0522428 0.00550731 0.00156783 0.0102158 0.0245063 
0.89497 0.0128926 0.0515327 0.00905204 0.00239545 0.00673215 0.0224255 
0.897665 0.016006 0.0453576 0.00538895 0.00252821 0.0067017 0.0263524 
0.899517 0.0144141 0.0447207 0.00995217 0.00367177 0.00582573 0.0218983 
0.893116 0.0203311 0.0401173 0.00975983 0.00448783 0.00699393 0.0251936 
0.891629 0.0153166 0.0459719 0.00942558 0.00375756 0.00817931 0.0257205 
0.89476 0.0125364 0.0526866 0.00851797 0.0024504 0.00607245 0.0229758 
0.901843 0.011811 0.0501229 0.00547679 0.0023084 0.00780983 0.0206277 
0.90039 0.0136329 0.0530088 0.00620119 0.00162588 0.00528243 0.0198583 
0.903207 0.0136904 0.0462271 0.00724372 0.00256643 0.00483218 0.0222329 
0.898844 0.0153477 0.0418478 0.00934144 0.00376612 0.00589331 0.0249602 
0.907713 0.0146115 0.0376642 0.0104193 0.00464615 0.00702086 0.0179245 
0.907718 0.0173145 0.0283751 0.0161795 0.00736216 0.00713216 0.0159184 
0.903336 0.0152112 0.0347661 0.0105069 0.00521721 0.0098388 0.0211235 
0.902292 0.0168568 0.0338734 0.00930301 0.00540345 0.00969595 0.0225754 
0.912593 0.0184388 0.03213 0.00995817 0.00391342 0.006799 0.0161675 
0.908453 0.0193691 0.0337563 0.00841738 0.00443843 0.008221 0.0173448 
0.914688 0.0172003 0.0310903 0.00884149 0.00550348 0.00733763 0.015339 
0.909418 0.018925 0.0295266 0.0131216 0.00488401 0.00778703 0.0163379 
0.901915 0.0256331 0.0273839 0.0172723 0.00703256 0.00640472 0.0143581 
0.884495 0.031091 0.0349634 0.0162281 0.00570844 0.0065764 0.0209374 
0.900029 0.0164775 0.0401791 0.0058922 0.00359287 0.0070441 0.0267854 
0.898303 0.0127389 0.0400255 0.0189252 0.00402326 0.00569764 0.0202861 
0.899374 0.0156086 0.0386136 0.0107175 0.00628115 0.00580395 0.0236015 
0.895395 0.0124733 0.0462839 0.0151977 0.00385513 0.00455326 0.0222417 
0.906577 0.0164974 0.0382109 0.0122454 0.00511868 0.00563414 0.0157168 
0.909061 0.0166596 0.0371717 0.0106158 0.00501671 0.00475557 0.0167196 
0.893251 0.018351 0.0331062 0.0167668 0.0115687 0.00599588 0.0209609 
0.899566 0.0127346 0.0496667 0.00841096 0.00391071 0.00449619 0.0212151 
0.888911 0.0215146 0.0395474 0.0133272 0.00804453 0.00574502 0.0229101 
0.909736 0.0136955 0.0399576 0.0077856 0.00327666 0.00585245 0.0196962 
0.893323 0.0166174 0.0331628 0.0320422 0.00339825 0.00616011 0.0152963 
0.899539 0.0136762 0.0497916 0.00761256 0.00255588 0.00430517 0.0225194 
0.901528 0.0151165 0.0421179 0.0113393 0.00356189 0.00748056 0.0188555 
0.899342 0.0149917 0.0443721 0.00627896 0.002596 0.00814348 0.0242762 
0.895104 0.0158802 0.0482586 0.00721096 0.00244291 0.00550655 0.0255968 
0.893699 0.0163126 0.0500425 0.0054298 0.00273515 0.00650797 0.0252732 
0.879147 0.0159411 0.0291129 0.0475292 0.0107331 0.0042093 0.0133275 
0.899901 0.0106898 0.0501247 0.00589573 0.00406499 0.00717167 0.0221517 
0.875413 0.0178077 0.0303747 0.0464927 0.0088345 0.0067154 0.014362 
0.898387 0.0116883 0.0459912 0.00832497 0.00615874 0.00525094 0.0241992 
0.901888 0.0138242 0.0380541 0.0198474 0.00579309 0.00425181 0.0163415 
0.890957 0.00915506 0.0528929 0.00919403 0.00274043 0.00608749 0.0289728 
0.897171 0.00963897 0.0539375 0.00969891 0.00244039 0.00564246 0.0214711 
0.886632 0.0156288 0.0447532 0.00981851 0.00453469 0.00858069 0.0300523 
0.902342 0.0153653 0.0399002 0.0156267 0.00416534 0.00520067 0.0173999 
0.891558 0.0169668 0.0505704 0.00627241 0.00210123 0.00480414 0.0277266 
0.894522 0.0179935 0.0489941 0.0106557 0.00164843 0.00288179 0.0233042 
0.894 0.013121 0.0489967 0.0195227 0.00302164 0.00306165 0.0182763 
0.914285 0.0145434 0.0382391 0.0102051 0.00248131 0.0051328 0.0151129 
0.91008 0.0176895 0.0312036 0.0117031 0.00721799 0.00723625 0.0148692 
0.887074 0.0123087 0.0413938 0.00582448 0.0050237 0.0145392 0.0338365 
0.901968 0.0153199 0.0339851 0.0108213 0.00357802 0.0118868 0.022441 
0.902785 0.0149466 0.0377739 0.0109512 0.0032846 0.00585687 0.0244021 
0.902601 0.0158563 0.0362456 0.011871 0.00432263 0.00600754 0.0230954 
0.896315 0.0169035 0.0392013 0.009196 0.00393823 0.00607136 0.0283749 
0.901806 0.0127303 0.0402835 0.0130453 0.00308081 0.0056453 0.0234091 
0.901077 0.0110381 0.0399948 0.0170303 0.00353384 0.00654109 0.0207848 
0.896749 0.0134115 0.0369557 0.0181754 0.0053518 0.00615095 0.0232057 
0.90225 0.0138989 0.0334867 0.0218114 0.00566928 0.00604908 0.0168347 
0.897568 0.0138053 0.0410059 0.0148136 0.00259869 0.00618896 0.0240193 
0.900185 0.0136513 0.0452248 0.0132991 0.00186829 0.00585952 0.0199124 
0.869934 0.0104669 0.0510884 0.0228529 0.00297772 0.0121673 0.0305132 
0.905391 0.0106673 0.0425029 0.00776305 0.00217542 0.00647565 0.0250251 
0.901759 0.0135908 0.0431013 0.00657883 0.00343102 0.00656644 0.0249728 
0.902977 0.0141298 0.042576 0.00711999 0.00302774 0.0054192 0.0247507 
0.900181 0.0202976 0.0390485 0.00592531 0.00333026 0.00747539 0.023742 
0.886431 0.015926 0.0473521 0.0060255 0.00187276 0.00832705 0.0340656 
0.898709 0.0108985 0.0484811 0.0115975 0.00324697 0.00477425 0.0222922 
0.907799 0.0119092 0.035787 0.0135922 0.0050281 0.00898859 0.0168954 
0.892806 0.0182859 0.0317977 0.00764937 0.00680382 0.0134929 0.0291644 
0.909835 0.0216695 0.0353433 0.00543777 0.00288808 0.0063117 0.0185149 
0.920253 0.0140879 0.0352946 0.00628609 0.00260712 0.00807435 0.0133967 
0.898165 0.0247567 0.0358259 0.00599952 0.00947078 0.00648087 0.0193016 
0.901099 0.0220489 0.0333291 0.00994803 0.0103677 0.00637722 0.0168299 
0.901671 0.0133557 0.0410381 0.00970308 0.00513427 0.0103731 0.0187252 
0.879422 0.0162735 0.0512669 0.0079514 0.00801234 0.00988991 0.027184 
0.897888 0.0167797 0.0379821 0.0167726 0.0102834 0.00493266 0.0153615 
0.889353 0.0334231 0.0340952 0.00521577 0.00321891 0.00918493 0.025509 
0.871157 0.0187666 0.0529585 0.0039241 0.00168406 0.00780846 0.0437011 
0.843274 0.0158519 0.0629971 0.00360436 0.0017924 0.00977529 0.0627055 
0.872613 0.0201358 0.0513797 0.0072842 0.00315612 0.0047082 0.0407228 
0.85337 0.0151016 0.068883 0.00500404 0.00138335 0.00601082 0.0502474 
0.879816 0.0142448 0.0544031 0.00944354 0.00369786 0.00508059 0.0333143 
0.879145 0.0141703 0.0506777 0.0142112 0.00483419 0.00860858 0.0283529 
0.892957 0.0106859 0.0522267 0.00859459 0.00157259 0.00556516 0.0283983 
0.88385 0.0144492 0.0543805 0.00639555 0.00182575 0.00712908 0.0319695 
0.860628 0.00918884 0.0722317 0.00736322 0.00179244 0.00444848 0.0443473 
0.887842 0.00939879 0.0625432 0.00740307 0.00197578 0.00452092 0.0263165 
0.871502 0.0128439 0.0595257 0.00667273 0.0026972 0.00383948 0.0429193 
0.873129 0.0135678 0.0628852 0.00459491 0.0030552 0.00575001 0.0370176 
0.888761 0.0115457 0.0585306 0.0045611 0.00232067 0.00565069 0.02863 
0.914285 0.0145434 0.0382391 0.0102051 0.00248131 0.0051328 0.0151129 
0.91008 0.0176895 0.0312036 0.0117031 0.00721799 0.00723625 0.0148692 
0.887074 0.0123087 0.0413938 0.00582448 0.0050237 0.0145392 0.0338365 
0.901968 0.0153199 0.0339851 0.0108213 0.00357802 0.0118868 0.022441 
0.902785 0.0149466 0.0377739 0.0109512 0.0032846 0.00585687 0.0244021 
0.902601 0.0158563 0.0362456 0.011871 0.00432263 0.00600754 0.0230954 
0.896315 0.0169035 0.0392013 0.009196 0.00393823 0.00607136 0.0283749 
0.901806 0.0127303 0.0402835 0.0130453 0.00308081 0.0056453 0.0234091 
0.901077 0.0110381 0.0399948 0.0170303 0.00353384 0.00654109 0.0207848 
0.896749 0.0134115 0.0369557 0.0181754 0.0053518 0.00615095 0.0232057 
0.90225 0.0138989 0.0334867 0.0218114 0.00566928 0.00604908 0.0168347 
0.897568 0.0138053 0.0410059 0.0148136 0.00259869 0.00618896 0.0240193 
0.900185 0.0136513 0.0452248 0.0132991 0.00186829 0.00585952 0.0199124 
0.869934 0.0104669 0.0510884 0.0228529 0.00297772 0.0121673 0.0305132 
0.905391 0.0106673 0.0425029 0.00776305 0.00217542 0.00647565 0.0250251 
0.901759 0.0135908 0.0431013 0.00657883 0.00343102 0.00656644 0.0249728 
0.902977 0.0141298 0.042576 0.00711999 0.00302774 0.0054192 0.0247507 
0.900181 0.0202976 0.0390485 0.00592531 0.00333026 0.00747539 0.023742 
0.886431 0.015926 0.0473521 0.0060255 0.00187276 0.00832705 0.0340656 
0.898709 0.0108985 0.0484811 0.0115975 0.00324697 0.00477425 0.0222922 
0.907799 0.0119092 0.035787 0.0135922 0.0050281 0.00898859 0.0168954 
0.892806 0.0182859 0.0317977 0.00764937 0.00680382 0.0134929 0.0291644 
0.909835 0.0216695 0.0353433 0.00543777 0.00288808 0.0063117 0.0185149 
0.920253 0.0140879 0.0352946 0.00628609 0.00260712 0.00807435 0.0133967 
0.898165 0.0247567 0.0358259 0.00599952 0.00947078 0.00648087 0.0193016 
0.901099 0.0220489 0.0333291 0.00994803 0.0103677 0.00637722 0.0168299 
0.901671 0.0133557 0.0410381 0.00970308 0.00513427 0.0103731 0.0187252 
0.879422 0.0162735 0.0512669 0.0079514 0.00801234 0.00988991 0.027184 
0.897888 0.0167797 0.0379821 0.0167726 0.0102834 0.00493266 0.0153615 
0.889353 0.0334231 0.0340952 0.00521577 0.00321891 0.00918493 0.025509 
0.871157 0.0187666 0.0529585 0.0039241 0.00168406 0.00780846 0.0437011 
0.843274 0.0158519 0.0629971 0.00360436 0.0017924 0.00977529 0.0627055 
0.872613 0.0201358 0.0513797 0.0072842 0.00315612 0.0047082 0.0407228 
0.85337 0.0151016 0.068883 0.00500404 0.00138335 0.00601082 0.0502474 
0.879816 0.0142448 0.0544031 0.00944354 0.00369786 0.00508059 0.0333143 
0.879145 0.0141703 0.0506777 0.0142112 0.00483419 0.00860858 0.0283529 
0.892957 0.0106859 0.0522267 0.00859459 0.00157259 0.00556516 0.0283983 
0.88385 0.0144492 0.0543805 0.00639555 0.00182575 0.00712908 0.0319695 
0.860628 0.00918884 0.0722317 0.00736322 0.00179244 0.00444848 0.0443473 
0.887842 0.00939879 0.0625432 0.00740307 0.00197578 0.00452092 0.0263165 
0.871502 0.0128439 0.0595257 0.00667273 0.0026972 0.00383948 0.0429193 
0.873129 0.0135678 0.0628852 0.00459491 0.0030552 0.00575001 0.0370176 
0.888761 0.0115457 0.0585306 0.0045611 0.00232067 0.00565069 0.02863 
0.86114 0.0133561 0.0357656 0.0590929 0.00760026 0.00543233 0.017613 
0.874051 0.00815879 0.0572139 0.0271042 0.00360468 0.00485031 0.0250175 
0.879797 0.00777506 0.0619111 0.0191886 0.00164845 0.00594647 0.0237334 
0.879185 0.00771365 0.0563267 0.0267466 0.00313035 0.004523 0.022375 
0.880189 0.0116775 0.0498275 0.0251185 0.00253162 0.00606809 0.0245879 
0.885271 0.0114475 0.0495898 0.0221102 0.00273881 0.00491924 0.0239233 
0.887774 0.0172441 0.0348917 0.0360765 0.00419559 0.0044728 0.0153451 
0.895967 0.0199882 0.0242781 0.0386896 0.00511019 0.00567582 0.0102907 
0.895493 0.0149204 0.0368494 0.030176 0.0028555 0.00512175 0.0145837 
0.886255 0.0129079 0.038229 0.0341875 0.00391279 0.00560465 0.0189035 
0.876536 0.0153195 0.0359773 0.0421565 0.00276947 0.00655818 0.0206834 
0.889572 0.0155621 0.0343923 0.0374118 0.00270263 0.00452702 0.0158323 
0.896986 0.0150548 0.0364563 0.0251906 0.00415293 0.00419732 0.0179621 
0.89563 0.0160979 0.0451572 0.0178491 0.00225364 0.00303244 0.0199801 
0.894846 0.0146721 0.046367 0.0184538 0.00298936 0.00324756 0.0194244 
0.883839 0.0181444 0.0437146 0.0283524 0.00223759 0.00345253 0.0202601 
0.883147 0.0144649 0.0501581 0.0244138 0.0023932 0.00259208 0.0228305 
0.882957 0.0129537 0.0459227 0.0248163 0.00286456 0.00388474 0.0266012 
0.89222 0.0187253 0.0463586 0.0123007 0.00364899 0.00309377 0.0236525 
0.89206 0.0123525 0.0528219 0.0149747 0.00182147 0.00321537 0.0227537 
0.889314 0.0152539 0.0543605 0.00708052 0.00194531 0.00669222 0.025354 
0.894016 0.0152914 0.0557306 0.00575695 0.00103352 0.00592209 0.0222498 
0.799892 0.0184198 0.0463795 0.108477 0.00176529 0.0124305 0.0126357 
0.798603 0.0291736 0.041122 0.0996411 0.00151593 0.0167086 0.0132358 
0.864844 0.0280571 0.0346384 0.0452702 0.00201114 0.0120413 0.0131379 
0.891424 0.0299143 0.0235216 0.0348796 0.00443635 0.00676639 0.00905729 
0.890378 0.0272715 0.028979 0.0290967 0.00402623 0.00619685 0.0140516 
0.895409 0.0281074 0.0366555 0.0193252 0.00231912 0.00519899 0.0129847 
0.891331 0.0376976 0.029698 0.020689 0.00284695 0.00390308 0.0138342 
0.880934 0.0321119 0.0378507 0.0248943 0.00145354 0.00716732 0.0155881 
0.88338 0.0335982 0.033921 0.0208608 0.00172776 0.0101246 0.0163878 
0.871751 0.0344679 0.0265079 0.044095 0.00355648 0.00537243 0.0142487 
0.838513 0.0494722 0.0232391 0.0692168 0.00540209 0.00452964 0.00962669 
0.85862 0.0425781 0.0355253 0.0328615 0.00364992 0.00559672 0.0211686 
0.874859 0.0300513 0.041748 0.0253387 0.00323812 0.0064136 0.0183508 
0.854464 0.0333326 0.0437648 0.0421076 0.00270857 0.00600696 0.0176158 
0.860072 0.0285758 0.0406433 0.0470085 0.00495151 0.00432827 0.0144211 
0.846318 0.017602 0.0480548 0.0673569 0.00608714 0.00234617 0.0122354 
0.841885 0.00909945 0.0527264 0.0682618 0.0122362 0.00388455 0.0119066 
0.844311 0.0107482 0.0663997 0.0559111 0.00370034 0.00356718 0.0153629 
0.840376 0.0225845 0.0406904 0.0761091 0.00649495 0.00324645 0.0104991 
0.81753 0.0203673 0.0397185 0.0981151 0.00827004 0.00297227 0.0130267 
0.79674 0.0271643 0.0533734 0.095397 0.00437239 0.00499792 0.0179552 
0.817077 0.0302369 0.0532405 0.0798787 0.00265661 0.00435235 0.0125576 
0.798135 0.0255745 0.0468092 0.109884 0.00265083 0.00627796 0.0106692 
0.797323 0.0268809 0.0385163 0.118252 0.00328518 0.00680469 0.00893865 
0.775373 0.0181516 0.037552 0.150117 0.00567492 0.00423243 0.00889849 
0.808897 0.0189232 0.0474457 0.110581 0.0027854 0.00340378 0.00796321 
0.785616 0.0272722 0.0431984 0.124662 0.00271539 0.0056676 0.0108679 
0.781163 0.0212138 0.0332957 0.140117 0.00817628 0.00497024 0.011064 
0.839824 0.0125948 0.0588652 0.0649423 0.00353908 0.00438811 0.015846 
0.85019 0.0181712 0.0549186 0.0579214 0.00257176 0.00373528 0.0124919 
0.865842 0.011121 0.0643188 0.0319204 0.00221837 0.00542336 0.0191562 
0.847272 0.00882454 0.0753207 0.0466393 0.00178867 0.0036793 0.0164758 
0.801764 0.0111554 0.0811027 0.0777787 0.00169786 0.00473426 0.0217675 
0.818873 0.00847631 0.0878714 0.0522764 0.00131619 0.00438999 0.0267965 
0.838326 0.011551 0.0618524 0.0592795 0.00191169 0.00521349 0.0218654 
0.840583 0.00887328 0.07102 0.0519569 0.00171917 0.00612655 0.0197215 
0.861684 0.0119768 0.0528619 0.0435035 0.00374472 0.00634246 0.0198866 
0.855492 0.00822662 0.0732542 0.0330527 0.00329398 0.00409854 0.0225823 
0.84076 0.00782607 0.0918764 0.0245787 9.63321E-4 0.00694998 0.0270457 
0.83583 0.00880265 0.0810489 0.0436897 0.00178538 0.00603701 0.0228067 
0.774619 0.00821186 0.081609 0.102678 0.0028132 0.00691471 0.023155 
0.796931 0.00739048 0.0842442 0.0692795 0.0028121 0.0085185 0.0308241 
0.783079 0.00882931 0.0712237 0.103119 0.0031432 0.00688407 0.0237215 
0.806218 0.0109138 0.0651811 0.0862756 0.00195361 0.00651858 0.0229391 
0.837551 0.00896501 0.0590811 0.0656587 0.00259463 0.00503875 0.0211108 
0.869612 0.00823452 0.0676932 0.0252256 0.00199673 0.00415318 0.0230848 
0.849437 0.00899226 0.077915 0.0241002 0.00180526 0.00506679 0.0326832 
0.885184 0.00968349 0.0614316 0.0182841 0.00223814 0.00409019 0.0190881 
0.841556 0.00831489 0.0748036 0.0470036 0.00201233 0.00435943 0.0219501 
0.849105 0.0102612 0.0910472 0.0289709 0.00243419 0.00166292 0.0165184 
0.829044 0.00939143 0.0900861 0.0539127 0.00180354 0.00250038 0.0132616 
0.848729 0.0115574 0.0771263 0.0389116 0.00429204 0.00673823 0.0126454 
0.830945 0.0136669 0.0759418 0.0547977 0.00711295 0.00562094 0.0119151 
0.84025 0.00772159 0.094287 0.0333104 0.00443352 0.00620495 0.0137921 
0.850125 0.0107714 0.105063 0.00780209 0.00491536 0.0042637 0.0170591 
0.612979 0.0102408 0.193297 0.144896 0.00197727 0.0188105 0.0177998 
0.834656 0.0119895 0.118984 0.00228973 0.00372739 0.0116431 0.0167103 
0.832391 0.0204305 0.0865677 0.00173907 0.00679125 0.0374788 0.014602 
0.816717 0.0150591 0.114855 0.00210846 0.00379343 0.0225446 0.0249228 
0.862688 0.0186128 0.0739571 0.00362892 0.00240202 0.0216834 0.017028 
0.866698 0.0142126 0.0817824 0.00784626 0.0020235 0.00954713 0.01789 
0.794306 0.0199525 0.0614698 0.0984057 0.00146232 0.00366298 0.020741 
0.546481 0.154059 0.0224133 0.25685 0.00789776 0.00451058 0.00778805 
0.35883 0.321612 0.0239102 0.262863 0.0123185 0.0106707 0.00979552 
0.209323 0.441126 0.0148115 0.220348 0.082905 0.0159629 0.0155233 
0.101444 0.679211 0.0117662 0.186299 0.0097343 0.00433055 0.00721481 
0.159031 0.495887 0.0239203 0.27415 0.02034 0.0112121 0.0154595 
0.765636 0.0806629 0.0246746 0.109834 0.00381752 0.00868292 0.00669175 
0.429962 0.119165 0.0250847 0.405063 0.00543508 0.00606687 0.00922317 
0.164356 0.655061 0.0181572 0.130583 0.0096282 0.0140211 0.00819272 
0.224204 0.542918 0.0135704 0.184649 0.0183579 0.0084531 0.00784834 
0.196604 0.61964 0.0118195 0.141086 0.0165308 0.00706391 0.00725577 
0.186707 0.563343 0.012846 0.210351 0.0137761 0.00620905 0.00676764 
0.213209 0.534391 0.0176069 0.194761 0.0197525 0.00893625 0.0113428 
0.238207 0.416894 0.0170197 0.275488 0.0331384 0.00779062 0.0114631 
0.440768 0.295949 0.0148632 0.205461 0.0293963 0.00555205 0.00800986 
0.488264 0.354338 0.00800995 0.0812643 0.0565769 0.00394684 0.00760004 
0.354133 0.234975 0.0177568 0.163121 0.197331 0.0137499 0.0189332 
0.214495 0.436857 0.0156377 0.218591 0.091377 0.0100433 0.0129988 
0.416329 0.411692 0.00701064 0.0874743 0.0639916 0.00643297 0.00706884 
0.204256 0.502272 0.057376 0.178381 0.0113052 0.0242242 0.0221857 
0.0304364 0.0718211 0.0209093 0.858951 0.00214171 0.00779703 0.00794346 
0.114362 0.175326 0.0441422 0.623993 0.0071536 0.0143138 0.0207098 
0.548307 0.222799 0.0307224 0.17018 0.00432201 0.0123543 0.0113158 
0.15036 0.400671 0.0325137 0.317215 0.053857 0.0263936 0.0189895 
0.280982 0.352719 0.0373013 0.254455 0.0273729 0.0245688 0.0226016 
0.53723 0.107764 0.0433056 0.26998 0.00416775 0.0182074 0.0193453 
0.642537 0.103666 0.0392434 0.178718 0.00365695 0.0147537 0.0174257 
0.716911 0.0405662 0.0634831 0.151415 0.00151044 0.0095137 0.0166006 
0.793735 0.0302008 0.0578584 0.100567 0.00181067 0.00531854 0.0105094 
0.666955 0.018909 0.0903517 0.204918 0.00116772 0.00550895 0.0121892 
0.788573 0.0110618 0.0922921 0.0862229 0.00125473 0.00440315 0.0161925 
0.79222 0.00896624 0.0989011 0.0694128 0.00169399 0.00480918 0.0239969 
0.845231 0.010199 0.0890108 0.0336569 0.0015762 0.00301652 0.0173096 
0.866166 0.0101763 0.0723707 0.0257875 0.00198928 0.00455954 0.0189503 
0.87626 0.0174767 0.0602765 0.0194593 0.00242816 0.00462582 0.0194741 
0.877106 0.0122646 0.0644001 0.0211613 0.00285405 0.0044276 0.0177869 
0.85874 0.0062016 0.0754795 0.026069 0.00506333 0.00533157 0.0231147 
0.854612 0.00637989 0.0704601 0.0383149 0.0046624 0.00445197 0.0211189 
0.821974 0.00718921 0.0627181 0.0749089 0.00977976 0.00589306 0.0175367 
0.836318 0.00873918 0.0677595 0.0585278 0.00486944 0.00481034 0.0189757 
0.866845 0.00742228 0.0727108 0.0273511 0.00255392 0.0049661 0.0181506 
0.855106 0.00601139 0.0808569 0.0302855 0.00413187 0.00502998 0.0185786 
0.853255 0.00623766 0.0867517 0.0243234 0.00244159 0.00497802 0.0220125 
0.860723 0.00588804 0.076076 0.0320725 0.00256088 0.00469866 0.0179807 
0.860368 0.00970436 0.0649766 0.0457463 0.00203139 0.00449033 0.0126825 
0.836542 0.0076689 0.0831161 0.0451979 0.00182814 0.00774315 0.0179036 
0.827086 0.00882339 0.0723597 0.0669212 0.00335346 0.00639014 0.0150662 
0.842983 0.00859135 0.0710008 0.0428478 0.00342955 0.0119105 0.0192367 
0.866206 0.00829429 0.0724892 0.0240364 0.00208937 0.00690367 0.0199808 
0.867437 0.00854086 0.0755031 0.0232435 0.00196505 0.00519151 0.0181192 
0.873948 0.00839351 0.0620573 0.0311352 0.00458255 0.00517962 0.0147037 
0.881688 0.0086748 0.0717361 0.0139962 0.00179256 0.00468554 0.0174272 
0.863185 0.00867286 0.087178 0.0133561 0.00136792 0.00468812 0.0215516 
0.889081 0.0093972 0.0658731 0.0117162 0.00173653 0.00454986 0.0176462 
0.878776 0.0106766 0.059734 0.0313069 0.00206695 0.00307133 0.0143687 
0.888137 0.0110857 0.04706 0.0369931 0.00444625 0.00302115 0.00925691 
0.86866 0.0115403 0.0665668 0.0362939 0.00147007 0.00370696 0.0117617 
0.755481 0.00854017 0.0719155 0.137831 0.00352014 0.00630482 0.0164079 
0.788193 0.00800863 0.0647412 0.106764 0.00552576 0.00718255 0.0195852 
0.827261 0.00762398 0.0649595 0.0732049 0.0035935 0.00472097 0.0186362 
0.83438 0.00732949 0.079529 0.0497976 0.0024551 0.00735661 0.0191526 
0.849504 0.00728719 0.0760479 0.0454875 0.00267795 0.0040316 0.014964 
0.863752 0.00898458 0.06292 0.0424346 0.00348946 0.00684307 0.0115763 
0.833135 0.0090421 0.0634928 0.0624608 0.00642542 0.00757923 0.0178647 
0.839883 0.0102452 0.0652953 0.0576254 0.00440406 0.00684543 0.0157019 
0.828043 0.00751023 0.0804595 0.059734 0.0034589 0.00491745 0.0158773 
0.758157 0.00961905 0.0752339 0.128481 0.00389316 0.00758014 0.0170361 
0.740016 0.00784307 0.081393 0.146331 0.00484103 0.00583735 0.0137384 
0.757009 0.00867384 0.0886467 0.116367 0.00365721 0.00742665 0.0182193 
0.766605 0.00779304 0.0894126 0.105749 0.00433179 0.00827339 0.017836 
0.808879 0.00746508 0.0607847 0.0948396 0.00927304 0.00672399 0.0120343 
0.817092 0.00656023 0.0749851 0.072716 0.00378632 0.00673482 0.0181259 
0.825321 0.00695804 0.079899 0.0548089 0.00499366 0.00922407 0.0187951 
0.793726 0.00624574 0.0953352 0.0705786 0.00412237 0.00759337 0.0223983 
0.839973 0.00512798 0.0921897 0.0381191 0.0033372 0.00456823 0.0166846 
0.835369 0.00506033 0.101352 0.03109 0.00265772 0.00360965 0.0208608 
0.862624 0.00812553 0.0669129 0.0349874 0.00314065 0.00584832 0.018361 
0.840201 0.00638509 0.081005 0.0403966 0.00366583 0.00661154 0.0217346 
0.844855 0.00577309 0.0878356 0.0315905 0.00205143 0.0059341 0.0219601 
0.879122 0.00798415 0.0622222 0.022369 0.00310688 0.00871936 0.0164768 
0.873157 0.0102473 0.0631497 0.0280452 0.00377453 0.00644688 0.0151793 
0.858627 0.00823099 0.0875829 0.0159237 0.00211506 0.00716189 0.0203588 
0.827848 0.00645308 0.117639 0.0212811 0.00247319 0.00605214 0.0182536 
0.812 0.00689644 0.121828 0.0388502 0.0045184 0.00488284 0.0110236 
0.777233 0.00540143 0.165018 0.0282951 0.00394835 0.0070142 0.0130897 
0.761941 0.00572 0.155951 0.0479702 0.00394446 0.0130806 0.0113922 
0.778265 0.00576932 0.16621 0.0271676 0.00198466 0.0121999 0.00840284 
0.819841 0.00696798 0.126625 0.011691 0.00411069 0.0187856 0.0119791 
0.805777 0.00626364 0.142619 0.00996893 0.00354383 0.0176506 0.0141766 
0.830278 0.00700232 0.128993 0.00844286 0.00410421 0.0107066 0.0104729 
0.78346 0.00585061 0.160427 0.0112057 0.00282914 0.0165725 0.0196551 
0.797759 0.00580911 0.156291 0.0137881 0.00190842 0.0108082 0.0136367 
0.836564 0.00749613 0.121245 0.00864004 0.00234959 0.0111894 0.0125152 
0.803807 0.00707447 0.149048 0.0114024 0.0013879 0.0119491 0.0153306 
0.834993 0.00670868 0.120557 0.0112193 0.00194407 0.0124601 0.012118 
0.792354 0.00672542 0.14978 0.0231123 0.00203577 0.00966527 0.0163272 
0.839381 0.00864148 0.104944 0.01854 0.0038174 0.0133334 0.0113427 
0.838897 0.00682049 0.112555 0.018029 0.00282997 0.00879061 0.012078 
0.780948 0.00590064 0.139656 0.0401627 0.00380432 0.0119528 0.0175761 
0.801045 0.00603115 0.151444 0.0164087 0.00212844 0.00717823 0.0157647 
0.803573 0.00818021 0.152056 0.0177654 0.00158864 0.00392431 0.0129124 
0.914285 0.0145434 0.0382391 0.0102051 0.00248131 0.0051328 0.0151129 
0.91008 0.0176895 0.0312036 0.0117031 0.00721799 0.00723625 0.0148692 
0.887074 0.0123087 0.0413938 0.00582448 0.0050237 0.0145392 0.0338365 
0.901968 0.0153199 0.0339851 0.0108213 0.00357802 0.0118868 0.022441 
0.902785 0.0149466 0.0377739 0.0109512 0.0032846 0.00585687 0.0244021 
0.902601 0.0158563 0.0362456 0.011871 0.00432263 0.00600754 0.0230954 
0.896315 0.0169035 0.0392013 0.009196 0.00393823 0.00607136 0.0283749 
0.901806 0.0127303 0.0402835 0.0130453 0.00308081 0.0056453 0.0234091 
0.901077 0.0110381 0.0399948 0.0170303 0.00353384 0.00654109 0.0207848 
0.896749 0.0134115 0.0369557 0.0181754 0.0053518 0.00615095 0.0232057 
0.90225 0.0138989 0.0334867 0.0218114 0.00566928 0.00604908 0.0168347 
0.897568 0.0138053 0.0410059 0.0148136 0.00259869 0.00618896 0.0240193 
0.900185 0.0136513 0.0452248 0.0132991 0.00186829 0.00585952 0.0199124 
0.869934 0.0104669 0.0510884 0.0228529 0.00297772 0.0121673 0.0305132 
0.905391 0.0106673 0.0425029 0.00776305 0.00217542 0.00647565 0.0250251 
0.901759 0.0135908 0.0431013 0.00657883 0.00343102 0.00656644 0.0249728 
0.902977 0.0141298 0.042576 0.00711999 0.00302774 0.0054192 0.0247507 
0.900181 0.0202976 0.0390485 0.00592531 0.00333026 0.00747539 0.023742 
0.886431 0.015926 0.0473521 0.0060255 0.00187276 0.00832705 0.0340656 
0.898709 0.0108985 0.0484811 0.0115975 0.00324697 0.00477425 0.0222922 
0.907799 0.0119092 0.035787 0.0135922 0.0050281 0.00898859 0.0168954 
0.892806 0.0182859 0.0317977 0.00764937 0.00680382 0.0134929 0.0291644 
0.909835 0.0216695 0.0353433 0.00543777 0.00288808 0.0063117 0.0185149 
0.920253 0.0140879 0.0352946 0.00628609 0.00260712 0.00807435 0.0133967 
0.898165 0.0247567 0.0358259 0.00599952 0.00947078 0.00648087 0.0193016 
0.901099 0.0220489 0.0333291 0.00994803 0.0103677 0.00637722 0.0168299 
0.901671 0.0133557 0.0410381 0.00970308 0.00513427 0.0103731 0.0187252 
0.879422 0.0162735 0.0512669 0.0079514 0.00801234 0.00988991 0.027184 
0.897888 0.0167797 0.0379821 0.0167726 0.0102834 0.00493266 0.0153615 
0.889353 0.0334231 0.0340952 0.00521577 0.00321891 0.00918493 0.025509 
0.871157 0.0187666 0.0529585 0.0039241 0.00168406 0.00780846 0.0437011 
0.843274 0.0158519 0.0629971 0.00360436 0.0017924 0.00977529 0.0627055 
0.872613 0.0201358 0.0513797 0.0072842 0.00315612 0.0047082 0.0407228 
0.85337 0.0151016 0.068883 0.00500404 0.00138335 0.00601082 0.0502474 
0.879816 0.0142448 0.0544031 0.00944354 0.00369786 0.00508059 0.0333143 
0.879145 0.0141703 0.0506777 0.0142112 0.00483419 0.00860858 0.0283529 
0.892957 0.0106859 0.0522267 0.00859459 0.00157259 0.00556516 0.0283983 
0.88385 0.0144492 0.0543805 0.00639555 0.00182575 0.00712908 0.0319695 
0.860628 0.00918884 0.0722317 0.00736322 0.00179244 0.00444848 0.0443473 
0.887842 0.00939879 0.0625432 0.00740307 0.00197578 0.00452092 0.0263165 
0.871502 0.0128439 0.0595257 0.00667273 0.0026972 0.00383948 0.0429193 
0.873129 0.0135678 0.0628852 0.00459491 0.0030552 0.00575001 0.0370176 
0.888761 0.0115457 0.0585306 0.0045611 0.00232067 0.00565069 0.02863 
0.819841 0.00696798 0.126625 0.011691 0.00411069 0.0187856 0.0119791 
0.805777 0.00626364 0.142619 0.00996893 0.00354383 0.0176506 0.0141766 
0.830278 0.00700232 0.128993 0.00844286 0.00410421 0.0107066 0.0104729 
0.78346 0.00585061 0.160427 0.0112057 0.00282914 0.0165725 0.0196551 
0.797759 0.00580911 0.156291 0.0137881 0.00190842 0.0108082 0.0136367 
0.836564 0.00749613 0.121245 0.00864004 0.00234959 0.0111894 0.0125152 
0.803807 0.00707447 0.149048 0.0114024 0.0013879 0.0119491 0.0153306 
0.834993 0.00670868 0.120557 0.0112193 0.00194407 0.0124601 0.012118 
0.792354 0.00672542 0.14978 0.0231123 0.00203577 0.00966527 0.0163272 
0.839381 0.00864148 0.104944 0.01854 0.0038174 0.0133334 0.0113427 
0.838897 0.00682049 0.112555 0.018029 0.00282997 0.00879061 0.012078 
0.780948 0.00590064 0.139656 0.0401627 0.00380432 0.0119528 0.0175761 
0.801045 0.00603115 0.151444 0.0164087 0.00212844 0.00717823 0.0157647 
0.803573 0.00818021 0.152056 0.0177654 0.00158864 0.00392431 0.0129124 
0.877358 0.0139356 0.0420973 0.0450144 0.00710435 0.00398537 0.010505 
0.851943 0.0106606 0.0524578 0.0633978 0.00551902 0.00541387 0.0106082 
0.865721 0.00814442 0.0599904 0.0476152 0.00446677 0.0039985 0.010064 
0.891022 0.0123785 0.0401055 0.0402497 0.00599167 0.00328366 0.00696924 
0.740286 0.0302414 0.0190273 0.193114 0.00891881 0.00269999 0.00571281 
0.237321 0.0726101 0.0145722 0.661095 0.00701509 0.00200072 0.00538641 
0.283722 0.0469722 0.0122962 0.641124 0.0100352 0.00157928 0.0042703 
0.45204 0.0504683 0.0147251 0.469459 0.00762159 0.0011351 0.00455061 
0.449445 0.0979242 0.0192553 0.416498 0.00771629 0.00254124 0.00662006 
0.510265 0.0913504 0.018882 0.355658 0.0135423 0.00231504 0.00798704 
0.384792 0.0417066 0.0151524 0.542382 0.00796809 0.00139679 0.00660122 
0.679134 0.0317877 0.024258 0.251186 0.00429927 0.00154226 0.00779259 
0.763632 0.0413131 0.0262047 0.155353 0.00472876 0.00132732 0.00744122 
0.779668 0.0305126 0.0329451 0.145248 0.00294756 8.33728E-4 0.00784497 
0.690188 0.0359052 0.0197965 0.240571 0.0058358 0.00126429 0.00643955 
0.629446 0.0223774 0.0205193 0.315051 0.00683793 0.00124531 0.00452299 
0.737842 0.0430137 0.0224724 0.185703 0.00481998 0.00139114 0.00475779 
0.747883 0.0535353 0.0214946 0.163511 0.00595884 0.001627 0.00598969 
0.698419 0.0257177 0.0243819 0.238858 0.00525185 0.00133219 0.00603922 
0.726824 0.0212052 0.020636 0.214859 0.0103942 0.00153434 0.00454684 
0.821885 0.0176766 0.0344829 0.112726 0.00367888 0.00182939 0.00772112 
0.831992 0.0263065 0.0239352 0.101495 0.00682178 0.0023252 0.00712405 
0.776114 0.0195795 0.0210151 0.167017 0.0089938 0.001951 0.00532967 
0.75495 0.0129236 0.0352172 0.185325 0.0038054 0.00218211 0.00559622 
0.869851 0.00897388 0.0382887 0.0622633 0.00373081 0.00330965 0.0135826 
0.78212 0.0128872 0.025806 0.160906 0.00665714 0.00262282 0.00900087 
0.858498 0.015388 0.0364808 0.0673977 0.00257118 0.00297149 0.0166926 
0.85675 0.0141883 0.0483293 0.0498757 0.00133932 0.00356089 0.0259561 
0.886087 0.00986581 0.042631 0.0235555 0.00252552 0.00471992 0.0306149 
0.851183 0.012155 0.0507933 0.0554214 0.0016716 0.00268919 0.0260861 
0.800196 0.0125372 0.0613023 0.0828038 0.00152974 0.00280862 0.0388222 
0.853632 0.0106105 0.0510877 0.055981 0.00171403 0.00304574 0.023929 
0.827064 0.0107698 0.0682537 0.0556762 9.77298E-4 0.0041377 0.0331211 
0.847029 0.0110101 0.0673206 0.043626 8.14481E-4 0.00350542 0.026694 
0.87078 0.0108339 0.0532991 0.0285464 0.00125571 0.004716 0.0305689 
0.822312 0.0113038 0.0523824 0.0715989 0.00179668 0.00475975 0.0358465 
0.855584 0.0128149 0.051153 0.0486901 0.00149789 0.00294488 0.0273156 
0.877824 0.0108648 0.0536305 0.0247913 0.00106077 0.00274743 0.0290817 
0.87221 0.0143434 0.0341774 0.0546082 0.00332523 0.0040114 0.0173245 
0.871409 0.0124022 0.0399145 0.0463123 0.00266987 0.00391387 0.0233777 
0.885016 0.0108749 0.0322173 0.0498572 0.00384842 0.00341821 0.014768 
0.889769 0.0135351 0.0357125 0.0414692 0.00271706 0.00288068 0.013916 
0.854697 0.00899061 0.0419578 0.063548 0.00370684 0.0048038 0.0222958 
0.871623 0.00848425 0.0487387 0.0303667 0.00241902 0.00562054 0.0327477 
0.888799 0.00933162 0.0424018 0.0328643 0.00321403 0.00378223 0.0196069 
0.889203 0.00958317 0.045294 0.0266773 0.00436983 0.00360078 0.0212719 
0.905617 0.014298 0.0343951 0.0218423 0.0036508 0.00333271 0.0168645 
0.908092 0.0210355 0.0297529 0.0116421 0.00398675 0.00366462 0.0218257 
0.909273 0.0143955 0.0398791 0.0178417 0.00392622 0.00199148 0.012693 
0.893487 0.0180255 0.0394877 0.0214607 0.00628609 0.00331134 0.0179418 
0.88576 0.0150555 0.0482813 0.0211665 0.00304841 0.0025836 0.0241043 
0.885199 0.0164732 0.0421839 0.0272543 0.00322687 0.00345281 0.0222098 
0.896343 0.0204671 0.0370117 0.0209291 0.00675996 0.00231782 0.016171 
0.892675 0.0251638 0.0378066 0.017448 0.00574851 0.00320358 0.0179543 
0.904931 0.0165302 0.0389719 0.0207768 0.00286413 0.00257566 0.0133501 
0.894841 0.0153774 0.0316152 0.0415319 0.00494666 0.00238069 0.00930682 
0.896028 0.0137847 0.0373252 0.0310146 0.00652729 0.00311509 0.0122047 
0.88732 0.0121118 0.0457837 0.0346245 0.00309622 0.00322262 0.0138407 
0.878546 0.0106551 0.0510066 0.0382881 0.00243836 0.00302511 0.0160405 
0.896901 0.0111194 0.0443215 0.0280347 0.0040207 0.00281156 0.0127915 
0.889381 0.0179143 0.0270356 0.0365254 0.0125885 0.00450288 0.0120528 
0.907502 0.0184315 0.0396746 0.00808122 0.00518209 0.00367243 0.0174559 
0.902783 0.0133046 0.0414539 0.0126945 0.0100853 0.0028866 0.0167916 
0.910109 0.0149408 0.0327719 0.0164561 0.00895459 0.00314544 0.0136224 
0.907218 0.0115907 0.0409339 0.017934 0.00455776 0.00252238 0.0152436 
0.901492 0.0147773 0.0446888 0.0174788 0.00367724 0.00191669 0.0159696 
0.90456 0.0179121 0.0394697 0.0176963 0.00368951 0.00244604 0.0142264 
0.901011 0.0152297 0.0445826 0.0204315 0.00267479 0.00159901 0.0144714 
0.905093 0.0147986 0.039875 0.0197209 0.00488315 0.00232582 0.0133037 
0.899212 0.0120807 0.0411905 0.0172714 0.00445074 0.00443498 0.0213594 
0.89298 0.0139916 0.0383686 0.0266661 0.00521479 0.00304481 0.0197347 
0.898472 0.0154458 0.0359189 0.0233213 0.00576018 0.00295557 0.0181263 
0.892843 0.0109241 0.0487334 0.021056 0.00243638 0.00343822 0.0205685 
0.907196 0.0107795 0.0378467 0.0198301 0.00595356 0.00361269 0.0147816 
0.899459 0.0158059 0.0422468 0.0174709 0.00290827 0.00332005 0.0187893 
0.885228 0.0144094 0.0411398 0.0335815 0.00287435 0.00371369 0.0190533 
0.894978 0.015763 0.0429415 0.0197424 0.00293336 0.00295397 0.0206879 
0.906858 0.0133765 0.0396781 0.0111071 0.00369319 0.00297982 0.0223074 
0.896799 0.014699 0.0415728 0.0166715 0.00208142 0.00293327 0.025243 
0.899222 0.0140696 0.0442668 0.0145685 0.00210714 0.00287469 0.0228915 
0.886758 0.0127442 0.0538821 0.0115108 0.00160058 0.00364101 0.0298634 
0.89504 0.0162361 0.0441799 0.00792085 0.00141181 0.00385532 0.0313557 
0.90272 0.0199998 0.0303478 0.00827766 0.00329121 0.00408126 0.0312824 
0.89802 0.0161878 0.0351292 0.0130073 0.00368874 0.00399867 0.0299681 
0.902005 0.021782 0.0375224 0.00910922 0.00267709 0.00272516 0.0241793 
0.890246 0.0123289 0.0448129 0.0288999 0.00215975 0.00244002 0.0191122 
0.883309 0.0121657 0.0349926 0.0457297 0.00392742 0.00356687 0.0163089 
0.892577 0.0107366 0.0346845 0.0433033 0.00308281 0.00302345 0.0125927 
0.905004 0.0195974 0.0239547 0.0277437 0.00867095 0.00292139 0.012108 
0.916101 0.0179403 0.0296958 0.0124059 0.00340627 0.00393423 0.0165168 
0.902523 0.0257652 0.024199 0.0216813 0.00669932 0.00466214 0.0144697 
0.844277 0.01784 0.0272546 0.0876588 0.00381414 0.00559769 0.013558 
0.903978 0.0191314 0.0317813 0.0179957 0.00369812 0.00535038 0.0180652 
0.89203 0.0124143 0.032442 0.0264375 0.00597106 0.00399057 0.0267144 
0.890903 0.0146721 0.0376665 0.0103313 0.00482015 0.00482235 0.0367849 
0.900123 0.0148673 0.0373177 0.0100686 0.00453018 0.00580082 0.0272927 
0.887242 0.0109025 0.0429864 0.0148482 0.00367544 0.00447983 0.0358652 
0.902126 0.00997591 0.0396812 0.020804 0.00348718 0.00309104 0.0208348 
0.906032 0.0157198 0.0354 0.0175047 0.00440655 0.00301106 0.0179259 
0.890146 0.0109347 0.0418547 0.024485 0.00413962 0.00487868 0.0235616 
0.886797 0.0100782 0.043932 0.0285999 0.0033069 0.00308672 0.0241997 
0.877341 0.0104371 0.0460835 0.0257833 0.00335352 0.00391787 0.033084 
0.894652 0.0127592 0.0385917 0.0304821 0.0026082 0.00331503 0.0175914 
0.895739 0.0112502 0.0408445 0.0228003 0.00315773 0.00324807 0.0229601 
0.896233 0.0239815 0.0305292 0.0170556 0.0045301 0.00404803 0.0236229 
0.904896 0.0200041 0.0319571 0.0199441 0.00580364 0.00316294 0.0142319 
0.89541 0.0196484 0.0216954 0.0361244 0.00977731 0.0046034 0.0127408 
0.876178 0.0161637 0.0258897 0.0428276 0.0181811 0.00573433 0.0150257 
0.893134 0.0197164 0.0282347 0.0310412 0.00746721 0.00511488 0.0152912 
0.88637 0.0152954 0.0394663 0.0377212 0.0034468 0.00408619 0.0136143 
0.870959 0.0135624 0.0320635 0.0607957 0.00584165 0.00335763 0.0134204 
0.825596 0.0136542 0.0308018 0.105198 0.00694715 0.00479778 0.0130052 
0.882926 0.0172991 0.0276182 0.044731 0.00693274 0.00688141 0.0136118 
0.879631 0.0144437 0.0324542 0.0420486 0.00980012 0.00558315 0.0160391 
0.869152 0.0283977 0.0192092 0.0564235 0.0152902 0.00439737 0.00713019 
0.903127 0.0160837 0.0366596 0.0265018 0.00210464 0.00521289 0.0103106 
0.894444 0.015636 0.0411851 0.0240381 0.00443186 0.00248636 0.017779 
0.854641 0.0143403 0.050171 0.0577072 0.00242054 0.00262677 0.0180936 
0.832551 0.0289748 0.0386515 0.0814197 0.00178325 0.00311172 0.0135082 
0.877986 0.023453 0.0374158 0.0406577 0.00264796 0.00252315 0.0153161 
0.890574 0.015798 0.0354702 0.0381693 0.00343676 0.00306622 0.0134855 
0.877586 0.024934 0.0204569 0.0563661 0.0091342 0.00284694 0.00867617 
0.891094 0.024484 0.0283382 0.0354529 0.00511071 0.00299264 0.0125273 
0.891059 0.0192564 0.0332638 0.034577 0.00374335 0.00359969 0.0145008 
0.880209 0.0186182 0.0230121 0.0559448 0.00895406 0.00349276 0.00976892 
0.878978 0.022368 0.0209401 0.0542319 0.0107686 0.00383336 0.00887993 
0.870038 0.0185619 0.03029 0.0640464 0.0051608 0.00215789 0.00974496 
0.851462 0.0189277 0.0381412 0.075116 0.00300931 0.00211392 0.0112299 
0.846417 0.0251087 0.0339642 0.0789796 0.00305215 0.00194893 0.0105292 
0.889889 0.0251699 0.0285216 0.0395945 0.00382965 0.00333441 0.00966055 
0.854216 0.0277034 0.0325352 0.0683055 0.00445204 0.0024799 0.010308 
0.880255 0.0262197 0.0277718 0.0498706 0.00375127 0.00306041 0.009071 
0.878152 0.0184567 0.027372 0.0482543 0.0104789 0.00405892 0.0132272 
0.879093 0.0213277 0.0271086 0.0471573 0.0103493 0.00407323 0.0108913 
0.880975 0.0238255 0.0299746 0.046011 0.00554492 0.00361655 0.010052 
0.872974 0.0240008 0.0265777 0.0557608 0.00693636 0.00279278 0.0109575 
0.862342 0.0261752 0.0316121 0.0593633 0.0043619 0.00304409 0.0131016 
0.871929 0.0197697 0.0387111 0.0446337 0.00254209 0.00467846 0.0177356 
0.873077 0.0175655 0.0358721 0.0497174 0.00275299 0.00487475 0.0161399 
0.87911 0.0203431 0.0372477 0.0444648 0.00261671 0.00276696 0.0134512 
0.878591 0.01916 0.0360264 0.0475065 0.00456437 0.00241561 0.0117365 
0.885887 0.0195353 0.0417789 0.0340577 0.00294254 0.00273786 0.0130605 
0.883802 0.0195271 0.035384 0.0442767 0.00489557 0.00265439 0.00946053 
0.881718 0.0261263 0.0360662 0.037192 0.00523102 0.00348462 0.0101821 
0.895553 0.0264098 0.0283962 0.0239898 0.0155573 0.00169084 0.00840309 
0.889995 0.0181018 0.0406144 0.0299107 0.005678 0.00203105 0.0136695 
0.894789 0.0199809 0.0358801 0.0244665 0.00762375 0.00185569 0.0154044 
0.897581 0.0189625 0.0445732 0.0217465 0.00306725 0.00200053 0.0120689 
0.899041 0.0149244 0.0490138 0.0167668 0.00345182 0.0023492 0.0144528 
0.869711 0.0159149 0.0294827 0.053513 0.0183146 0.00293808 0.0101257 
0.892484 0.0170254 0.0393261 0.0307602 0.00857249 0.00210537 0.00972638 
0.877805 0.0181987 0.0393268 0.0406129 0.00791943 0.00253962 0.0135976 
0.896408 0.0173495 0.0332355 0.0293724 0.00946634 0.0033521 0.0108165 
0.897179 0.0168132 0.0498636 0.0177991 0.00267223 0.00226386 0.0134094 
0.89391 0.0215426 0.0394891 0.0230823 0.00546307 0.00325239 0.0132603 
0.881898 0.0183724 0.0429267 0.0321871 0.00745249 0.0024767 0.0146866 
0.901975 0.0121278 0.047341 0.0238974 0.00232391 0.00184918 0.010486 
0.885081 0.013944 0.0505737 0.0329389 0.00238792 0.00197149 0.0131027 
0.902087 0.01478 0.0483948 0.0178255 0.00188022 0.00221427 0.0128181 
0.87566 0.014261 0.0540194 0.0356266 0.00216055 0.0021269 0.016145 
0.868235 0.0191367 0.0528825 0.0292288 0.00352323 0.00166487 0.0253287 
0.881201 0.0223823 0.0562761 0.015981 0.00209084 0.00212346 0.0199449 
0.896187 0.0256672 0.0379839 0.0162004 0.00485333 0.00373207 0.0153764 
0.898301 0.0223615 0.0414755 0.0137403 0.00583733 0.00332512 0.0149587 
0.902539 0.0178416 0.0416781 0.0149884 0.00377132 0.00406169 0.0151204 
0.891854 0.0200338 0.0456618 0.0185457 0.00698107 0.00277193 0.0141519 
0.893058 0.0198182 0.0424955 0.0228698 0.00524782 0.00283771 0.0136731 
0.890972 0.0205385 0.0421581 0.0217431 0.00587468 0.00265787 0.0160559 
0.892061 0.0260132 0.040997 0.0159334 0.00548491 0.00382762 0.0156835 
0.887022 0.0243041 0.0366148 0.0216471 0.0125532 0.00491822 0.0129403 
0.897818 0.0229167 0.0381392 0.0141405 0.00719325 0.00568068 0.0141119 
0.901327 0.0217344 0.0386884 0.0137742 0.00704847 0.0041153 0.0133118 
0.905938 0.0198144 0.0375876 0.0149853 0.00568153 0.00349159 0.0125021 
0.900566 0.0195739 0.0481352 0.0119325 0.00260319 0.00354444 0.013645 
0.897841 0.0165359 0.050892 0.0141691 0.00311775 0.003055 0.0143896 
0.891519 0.0234852 0.0446525 0.0172494 0.00463992 0.00358729 0.014867 
0.896115 0.0230173 0.0378398 0.0184976 0.00708687 0.00336709 0.0140763 
0.898842 0.0174025 0.0433608 0.0166718 0.00540517 0.00340326 0.0149144 
0.894654 0.0228889 0.0453435 0.0188381 0.00296766 0.00264323 0.012665 
0.89535 0.0220947 0.0354453 0.028354 0.00701921 0.00248034 0.00925684 
0.889476 0.0246717 0.0313218 0.0299082 0.0110812 0.00334986 0.0101915 
0.889992 0.0238724 0.0436659 0.0179427 0.00540293 0.00404482 0.0150788 
0.900072 0.0188845 0.0480189 0.0108742 0.00346728 0.00434822 0.0143344 
0.882975 0.0129398 0.0709895 0.014025 0.00168781 0.00338673 0.0139959 
0.859396 0.0122836 0.0874953 0.019471 0.00198508 0.00302618 0.0163427 
0.837892 0.0101164 0.10616 0.0187666 0.00183338 0.00350068 0.0217307 
0.849045 0.0113044 0.0991712 0.0213554 0.00226925 0.00289096 0.0139637 
0.868407 0.0104345 0.0914012 0.0140494 0.00159086 0.0039271 0.0101901 
0.868466 0.0100357 0.0852289 0.0208161 0.00350747 0.00245905 0.00948648 
0.867593 0.0124711 0.0836198 0.0201795 0.00282353 0.00258155 0.0107313 
0.859819 0.0131663 0.0929633 0.0190039 0.00135507 0.00243256 0.0112598 
0.868078 0.0179388 0.0771814 0.0227357 0.00169975 0.002953 0.00941316 
0.86119 0.0147331 0.0926039 0.0149812 0.00127956 0.00282389 0.0123878 
0.862393 0.0127662 0.0942408 0.0167656 0.00123242 0.00260659 0.00999535 
0.87151 0.0119166 0.0887099 0.0127357 0.00135191 0.00256395 0.0112119 
0.894413 0.0136925 0.0608362 0.016093 0.0049582 0.00169508 0.00831196 
0.87649 0.0162755 0.0713941 0.0185918 0.00289263 0.00247487 0.0118812 
0.87712 0.0157004 0.0780124 0.0128288 0.00266181 0.00234209 0.0113344 
0.896412 0.0193015 0.0495192 0.0164901 0.00617511 0.00400047 0.00810171 
0.852658 0.058797 0.0431703 0.0101391 0.0151588 0.00438955 0.0156875 
0.888471 0.0292993 0.0533974 0.00820214 0.00644217 0.00275116 0.0114372 
0.884527 0.0311099 0.0413277 0.0215659 0.0113928 0.00271691 0.00735976 
0.88129 0.0189814 0.0556748 0.0203553 0.012003 0.00305487 0.00864077 
0.87315 0.0152406 0.058122 0.0311853 0.0108876 0.00305154 0.00836287 
0.869094 0.0160893 0.0645558 0.0258023 0.0102175 0.00359768 0.0106434 
0.864195 0.0138875 0.0807781 0.02466 0.00567839 0.00184502 0.00895638 
0.863131 0.00931089 0.0886425 0.0196859 0.00441697 0.0025728 0.0122395 
0.832165 0.00860333 0.0867755 0.050679 0.00549995 0.00368055 0.0125962 
0.843266 0.0107216 0.0891707 0.0393231 0.00341075 0.00284036 0.0112678 
0.872847 0.010943 0.058356 0.0402481 0.00828348 0.00279285 0.00653005 
0.862816 0.00877417 0.0622862 0.0513925 0.00593871 0.00343486 0.00535764 
0.851229 0.0103774 0.0756105 0.0478439 0.00335375 0.00336953 0.00821588 
0.866408 0.0118674 0.0646733 0.0359486 0.00852563 0.00337958 0.00919756 
0.870512 0.0112998 0.0631027 0.0265738 0.0130353 0.00362092 0.0118555 
0.876683 0.0206671 0.0463425 0.0367193 0.0101943 0.00233629 0.00705766 
0.872093 0.0154463 0.0556054 0.0385963 0.00774869 0.00230505 0.00820506 
0.885555 0.0212951 0.0382087 0.0339962 0.0100741 0.00302581 0.00784483 
0.883383 0.0175366 0.0572631 0.0266867 0.00357631 0.00242017 0.00913398 
0.88851 0.0206549 0.0550692 0.0176917 0.00331649 0.0027188 0.0120387 
0.881704 0.0164197 0.0593929 0.0237691 0.00394692 0.00252867 0.0122389 
0.882597 0.0154741 0.0566758 0.0286435 0.00599152 0.00286826 0.00775022 
0.873003 0.0181912 0.0643635 0.0238413 0.00429362 0.00309514 0.0132119 
0.890476 0.0185947 0.0566304 0.0152703 0.00389056 0.00342713 0.0117107 
0.878095 0.0139193 0.0623093 0.0260811 0.00373053 0.00321667 0.0126478 
0.881625 0.0151942 0.058636 0.0259635 0.00335623 0.00340295 0.0118221 
0.877302 0.0131472 0.0643455 0.0258004 0.00313902 0.00407463 0.012191 
0.882795 0.0166239 0.056945 0.0227743 0.00641454 0.00280154 0.0116456 
0.866664 0.0151754 0.0724782 0.0279688 0.00239955 0.00242254 0.0128911 
0.870449 0.0163379 0.0668918 0.0243349 0.00273868 0.00328113 0.0159671 
0.859994 0.0207783 0.051741 0.0459528 0.00717932 0.00334815 0.0110066 
0.863875 0.0140885 0.0475711 0.053998 0.009315 0.00297144 0.00818073 
0.883131 0.0149279 0.0493863 0.0321499 0.00861194 0.00319861 0.00859411 
0.876394 0.0143083 0.0440648 0.0459043 0.00902444 0.00269166 0.00761255 
0.876205 0.0189275 0.0516494 0.0366609 0.0040262 0.00300534 0.00952585 
0.86582 0.0134204 0.0596167 0.047933 0.00411441 0.00226885 0.00682705 
0.850942 0.00917558 0.065763 0.0562714 0.00637691 0.00330138 0.00816938 
0.840314 0.00606647 0.0918232 0.0467137 0.00314637 0.00265925 0.00927699 
0.860257 0.0103559 0.0762129 0.031023 0.00444341 0.0024856 0.0152221 
0.870479 0.00946814 0.0601817 0.0381978 0.00807285 0.00332365 0.0102767 
0.839029 0.00761514 0.0781089 0.056639 0.00504335 0.00292945 0.0106352 
0.867267 0.00926368 0.0736588 0.0292805 0.00359465 0.00305198 0.0138836 
0.846783 0.0125535 0.0852302 0.0362699 0.00333835 0.00191463 0.0139105 
0.869329 0.0103738 0.0805236 0.0173271 0.00423579 0.00284371 0.0153672 
0.843879 0.0076102 0.101689 0.024498 0.0025798 0.002153 0.0175904 
0.847606 0.00922932 0.0776157 0.0457834 0.00396433 0.0024833 0.0133181 
0.850439 0.0109801 0.0697902 0.0564476 0.00302302 0.001716 0.00760408 
0.875242 0.0114513 0.0698947 0.0231569 0.00507518 0.00222241 0.0129579 
0.87053 0.0119056 0.0670034 0.0288108 0.00587894 0.00243801 0.0134331 
0.862532 0.0131591 0.0615514 0.0390925 0.00550913 0.00387677 0.0142791 
0.850886 0.0112171 0.0745154 0.0424353 0.00321986 0.00354481 0.0141814 
0.876904 0.0118272 0.0570699 0.0369625 0.00416873 0.00382197 0.00924532 
0.868859 0.00835055 0.0749642 0.0322079 0.00254144 0.00297097 0.0101059 
0.864856 0.0109215 0.0850442 0.0227023 0.00176264 0.00216412 0.0125496 
0.871781 0.010911 0.0827005 0.0153752 0.00169002 0.00299753 0.0145451 
0.859723 0.00903373 0.0657043 0.05096 0.00492908 0.00235076 0.00729863 
0.86167 0.0127555 0.0738767 0.0331599 0.00834078 0.00142287 0.00877408 
0.839804 0.0163003 0.0453555 0.0781625 0.012622 0.0013049 0.00645103 
0.854987 0.0200751 0.0723194 0.0371416 0.00445876 0.00109808 0.00992021 
0.873245 0.0135829 0.0658012 0.032859 0.00278773 0.00184259 0.00988177 
0.881199 0.0156036 0.0623959 0.0259833 0.00284278 0.00200278 0.0099729 
0.87071 0.0189788 0.0704878 0.0224529 0.00188425 0.00194738 0.0135388 
0.876036 0.0182234 0.0639615 0.0244914 0.00310036 0.001862 0.0123255 
0.877988 0.0166075 0.0697377 0.0188457 0.00342842 0.00189239 0.0115001 
0.881431 0.0174084 0.0638791 0.0207018 0.00239785 0.00214061 0.0120418 
0.867778 0.0225089 0.0661634 0.0229136 0.00200668 0.00267562 0.0159538 
0.860118 0.0243473 0.0522317 0.0446968 0.004604 0.00244553 0.0115571 
0.833062 0.0222981 0.0870498 0.0396891 0.0018576 0.00151399 0.0145295 
0.822822 0.0213492 0.0983438 0.0376136 0.00155451 0.00165769 0.0166596 
0.814359 0.017821 0.0955721 0.0571386 0.00136513 0.00147442 0.0122699 
0.816856 0.0168934 0.0767808 0.0742447 0.00234994 0.00191641 0.0109585 
0.836402 0.0148936 0.0706964 0.0638071 0.00346758 0.00148052 0.00925319 
0.914285 0.0145434 0.0382391 0.0102051 0.00248131 0.0051328 0.0151129 
0.91008 0.0176895 0.0312036 0.0117031 0.00721799 0.00723625 0.0148692 
0.887074 0.0123087 0.0413938 0.00582448 0.0050237 0.0145392 0.0338365 
0.901968 0.0153199 0.0339851 0.0108213 0.00357802 0.0118868 0.022441 
0.902785 0.0149466 0.0377739 0.0109512 0.0032846 0.00585687 0.0244021 
0.902601 0.0158563 0.0362456 0.011871 0.00432263 0.00600754 0.0230954 
0.896315 0.0169035 0.0392013 0.009196 0.00393823 0.00607136 0.0283749 
0.901806 0.0127303 0.0402835 0.0130453 0.00308081 0.0056453 0.0234091 
0.901077 0.0110381 0.0399948 0.0170303 0.00353384 0.00654109 0.0207848 
0.896749 0.0134115 0.0369557 0.0181754 0.0053518 0.00615095 0.0232057 
0.90225 0.0138989 0.0334867 0.0218114 0.00566928 0.00604908 0.0168347 
0.897568 0.0138053 0.0410059 0.0148136 0.00259869 0.00618896 0.0240193 
0.900185 0.0136513 0.0452248 0.0132991 0.00186829 0.00585952 0.0199124 
0.869934 0.0104669 0.0510884 0.0228529 0.00297772 0.0121673 0.0305132 
0.905391 0.0106673 0.0425029 0.00776305 0.00217542 0.00647565 0.0250251 
0.901759 0.0135908 0.0431013 0.00657883 0.00343102 0.00656644 0.0249728 
0.902977 0.0141298 0.042576 0.00711999 0.00302774 0.0054192 0.0247507 
0.900181 0.0202976 0.0390485 0.00592531 0.00333026 0.00747539 0.023742 
0.886431 0.015926 0.0473521 0.0060255 0.00187276 0.00832705 0.0340656 
0.898709 0.0108985 0.0484811 0.0115975 0.00324697 0.00477425 0.0222922 
0.907799 0.0119092 0.035787 0.0135922 0.0050281 0.00898859 0.0168954 
0.892806 0.0182859 0.0317977 0.00764937 0.00680382 0.0134929 0.0291644 
0.909835 0.0216695 0.0353433 0.00543777 0.00288808 0.0063117 0.0185149 
0.920253 0.0140879 0.0352946 0.00628609 0.00260712 0.00807435 0.0133967 
0.898165 0.0247567 0.0358259 0.00599952 0.00947078 0.00648087 0.0193016 
0.901099 0.0220489 0.0333291 0.00994803 0.0103677 0.00637722 0.0168299 
0.901671 0.0133557 0.0410381 0.00970308 0.00513427 0.0103731 0.0187252 
0.879422 0.0162735 0.0512669 0.0079514 0.00801234 0.00988991 0.027184 
0.897888 0.0167797 0.0379821 0.0167726 0.0102834 0.00493266 0.0153615 
0.889353 0.0334231 0.0340952 0.00521577 0.00321891 0.00918493 0.025509 
0.871157 0.0187666 0.0529585 0.0039241 0.00168406 0.00780846 0.0437011 
0.843274 0.0158519 0.0629971 0.00360436 0.0017924 0.00977529 0.0627055 
0.872613 0.0201358 0.0513797 0.0072842 0.00315612 0.0047082 0.0407228 
0.85337 0.0151016 0.068883 0.00500404 0.00138335 0.00601082 0.0502474 
0.879816 0.0142448 0.0544031 0.00944354 0.00369786 0.00508059 0.0333143 
0.879145 0.0141703 0.0506777 0.0142112 0.00483419 0.00860858 0.0283529 
0.892957 0.0106859 0.0522267 0.00859459 0.00157259 0.00556516 0.0283983 
0.88385 0.0144492 0.0543805 0.00639555 0.00182575 0.00712908 0.0319695 
0.860628 0.00918884 0.0722317 0.00736322 0.00179244 0.00444848 0.0443473 
0.887842 0.00939879 0.0625432 0.00740307 0.00197578 0.00452092 0.0263165 
0.871502 0.0128439 0.0595257 0.00667273 0.0026972 0.00383948 0.0429193 
0.873129 0.0135678 0.0628852 0.00459491 0.0030552 0.00575001 0.0370176 
0.888761 0.0115457 0.0585306 0.0045611 0.00232067 0.00565069 0.02863 
0.819841 0.00696798 0.126625 0.011691 0.00411069 0.0187856 0.0119791 
0.805777 0.00626364 0.142619 0.00996893 0.00354383 0.0176506 0.0141766 
0.830278 0.00700232 0.128993 0.00844286 0.00410421 0.0107066 0.0104729 
0.78346 0.00585061 0.160427 0.0112057 0.00282914 0.0165725 0.0196551 
0.797759 0.00580911 0.156291 0.0137881 0.00190842 0.0108082 0.0136367 
0.836564 0.00749613 0.121245 0.00864004 0.00234959 0.0111894 0.0125152 
0.803807 0.00707447 0.149048 0.0114024 0.0013879 0.0119491 0.0153306 
0.834993 0.00670868 0.120557 0.0112193 0.00194407 0.0124601 0.012118 
0.792354 0.00672542 0.14978 0.0231123 0.00203577 0.00966527 0.0163272 
0.839381 0.00864148 0.104944 0.01854 0.0038174 0.0133334 0.0113427 
0.838897 0.00682049 0.112555 0.018029 0.00282997 0.00879061 0.012078 
0.780948 0.00590064 0.139656 0.0401627 0.00380432 0.0119528 0.0175761 
0.801045 0.00603115 0.151444 0.0164087 0.00212844 0.00717823 0.0157647 
0.803573 0.00818021 0.152056 0.0177654 0.00158864 0.00392431 0.0129124 
0.886797 0.0100782 0.043932 0.0285999 0.0033069 0.00308672 0.0241997 
0.877341 0.0104371 0.0460835 0.0257833 0.00335352 0.00391787 0.033084 
0.894652 0.0127592 0.0385917 0.0304821 0.0026082 0.00331503 0.0175914 
0.895739 0.0112502 0.0408445 0.0228003 0.00315773 0.00324807 0.0229601 
0.896233 0.0239815 0.0305292 0.0170556 0.0045301 0.00404803 0.0236229 
0.904896 0.0200041 0.0319571 0.0199441 0.00580364 0.00316294 0.0142319 
0.89541 0.0196484 0.0216954 0.0361244 0.00977731 0.0046034 0.0127408 
0.876178 0.0161637 0.0258897 0.0428276 0.0181811 0.00573433 0.0150257 
0.893134 0.0197164 0.0282347 0.0310412 0.00746721 0.00511488 0.0152912 
0.88637 0.0152954 0.0394663 0.0377212 0.0034468 0.00408619 0.0136143 
0.870959 0.0135624 0.0320635 0.0607957 0.00584165 0.00335763 0.0134204 
0.825596 0.0136542 0.0308018 0.105198 0.00694715 0.00479778 0.0130052 
0.882926 0.0172991 0.0276182 0.044731 0.00693274 0.00688141 0.0136118 
0.879631 0.0144437 0.0324542 0.0420486 0.00980012 0.00558315 0.0160391 
0.869152 0.0283977 0.0192092 0.0564235 0.0152902 0.00439737 0.00713019 
0.903127 0.0160837 0.0366596 0.0265018 0.00210464 0.00521289 0.0103106 
0.894444 0.015636 0.0411851 0.0240381 0.00443186 0.00248636 0.017779 
0.854641 0.0143403 0.050171 0.0577072 0.00242054 0.00262677 0.0180936 
0.832551 0.0289748 0.0386515 0.0814197 0.00178325 0.00311172 0.0135082 
0.877986 0.023453 0.0374158 0.0406577 0.00264796 0.00252315 0.0153161 
0.890574 0.015798 0.0354702 0.0381693 0.00343676 0.00306622 0.0134855 
0.877586 0.024934 0.0204569 0.0563661 0.0091342 0.00284694 0.00867617 
0.891094 0.024484 0.0283382 0.0354529 0.00511071 0.00299264 0.0125273 
0.891059 0.0192564 0.0332638 0.034577 0.00374335 0.00359969 0.0145008 
0.880209 0.0186182 0.0230121 0.0559448 0.00895406 0.00349276 0.00976892 
0.878978 0.022368 0.0209401 0.0542319 0.0107686 0.00383336 0.00887993 
0.870038 0.0185619 0.03029 0.0640464 0.0051608 0.00215789 0.00974496 
0.851462 0.0189277 0.0381412 0.075116 0.00300931 0.00211392 0.0112299 
0.846417 0.0251087 0.0339642 0.0789796 0.00305215 0.00194893 0.0105292 
0.889889 0.0251699 0.0285216 0.0395945 0.00382965 0.00333441 0.00966055 
0.854216 0.0277034 0.0325352 0.0683055 0.00445204 0.0024799 0.010308 
0.880255 0.0262197 0.0277718 0.0498706 0.00375127 0.00306041 0.009071 
0.878152 0.0184567 0.027372 0.0482543 0.0104789 0.00405892 0.0132272 
0.879093 0.0213277 0.0271086 0.0471573 0.0103493 0.00407323 0.0108913 
0.880975 0.0238255 0.0299746 0.046011 0.00554492 0.00361655 0.010052 
0.872974 0.0240008 0.0265777 0.0557608 0.00693636 0.00279278 0.0109575 
0.862342 0.0261752 0.0316121 0.0593633 0.0043619 0.00304409 0.0131016 
0.871929 0.0197697 0.0387111 0.0446337 0.00254209 0.00467846 0.0177356 
0.873077 0.0175655 0.0358721 0.0497174 0.00275299 0.00487475 0.0161399 
0.87911 0.0203431 0.0372477 0.0444648 0.00261671 0.00276696 0.0134512 
0.878591 0.01916 0.0360264 0.0475065 0.00456437 0.00241561 0.0117365 
0.885887 0.0195353 0.0417789 0.0340577 0.00294254 0.00273786 0.0130605 
0.883802 0.0195271 0.035384 0.0442767 0.00489557 0.00265439 0.00946053 
0.896414 0.0138286 0.0450043 0.0155625 0.00207323 0.00477806 0.0223399 
0.90197 0.0132574 0.042115 0.0152904 0.00460667 0.00437255 0.0183876 
0.879002 0.00656778 0.0634401 0.0107762 0.00135914 0.00553529 0.0333192 
0.868189 0.00770793 0.0626355 0.0412147 0.00175284 0.00352745 0.0149726 
0.866976 0.00702847 0.0543206 0.0383708 0.00344187 0.0063221 0.0235406 
0.865598 0.00724197 0.0479169 0.0509496 0.00434474 0.00433834 0.0196107 
0.869583 0.00841684 0.0436665 0.0513381 0.0043441 0.00304856 0.019603 
0.863321 0.00959958 0.0450718 0.0523226 0.00328378 0.00412448 0.0222771 
0.883976 0.00870069 0.0502143 0.0246994 0.00488543 0.00537512 0.0221492 
0.87057 0.00952721 0.0429318 0.0520285 0.0039137 0.00590685 0.0151224 
0.858732 0.00701434 0.0528419 0.0600909 0.003091 0.00402775 0.0142022 
0.889993 0.00872087 0.0340625 0.0509703 0.005794 0.00280059 0.00765913 
0.848338 0.00644247 0.0537966 0.0634635 0.0040723 0.0039669 0.0199199 
0.86826 0.00925862 0.0394934 0.0651855 0.00522252 0.00295404 0.00962636 
0.863017 0.00639028 0.0496368 0.0611584 0.00461311 0.00201987 0.0131643 
0.820477 0.00800046 0.0549076 0.0857843 0.00266504 0.00296304 0.0252022 
0.8126 0.00773843 0.0672595 0.0794652 0.00178386 0.00385615 0.0272966 
0.857425 0.00881312 0.0530189 0.0548286 0.00335393 0.00290544 0.0196547 
0.894287 0.00849761 0.0454381 0.0311431 0.0033381 0.00258579 0.0147099 
0.848468 0.0100221 0.0465124 0.0733798 0.0026957 0.00319182 0.0157299 
0.882459 0.0110486 0.051199 0.0299826 0.00206212 0.00293315 0.020316 
0.880594 0.00934927 0.0493697 0.0365066 0.00204408 0.00396978 0.0181663 
0.870475 0.00962497 0.0404311 0.0575157 0.00354094 0.00585933 0.012553 
0.859441 0.0091468 0.0476008 0.0485397 0.0038815 0.00962825 0.0217623 
0.875588 0.0131784 0.0318628 0.0555329 0.00504773 0.00749923 0.0112907 
0.905103 0.0129275 0.0310409 0.0312195 0.00445916 0.00557892 0.00967087 
0.892753 0.0156596 0.0333836 0.0396754 0.00285721 0.00478645 0.0108844 
0.877185 0.0127413 0.0353236 0.0602547 0.00306257 0.00415443 0.00727823 
0.87998 0.0140922 0.0371433 0.0518603 0.00266703 0.00319223 0.0110649 
0.861053 0.0126555 0.0455163 0.0591123 0.00175402 0.00396382 0.0159448 
0.880438 0.0153264 0.0411252 0.0361709 0.00267502 0.00241369 0.0218506 
0.869952 0.0119387 0.0558935 0.0393709 0.00118033 0.00289849 0.0187664 
0.889701 0.0126661 0.0362653 0.0387793 0.00379126 0.00353893 0.0152585 
0.877888 0.010969 0.0316416 0.0569848 0.00703563 0.00349418 0.0119868 
0.891157 0.0104218 0.0326708 0.0476881 0.00590013 0.00363857 0.00852308 
0.872078 0.0125084 0.0290771 0.0639316 0.00768832 0.00456091 0.0101558 
0.914742 0.0133872 0.0270684 0.0247098 0.00579406 0.00426202 0.0100366 
0.864978 0.0118052 0.0287442 0.0764664 0.00599317 0.00334886 0.00866379 
0.840104 0.00904015 0.0424364 0.0890928 0.00311311 0.00467104 0.0115426 
0.881527 0.00981513 0.039964 0.0497224 0.00391105 0.00324846 0.0118114 
0.829108 0.00989048 0.038186 0.104516 0.00355398 0.00327219 0.0114738 
0.843841 0.00884848 0.0426851 0.0805642 0.00406286 0.00416559 0.0158323 
0.883599 0.0105667 0.0339185 0.0448741 0.00575105 0.00510745 0.0161829 
0.862262 0.0101571 0.0353239 0.0673072 0.00553175 0.00460329 0.0148147 
0.865711 0.00991773 0.0374389 0.0596559 0.0050989 0.00415389 0.018024 
0.792159 0.0137873 0.037917 0.131332 0.00281555 0.00391037 0.0180791 
0.871524 0.0111002 0.0387595 0.0607777 0.0025498 0.00260134 0.0126876 
0.845981 0.0100165 0.0385332 0.0860765 0.00256609 0.00281897 0.0140078 
0.837312 0.00738221 0.0600911 0.0758476 0.00162832 0.00335745 0.0143814 
0.834886 0.00867827 0.0485453 0.083239 0.0023097 0.00731741 0.0150243 
0.76084 0.00886931 0.0672484 0.139895 0.0019461 0.00616813 0.0150333 
0.810012 0.00881913 0.0557255 0.10319 0.00223918 0.00431084 0.0157033 
0.843723 0.0104758 0.063158 0.0508026 0.00146605 0.00506803 0.0253065 
0.858049 0.0135701 0.049624 0.0543462 0.00173364 0.00365639 0.0190206 
0.860444 0.0132276 0.032275 0.0743887 0.00377835 0.00335809 0.0125281 
0.90523 0.0212553 0.0298309 0.0294295 0.00525599 0.00203091 0.00696708 
0.90395 0.012271 0.0458461 0.0204419 0.00204063 0.00264787 0.0128026 
0.830143 0.0103283 0.0620986 0.0705507 0.0024594 0.00257919 0.0218405 
0.858815 0.0111261 0.051057 0.0612648 0.00376856 0.00185373 0.0121151 
0.871871 0.0120031 0.0366995 0.0594368 0.00728759 0.00265474 0.0100472 
0.888643 0.0107114 0.0342553 0.0468203 0.00677301 0.00252554 0.0102715 
0.87618 0.00950912 0.0646501 0.0224555 0.0017897 0.00287736 0.0225386 
0.882221 0.0086503 0.0610597 0.0219474 0.00247214 0.00277105 0.0208782 
0.881048 0.0106839 0.0592681 0.0274385 0.00148015 0.0027119 0.0173699 
0.86933 0.00915452 0.0682024 0.0293269 0.00141671 0.00399638 0.0185727 
0.896566 0.013507 0.0485577 0.0132021 0.00183288 0.00427631 0.0220579 
0.902046 0.0138918 0.047254 0.0165665 0.00159073 0.0026751 0.0159756 
0.886012 0.0137427 0.0476654 0.0300317 0.002073 0.00347638 0.0169989 
0.892499 0.0136286 0.0494973 0.0219519 0.00255328 0.00361064 0.0162595 
0.897592 0.0141859 0.0468704 0.0205509 0.00258459 0.0024928 0.0157238 
0.876713 0.0116781 0.0531358 0.0303519 0.00178992 0.00503159 0.0212997 
0.698685 0.0156421 0.0616146 0.181676 0.00183831 0.00890682 0.0316373 
0.310857 0.0194472 0.0424574 0.586147 0.00192297 0.00968219 0.0294861 
0.0161999 0.0117899 0.043682 0.907616 4.59909E-4 0.0131008 0.0071519 
0.776746 0.00789033 0.0772793 0.110182 0.00119517 0.00355268 0.0231549 
0.888387 0.0100846 0.0659271 0.00343996 0.0014987 0.00299491 0.0276679 
0.90472 0.0207318 0.0459054 0.00367771 0.00429683 0.00334183 0.0173263 
0.896854 0.0148243 0.0396339 0.0269318 0.00443604 0.0039177 0.0134018 
0.8718 0.0110137 0.0407098 0.0557144 0.00362548 0.00327881 0.0138581 
0.869011 0.00959603 0.049224 0.0560492 0.00269953 0.00115277 0.0122678 
0.877247 0.0113735 0.0508659 0.0402619 0.00232422 0.00217484 0.0157526 
0.863139 0.0153049 0.0317331 0.0768421 0.00516924 0.00149457 0.00631701 
0.862901 0.0112995 0.0377315 0.069009 0.00343648 0.00259323 0.0130293 
0.854243 0.0110283 0.0348426 0.0795346 0.00556019 0.00261958 0.0121715 
0.85316 0.0111615 0.045205 0.0701061 0.00344892 0.00244601 0.0144727 
0.879279 0.0122781 0.0348748 0.0545544 0.00489698 0.00294213 0.0111746 
0.908317 0.0187546 0.0347033 0.0239626 0.00284393 0.00241679 0.00900161 
0.88867 0.0144889 0.0302936 0.0512162 0.00755326 0.00148309 0.00629519 
0.917336 0.0177523 0.0338604 0.0120632 0.00531074 0.0026173 0.0110597 
0.894995 0.0127081 0.0351961 0.0393358 0.00359623 0.00393463 0.0102343 
0.842216 0.0106256 0.0311144 0.0967043 0.004581 0.00436356 0.0103953 
0.675486 0.0108825 0.0203981 0.264979 0.0154543 0.00457894 0.00822101 
0.240977 0.013223 0.0166999 0.71619 0.00297799 0.00632922 0.00360284 
0.495048 0.00519108 0.0574141 0.41986 0.00436855 0.00369563 0.0144225 
0.792786 0.00506724 0.0765226 0.0916976 0.00287407 0.00329585 0.0277562 
0.847771 0.00586517 0.0605742 0.0634018 0.00318496 0.00346802 0.0157353 
0.892627 0.00801201 0.0462468 0.0323272 0.00404084 0.00234557 0.0144002 
0.821929 0.0101081 0.049185 0.0982783 0.00197935 0.00542358 0.0130967 
0.837221 0.00733887 0.0404565 0.0875625 0.00708471 0.00697392 0.0133626 
0.846047 0.0094776 0.0354891 0.0857334 0.00521856 0.0048539 0.0131804 
0.855703 0.00986061 0.0331467 0.0834607 0.00493273 0.0035555 0.00934106 
0.878898 0.0115574 0.0377246 0.052182 0.00493499 0.00471503 0.00998838 
0.889911 0.0116785 0.0409135 0.0394077 0.00359582 0.00298658 0.0115066 
0.891778 0.0117855 0.0412468 0.0277954 0.00573445 0.00506992 0.0165899 
0.894224 0.0119375 0.0406395 0.0296828 0.00703925 0.00470051 0.0117767 
0.87495 0.0117418 0.0344367 0.0537739 0.00550914 0.00598498 0.0136034 
0.880439 0.0104698 0.043826 0.0431991 0.00321439 0.00527933 0.0135722 
0.824672 0.0120919 0.0566894 0.0816736 0.00169742 0.00661738 0.0165584 
0.837948 0.0128341 0.0503709 0.0778099 0.00149472 0.00581317 0.0137287 
0.844528 0.00773263 0.0666344 0.0558514 0.00221552 0.00595158 0.0170861 
0.881854 0.0115289 0.0489218 0.0339435 0.00254752 0.00517441 0.0160294 
0.881782 0.0123083 0.042128 0.0471893 0.00274975 0.00322686 0.0106155 
0.849936 0.00978251 0.0416969 0.0829564 0.00344876 0.00333487 0.00884477 
0.837046 0.0100962 0.0442458 0.0925138 0.002647 0.00293083 0.0105204 
0.890415 0.0105972 0.0497046 0.0275064 0.00358118 0.00397068 0.0142247 
0.876199 0.00763035 0.0671777 0.0287286 0.0027646 0.00348569 0.0140138 
0.872465 0.0096437 0.0794251 0.01192 0.00351861 0.00416939 0.0188582 
0.884862 0.01045 0.060712 0.0177294 0.00394652 0.00410634 0.0181937 
0.885255 0.00932477 0.0577901 0.02506 0.00424484 0.00339714 0.0149286 
0.877409 0.0101814 0.0584034 0.0347822 0.00253361 0.00339857 0.0132922 
0.888912 0.00882407 0.0517326 0.0284499 0.00407681 0.00324688 0.0147575 
0.884766 0.00967309 0.04829 0.0377185 0.00336262 0.00329532 0.0128944 
0.890276 0.0082315 0.0524953 0.0323546 0.00375271 0.00355772 0.00933223 
0.833789 0.00795148 0.0524441 0.0905175 0.0042471 0.00273301 0.00831809 
0.884296 0.00998076 0.0486773 0.0388837 0.00381411 0.00378745 0.0105609 
0.90276 0.0119266 0.0442827 0.0255721 0.00440045 0.00257764 0.00848087 
0.891588 0.017452 0.043072 0.028181 0.00482398 0.00283453 0.0120483 
0.866911 0.0192279 0.0354938 0.065585 0.00398916 0.0025486 0.00624492 
0.884356 0.0182436 0.042723 0.0391 0.00364907 0.0025149 0.00941355 
0.881203 0.0199735 0.0297174 0.0514899 0.00803741 0.00231713 0.00726221 
0.827645 0.0177012 0.0310847 0.109187 0.00623024 0.00166977 0.00648261 
0.787767 0.0120255 0.030525 0.153344 0.00959123 0.0017567 0.00499059 
0.857481 0.013175 0.0337336 0.0812373 0.0054258 0.00263064 0.00631704 
0.849035 0.0172261 0.0281548 0.0916849 0.00661657 0.00217231 0.00511045 
0.653882 0.0213806 0.0209576 0.27152 0.0217576 0.00388607 0.00661584 
0.761227 0.0159016 0.0251359 0.177953 0.0111882 0.00327007 0.00532367 
0.761166 0.0167195 0.0279265 0.171036 0.0107999 0.00509287 0.00725915 
0.748077 0.01295 0.0448854 0.178659 0.00263253 0.00306686 0.00972915 
0.862614 0.0162389 0.0333104 0.0730484 0.00449314 0.00273051 0.00756429 
0.826226 0.011145 0.0351229 0.108101 0.00905459 0.00383216 0.00651847 
0.866433 0.0118991 0.0346505 0.0662225 0.00878472 0.00532643 0.00668368 
0.864464 0.0111327 0.0381542 0.0675544 0.00791525 0.00352941 0.00724958 
0.861027 0.00974353 0.0484391 0.060763 0.00434238 0.00511683 0.0105678 
0.883587 0.0151467 0.0356734 0.0481943 0.00449825 0.00460041 0.0083002 
0.848058 0.0157464 0.0278124 0.0925338 0.00726719 0.00311584 0.00546638 
0.843304 0.0179383 0.0233294 0.0967249 0.0109867 0.00255322 0.00516304 
0.843658 0.0167629 0.0271557 0.0966092 0.00917493 0.00203785 0.00460119 
0.880287 0.0139493 0.0405543 0.0507503 0.00484393 0.00281757 0.0067977 
0.785997 0.0105116 0.0372115 0.151395 0.008015 0.00240435 0.00446573 
0.787425 0.0123755 0.0361658 0.148633 0.00813327 0.00294811 0.00431996 
0.849116 0.0100603 0.049996 0.0774541 0.00451318 0.00244782 0.00641256 
0.881435 0.0109827 0.0712498 0.0211934 0.00477409 0.00165774 0.00870693 
0.870897 0.00954465 0.0575906 0.0396732 0.0140603 0.00186731 0.00636673 
0.875231 0.0138686 0.0705576 0.0217907 0.00794777 0.00334216 0.0072624 
0.87873 0.0236907 0.0620084 0.017072 0.00428428 0.00331413 0.0109003 
0.867061 0.0181128 0.0817792 0.0123603 0.00409582 0.00365079 0.0129403 
0.864088 0.0182807 0.0668485 0.0331196 0.00448896 0.00246873 0.0107052 
0.875615 0.012189 0.0781066 0.0171828 0.00157103 0.00406903 0.0112663 
0.846313 0.0117589 0.0790048 0.0455444 0.00196824 0.0048896 0.0105209 
0.863455 0.0118093 0.0803183 0.0324084 0.00253674 0.00249619 0.00697635 
0.883471 0.013044 0.0551957 0.0345521 0.00610305 0.00266695 0.00496699 
0.879851 0.0214705 0.0614718 0.0197809 0.00615948 0.00391165 0.00735435 
0.870633 0.0161648 0.0562303 0.0398891 0.00801408 0.00301469 0.00605384 
0.868509 0.0122503 0.0822883 0.0273391 0.00242901 0.00164239 0.00554205 
0.881071 0.0125937 0.0654071 0.0288884 0.00387992 0.00242798 0.00573181 
0.850891 0.0127601 0.0562179 0.0619203 0.00784126 0.00270327 0.00766564 
0.850807 0.00910121 0.0613278 0.0603755 0.00873536 0.00275569 0.00689704 
0.868484 0.0168526 0.0465856 0.0439635 0.0115068 0.0046959 0.00791131 
0.860145 0.0105868 0.0572355 0.0537899 0.00861038 0.00332445 0.00630815 
0.872272 0.010327 0.071139 0.0284113 0.0048931 0.00306475 0.00989267 
0.859373 0.0101632 0.0646666 0.0479372 0.00439426 0.00294288 0.0105227 
0.878241 0.0110547 0.0693494 0.0199101 0.00474255 0.00382537 0.0128766 
0.858939 0.00913301 0.083037 0.0317773 0.00212473 0.00366098 0.0113278 
0.832406 0.00858951 0.0921645 0.047683 0.00211407 0.00485737 0.0121854 
0.846519 0.0109975 0.0876374 0.0381354 0.00224865 0.00262982 0.0118323 
0.858847 0.00845708 0.0707936 0.0461297 0.0048778 0.00283877 0.00805635 
0.165621 0.0208916 0.0721156 0.631669 0.0110507 0.0783845 0.020268 
0.251175 0.0146841 0.0586147 0.652452 0.0021052 0.0145698 0.00639839 
0.0474193 0.029382 0.0417101 0.853769 0.00156424 0.0200956 0.00606008 
0.599887 0.0121825 0.0673 0.303358 0.00177659 0.00646793 0.00902761 
0.598074 0.0145491 0.0525662 0.321336 0.00213472 0.00457668 0.00676316 
0.688149 0.0107242 0.096981 0.179348 0.00132935 0.00598466 0.0174838 
0.778762 0.00982409 0.0680173 0.124472 0.00255093 0.00518766 0.0111859 
0.788361 0.00976643 0.0854648 0.0944382 0.00129872 0.00463099 0.01604 
0.781899 0.0088635 0.114622 0.069764 8.6267E-4 0.00429039 0.0196991 
0.814107 0.0103067 0.0715384 0.0877411 0.00256525 0.00296729 0.0107746 
0.855042 0.0144043 0.0595703 0.051048 0.00422178 0.00332907 0.0123849 
0.876073 0.0147832 0.0626987 0.0277232 0.00327151 0.00307326 0.0123769 
0.843822 0.0133143 0.0841352 0.0405419 0.00237167 0.00186054 0.0139545 
0.854021 0.0117142 0.090651 0.0173319 0.00345234 0.00180028 0.0210289 
0.802162 0.00790349 0.102222 0.0715931 0.00149567 0.00252965 0.0120933 
0.818727 0.00647586 0.0770711 0.0800712 0.00484985 0.00293555 0.00986938 
0.832445 0.00663299 0.0585418 0.0809335 0.0082113 0.0031632 0.0100722 
0.859641 0.00644642 0.0846303 0.0301107 0.00297073 0.00439697 0.0118043 
0.878551 0.0123532 0.0635581 0.0227847 0.00393446 0.00551627 0.0133024 
0.877205 0.00788323 0.0801287 0.0138117 0.00185469 0.00352506 0.0155912 
0.835808 0.00818519 0.0954091 0.0302653 0.00191689 0.00410661 0.0243092 
0.857396 0.00839826 0.0873203 0.0218066 0.00135889 0.00337625 0.020344 
0.858202 0.011376 0.0870265 0.0233338 0.00109521 0.00325795 0.015709 
0.860136 0.0121951 0.0919747 0.0158726 9.53363E-4 0.00209769 0.0167709 
