0.865298 0.01075 0.0691204 0.00630435 0.00123484 0.01171 0.0355825 
0.880607 0.0114411 0.0552368 0.00682095 0.00300514 0.0155535 0.0273352 
0.884344 0.0109487 0.0528671 0.00497657 0.00339402 0.0155357 0.0279338 
0.884272 0.0130577 0.0533788 0.00492382 0.00236701 0.0133696 0.0286308 
0.89531 0.0111083 0.0567005 0.00436125 0.00180864 0.0115116 0.0191994 
0.895451 0.0123806 0.0510213 0.00560246 0.00262875 0.00982555 0.0230901 
0.889335 0.0135612 0.055986 0.00483635 0.00193752 0.00905061 0.0252932 
0.875051 0.0121163 0.0654203 0.00302786 0.00174887 0.0096484 0.0329874 
0.868685 0.0122563 0.0624514 0.00396737 0.00154563 0.0119999 0.0390945 
0.882927 0.0130159 0.0569088 0.00610324 0.00289328 0.0103981 0.0277537 
0.879353 0.0106536 0.0625889 0.00319573 0.00290336 0.0102899 0.0310156 
0.878839 0.00918238 0.0667534 0.00407175 0.00264977 0.010294 0.0282097 
0.880564 0.00906411 0.0664984 0.00398833 0.00183552 0.0080841 0.0299659 
0.878612 0.00978666 0.0668861 0.00444689 0.00207525 0.00801396 0.0301788 
0.87693 0.0120509 0.0665175 0.00392551 0.00166272 0.0069671 0.0319465 
0.880727 0.0111604 0.0568384 0.00518997 0.0029938 0.0103861 0.0327042 
0.907222 0.014543 0.045251 0.00696491 0.00315481 0.00631292 0.0165516 
0.901509 0.0136882 0.0440795 0.00466156 0.00220452 0.0130508 0.0208064 
0.905445 0.0150311 0.0358746 0.0115106 0.00399753 0.00950366 0.0186375 
0.902411 0.0223601 0.0319587 0.00915833 0.00668074 0.0111441 0.0162874 
0.897252 0.0160208 0.0399208 0.00829499 0.00665218 0.010128 0.0217313 
0.891506 0.0158246 0.0392771 0.0135033 0.00816528 0.0103774 0.0213467 
0.89534 0.0148515 0.0394778 0.00978702 0.00637272 0.0115542 0.0226167 
0.884133 0.0157498 0.048083 0.00720634 0.0027838 0.0105899 0.0314541 
0.898784 0.0176336 0.0394973 0.00479431 0.00283408 0.0118149 0.0246417 
0.895228 0.0169716 0.0435628 0.00619401 0.00247905 0.0101026 0.0254622 
0.878086 0.0139943 0.052721 0.00487593 0.00229317 0.00868486 0.0393445 
0.89357 0.0153727 0.0428372 0.00506077 0.00345607 0.00938598 0.0303174 
0.907567 0.0157904 0.0363311 0.00826618 0.00545098 0.00849778 0.018097 
0.901759 0.0135908 0.0431013 0.00657883 0.00343102 0.00656644 0.0249728 
0.902977 0.0141298 0.042576 0.00711999 0.00302774 0.0054192 0.0247507 
0.900181 0.0202976 0.0390485 0.00592531 0.00333026 0.00747539 0.023742 
0.886431 0.015926 0.0473521 0.0060255 0.00187276 0.00832705 0.0340656 
0.898709 0.0108985 0.0484811 0.0115975 0.00324697 0.00477425 0.0222922 
0.907799 0.0119092 0.035787 0.0135922 0.0050281 0.00898859 0.0168954 
0.892806 0.0182859 0.0317977 0.00764937 0.00680382 0.0134929 0.0291644 
0.909835 0.0216695 0.0353433 0.00543777 0.00288808 0.0063117 0.0185149 
0.920253 0.0140879 0.0352946 0.00628609 0.00260712 0.00807435 0.0133967 
0.898165 0.0247567 0.0358259 0.00599952 0.00947078 0.00648087 0.0193016 
0.901099 0.0220489 0.0333291 0.00994803 0.0103677 0.00637722 0.0168299 
0.901671 0.0133557 0.0410381 0.00970308 0.00513427 0.0103731 0.0187252 
0.879422 0.0162735 0.0512669 0.0079514 0.00801234 0.00988991 0.027184 
0.897888 0.0167797 0.0379821 0.0167726 0.0102834 0.00493266 0.0153615 
0.889353 0.0334231 0.0340952 0.00521577 0.00321891 0.00918493 0.025509 
0.871157 0.0187666 0.0529585 0.0039241 0.00168406 0.00780846 0.0437011 
0.843274 0.0158519 0.0629971 0.00360436 0.0017924 0.00977529 0.0627055 
0.872613 0.0201358 0.0513797 0.0072842 0.00315612 0.0047082 0.0407228 
0.85337 0.0151016 0.068883 0.00500404 0.00138335 0.00601082 0.0502474 
0.879816 0.0142448 0.0544031 0.00944354 0.00369786 0.00508059 0.0333143 
0.879145 0.0141703 0.0506777 0.0142112 0.00483419 0.00860858 0.0283529 
0.892957 0.0106859 0.0522267 0.00859459 0.00157259 0.00556516 0.0283983 
0.88385 0.0144492 0.0543805 0.00639555 0.00182575 0.00712908 0.0319695 
0.860628 0.00918884 0.0722317 0.00736322 0.00179244 0.00444848 0.0443473 
0.887842 0.00939879 0.0625432 0.00740307 0.00197578 0.00452092 0.0263165 
0.871502 0.0128439 0.0595257 0.00667273 0.0026972 0.00383948 0.0429193 
0.873129 0.0135678 0.0628852 0.00459491 0.0030552 0.00575001 0.0370176 
0.888761 0.0115457 0.0585306 0.0045611 0.00232067 0.00565069 0.02863 
0.901759 0.0135908 0.0431013 0.00657883 0.00343102 0.00656644 0.0249728 
0.902977 0.0141298 0.042576 0.00711999 0.00302774 0.0054192 0.0247507 
0.900181 0.0202976 0.0390485 0.00592531 0.00333026 0.00747539 0.023742 
0.886431 0.015926 0.0473521 0.0060255 0.00187276 0.00832705 0.0340656 
0.898709 0.0108985 0.0484811 0.0115975 0.00324697 0.00477425 0.0222922 
0.907799 0.0119092 0.035787 0.0135922 0.0050281 0.00898859 0.0168954 
0.892806 0.0182859 0.0317977 0.00764937 0.00680382 0.0134929 0.0291644 
0.909835 0.0216695 0.0353433 0.00543777 0.00288808 0.0063117 0.0185149 
0.920253 0.0140879 0.0352946 0.00628609 0.00260712 0.00807435 0.0133967 
0.898165 0.0247567 0.0358259 0.00599952 0.00947078 0.00648087 0.0193016 
0.901099 0.0220489 0.0333291 0.00994803 0.0103677 0.00637722 0.0168299 
0.901671 0.0133557 0.0410381 0.00970308 0.00513427 0.0103731 0.0187252 
0.879422 0.0162735 0.0512669 0.0079514 0.00801234 0.00988991 0.027184 
0.897888 0.0167797 0.0379821 0.0167726 0.0102834 0.00493266 0.0153615 
0.889353 0.0334231 0.0340952 0.00521577 0.00321891 0.00918493 0.025509 
0.871157 0.0187666 0.0529585 0.0039241 0.00168406 0.00780846 0.0437011 
0.843274 0.0158519 0.0629971 0.00360436 0.0017924 0.00977529 0.0627055 
0.872613 0.0201358 0.0513797 0.0072842 0.00315612 0.0047082 0.0407228 
0.85337 0.0151016 0.068883 0.00500404 0.00138335 0.00601082 0.0502474 
0.879816 0.0142448 0.0544031 0.00944354 0.00369786 0.00508059 0.0333143 
0.879145 0.0141703 0.0506777 0.0142112 0.00483419 0.00860858 0.0283529 
0.892957 0.0106859 0.0522267 0.00859459 0.00157259 0.00556516 0.0283983 
0.88385 0.0144492 0.0543805 0.00639555 0.00182575 0.00712908 0.0319695 
0.860628 0.00918884 0.0722317 0.00736322 0.00179244 0.00444848 0.0443473 
0.887842 0.00939879 0.0625432 0.00740307 0.00197578 0.00452092 0.0263165 
0.871502 0.0128439 0.0595257 0.00667273 0.0026972 0.00383948 0.0429193 
0.873129 0.0135678 0.0628852 0.00459491 0.0030552 0.00575001 0.0370176 
0.888761 0.0115457 0.0585306 0.0045611 0.00232067 0.00565069 0.02863 
0.793726 0.00624574 0.0953352 0.0705786 0.00412237 0.00759337 0.0223983 
0.839973 0.00512798 0.0921897 0.0381191 0.0033372 0.00456823 0.0166846 
0.835369 0.00506033 0.101352 0.03109 0.00265772 0.00360965 0.0208608 
0.862624 0.00812553 0.0669129 0.0349874 0.00314065 0.00584832 0.018361 
0.840201 0.00638509 0.081005 0.0403966 0.00366583 0.00661154 0.0217346 
0.844855 0.00577309 0.0878356 0.0315905 0.00205143 0.0059341 0.0219601 
0.879122 0.00798415 0.0622222 0.022369 0.00310688 0.00871936 0.0164768 
0.873157 0.0102473 0.0631497 0.0280452 0.00377453 0.00644688 0.0151793 
0.858627 0.00823099 0.0875829 0.0159237 0.00211506 0.00716189 0.0203588 
0.827848 0.00645308 0.117639 0.0212811 0.00247319 0.00605214 0.0182536 
0.812 0.00689644 0.121828 0.0388502 0.0045184 0.00488284 0.0110236 
0.777233 0.00540143 0.165018 0.0282951 0.00394835 0.0070142 0.0130897 
0.761941 0.00572 0.155951 0.0479702 0.00394446 0.0130806 0.0113922 
0.778265 0.00576932 0.16621 0.0271676 0.00198466 0.0121999 0.00840284 
0.901759 0.0135908 0.0431013 0.00657883 0.00343102 0.00656644 0.0249728 
0.902977 0.0141298 0.042576 0.00711999 0.00302774 0.0054192 0.0247507 
0.900181 0.0202976 0.0390485 0.00592531 0.00333026 0.00747539 0.023742 
0.886431 0.015926 0.0473521 0.0060255 0.00187276 0.00832705 0.0340656 
0.898709 0.0108985 0.0484811 0.0115975 0.00324697 0.00477425 0.0222922 
0.907799 0.0119092 0.035787 0.0135922 0.0050281 0.00898859 0.0168954 
0.892806 0.0182859 0.0317977 0.00764937 0.00680382 0.0134929 0.0291644 
0.909835 0.0216695 0.0353433 0.00543777 0.00288808 0.0063117 0.0185149 
0.920253 0.0140879 0.0352946 0.00628609 0.00260712 0.00807435 0.0133967 
0.898165 0.0247567 0.0358259 0.00599952 0.00947078 0.00648087 0.0193016 
0.901099 0.0220489 0.0333291 0.00994803 0.0103677 0.00637722 0.0168299 
0.901671 0.0133557 0.0410381 0.00970308 0.00513427 0.0103731 0.0187252 
0.879422 0.0162735 0.0512669 0.0079514 0.00801234 0.00988991 0.027184 
0.897888 0.0167797 0.0379821 0.0167726 0.0102834 0.00493266 0.0153615 
0.889353 0.0334231 0.0340952 0.00521577 0.00321891 0.00918493 0.025509 
0.871157 0.0187666 0.0529585 0.0039241 0.00168406 0.00780846 0.0437011 
0.843274 0.0158519 0.0629971 0.00360436 0.0017924 0.00977529 0.0627055 
0.872613 0.0201358 0.0513797 0.0072842 0.00315612 0.0047082 0.0407228 
0.85337 0.0151016 0.068883 0.00500404 0.00138335 0.00601082 0.0502474 
0.879816 0.0142448 0.0544031 0.00944354 0.00369786 0.00508059 0.0333143 
0.879145 0.0141703 0.0506777 0.0142112 0.00483419 0.00860858 0.0283529 
0.892957 0.0106859 0.0522267 0.00859459 0.00157259 0.00556516 0.0283983 
0.88385 0.0144492 0.0543805 0.00639555 0.00182575 0.00712908 0.0319695 
0.860628 0.00918884 0.0722317 0.00736322 0.00179244 0.00444848 0.0443473 
0.887842 0.00939879 0.0625432 0.00740307 0.00197578 0.00452092 0.0263165 
0.871502 0.0128439 0.0595257 0.00667273 0.0026972 0.00383948 0.0429193 
0.873129 0.0135678 0.0628852 0.00459491 0.0030552 0.00575001 0.0370176 
0.888761 0.0115457 0.0585306 0.0045611 0.00232067 0.00565069 0.02863 
0.881718 0.0261263 0.0360662 0.037192 0.00523102 0.00348462 0.0101821 
0.895553 0.0264098 0.0283962 0.0239898 0.0155573 0.00169084 0.00840309 
0.889995 0.0181018 0.0406144 0.0299107 0.005678 0.00203105 0.0136695 
0.894789 0.0199809 0.0358801 0.0244665 0.00762375 0.00185569 0.0154044 
0.897581 0.0189625 0.0445732 0.0217465 0.00306725 0.00200053 0.0120689 
0.899041 0.0149244 0.0490138 0.0167668 0.00345182 0.0023492 0.0144528 
0.869711 0.0159149 0.0294827 0.053513 0.0183146 0.00293808 0.0101257 
0.892484 0.0170254 0.0393261 0.0307602 0.00857249 0.00210537 0.00972638 
0.877805 0.0181987 0.0393268 0.0406129 0.00791943 0.00253962 0.0135976 
0.896408 0.0173495 0.0332355 0.0293724 0.00946634 0.0033521 0.0108165 
0.897179 0.0168132 0.0498636 0.0177991 0.00267223 0.00226386 0.0134094 
0.89391 0.0215426 0.0394891 0.0230823 0.00546307 0.00325239 0.0132603 
0.881898 0.0183724 0.0429267 0.0321871 0.00745249 0.0024767 0.0146866 
0.901975 0.0121278 0.047341 0.0238974 0.00232391 0.00184918 0.010486 
0.885081 0.013944 0.0505737 0.0329389 0.00238792 0.00197149 0.0131027 
0.902087 0.01478 0.0483948 0.0178255 0.00188022 0.00221427 0.0128181 
0.87566 0.014261 0.0540194 0.0356266 0.00216055 0.0021269 0.016145 
0.868235 0.0191367 0.0528825 0.0292288 0.00352323 0.00166487 0.0253287 
0.881201 0.0223823 0.0562761 0.015981 0.00209084 0.00212346 0.0199449 
0.896187 0.0256672 0.0379839 0.0162004 0.00485333 0.00373207 0.0153764 
0.898301 0.0223615 0.0414755 0.0137403 0.00583733 0.00332512 0.0149587 
0.902539 0.0178416 0.0416781 0.0149884 0.00377132 0.00406169 0.0151204 
0.891854 0.0200338 0.0456618 0.0185457 0.00698107 0.00277193 0.0141519 
0.893058 0.0198182 0.0424955 0.0228698 0.00524782 0.00283771 0.0136731 
0.890972 0.0205385 0.0421581 0.0217431 0.00587468 0.00265787 0.0160559 
0.892061 0.0260132 0.040997 0.0159334 0.00548491 0.00382762 0.0156835 
0.887022 0.0243041 0.0366148 0.0216471 0.0125532 0.00491822 0.0129403 
0.897818 0.0229167 0.0381392 0.0141405 0.00719325 0.00568068 0.0141119 
0.901327 0.0217344 0.0386884 0.0137742 0.00704847 0.0041153 0.0133118 
0.905938 0.0198144 0.0375876 0.0149853 0.00568153 0.00349159 0.0125021 
0.900566 0.0195739 0.0481352 0.0119325 0.00260319 0.00354444 0.013645 
0.897841 0.0165359 0.050892 0.0141691 0.00311775 0.003055 0.0143896 
0.891519 0.0234852 0.0446525 0.0172494 0.00463992 0.00358729 0.014867 
0.896115 0.0230173 0.0378398 0.0184976 0.00708687 0.00336709 0.0140763 
0.898842 0.0174025 0.0433608 0.0166718 0.00540517 0.00340326 0.0149144 
0.894654 0.0228889 0.0453435 0.0188381 0.00296766 0.00264323 0.012665 
0.89535 0.0220947 0.0354453 0.028354 0.00701921 0.00248034 0.00925684 
0.889476 0.0246717 0.0313218 0.0299082 0.0110812 0.00334986 0.0101915 
0.889992 0.0238724 0.0436659 0.0179427 0.00540293 0.00404482 0.0150788 
0.900072 0.0188845 0.0480189 0.0108742 0.00346728 0.00434822 0.0143344 
0.882975 0.0129398 0.0709895 0.014025 0.00168781 0.00338673 0.0139959 
0.859396 0.0122836 0.0874953 0.019471 0.00198508 0.00302618 0.0163427 
0.837892 0.0101164 0.10616 0.0187666 0.00183338 0.00350068 0.0217307 
