0.720073 0.0116697 0.187425 0.00330997 0.00947582 0.00747247 0.0605744 
0.74602 0.0102655 0.160341 0.00693394 0.0229567 0.00657484 0.0469083 
0.734364 0.00876514 0.17118 0.00317754 0.00852683 0.00690641 0.06708 
0.733552 0.00788121 0.170147 0.00297457 0.00696331 0.00550305 0.0729788 
0.739912 0.00753707 0.171278 0.00321164 0.00531326 0.00619434 0.0665536 
0.759387 0.00689585 0.151521 0.00271182 0.00540219 0.00553949 0.0685425 
0.77083 0.00863904 0.142818 0.00315028 0.00526431 0.00658988 0.062709 
0.774118 0.00987605 0.135852 0.00280529 0.00608004 0.00563231 0.0656364 
0.767229 0.00949776 0.151154 0.00328826 0.00747381 0.00473973 0.0566173 
0.766552 0.00783103 0.146039 0.00312994 0.00674293 0.00409657 0.0656084 
0.759263 0.00891641 0.149022 0.00345554 0.00740436 0.00586926 0.0660689 
0.790555 0.00771476 0.121476 0.00442907 0.00627705 0.00574072 0.063807 
0.637679 0.00841532 0.172471 0.00321539 0.0116399 0.0067183 0.159861 
0.677667 0.00887785 0.150013 0.0030755 0.00722983 0.0111553 0.141981 
0.710695 0.00754948 0.168021 0.00376266 0.00771381 0.008114 0.0941439 
0.718519 0.0065499 0.168897 0.00440792 0.0066665 0.00660799 0.0883524 
0.694502 0.00583577 0.189195 0.00415314 0.00345454 0.00729327 0.0955665 
0.290468 0.146204 0.0292033 0.492987 0.00792227 0.0226048 0.0106108 
0.292003 0.178324 0.0391312 0.423179 0.0185306 0.03035 0.0184828 
0.0984205 0.157589 0.0233615 0.658814 0.0273181 0.0236602 0.010837 
0.19618 0.210683 0.023366 0.493031 0.0337175 0.0295795 0.0134432 
0.18038 0.329596 0.0320992 0.38047 0.0301369 0.0289493 0.0183681 
0.176377 0.227868 0.0284147 0.330939 0.173805 0.0388477 0.0237483 
0.243334 0.404012 0.0243572 0.229461 0.0478524 0.0340314 0.0169525 
0.287793 0.350736 0.0200515 0.227861 0.0715672 0.0279147 0.0140764 
0.244459 0.358596 0.0176752 0.292799 0.054503 0.019982 0.0119861 
0.269491 0.155864 0.0317773 0.529658 0.00488536 0.00617289 0.0021511 
0.204194 0.0897968 0.297179 0.359321 0.0183199 0.0195011 0.0116889 
0.159549 0.086142 0.548617 0.159106 0.0176683 0.0184431 0.0104747 
0.169005 0.0973479 0.431085 0.251469 0.0191813 0.0205682 0.0113443 
0.1727 0.0832961 0.533602 0.162722 0.0182664 0.0191722 0.0102408 
0.172592 0.0804071 0.309713 0.395013 0.0175287 0.0159299 0.00881632 
0.17741 0.0959834 0.236209 0.450544 0.0154208 0.0160657 0.0083685 
0.124685 0.115979 0.174076 0.55599 0.0109034 0.0127069 0.0056608 
0.158621 0.122782 0.188642 0.494577 0.0123931 0.0154891 0.00749491 
0.197527 0.13765 0.262205 0.350018 0.0177661 0.0225299 0.0123043 
0.222764 0.103459 0.359808 0.254212 0.0211936 0.0242201 0.0143431 
0.200817 0.0966218 0.290634 0.364541 0.0178875 0.0195138 0.00998523 
0.20703 0.0846363 0.438639 0.219314 0.0191905 0.0199357 0.0112539 
0.208491 0.0864522 0.402728 0.244988 0.0216873 0.0223203 0.013333 
0.210474 0.0997617 0.297917 0.339869 0.0191669 0.0209014 0.0119112 
0.180722 0.0788545 0.335536 0.360561 0.0191602 0.0160779 0.00908882 
0.192169 0.0927392 0.490355 0.172332 0.0200598 0.020612 0.0117335 
0.21139 0.0978799 0.36676 0.273113 0.0198168 0.0196066 0.0114334 
0.216622 0.0896719 0.470636 0.171058 0.0191126 0.021233 0.0116663 
0.202607 0.0831436 0.427617 0.236071 0.0200118 0.0192797 0.0112704 
0.236681 0.0784345 0.444601 0.190702 0.0191415 0.0193413 0.0110986 
0.151035 0.0580145 0.690678 0.066803 0.012402 0.0140388 0.00702921 
0.179583 0.072055 0.592156 0.110546 0.0172155 0.0184982 0.00994656 
0.263991 0.0801055 0.445945 0.147112 0.0198774 0.0276425 0.0153265 
0.330692 0.0921646 0.28951 0.217581 0.0206151 0.0320368 0.017401 
0.260036 0.0814278 0.223538 0.388194 0.0141724 0.0193823 0.0132491 
0.498221 0.0833117 0.0250239 0.378845 0.00563971 0.00581295 0.00314561 
0.80528 0.0600714 0.0200815 0.05979 0.0448424 0.00560358 0.00433116 
0.874912 0.0313458 0.0265635 0.027117 0.0300405 0.00426986 0.00575089 
0.873038 0.0335675 0.0207639 0.0315622 0.0323977 0.00317933 0.00549128 
0.815716 0.0256753 0.0215239 0.0520074 0.0755247 0.00311321 0.00643955 
0.800014 0.0524763 0.0160385 0.0498318 0.0713733 0.00409895 0.00616707 
0.793119 0.0903138 0.0147517 0.0316892 0.0579778 0.0059307 0.00621831 
0.811321 0.0863044 0.016144 0.0403557 0.0343965 0.00593 0.00554819 
0.803839 0.0478543 0.0157412 0.0981532 0.0271739 0.00316017 0.00407786 
0.837846 0.0483631 0.0166154 0.0756954 0.012094 0.00601455 0.00337146 
0.783115 0.0583681 0.0161356 0.0885581 0.0438538 0.00542547 0.00454431 
0.715697 0.073103 0.018509 0.153623 0.0295279 0.00509657 0.0044436 
0.791037 0.067156 0.0177084 0.0980629 0.0176286 0.00471514 0.00369192 
0.842458 0.0672464 0.0133335 0.054893 0.0161943 0.00374263 0.00213207 
0.714522 0.134372 0.0136451 0.113971 0.0162135 0.00468628 0.00259024 
0.661036 0.133835 0.015517 0.167698 0.0140423 0.00495701 0.00291431 
0.668761 0.11811 0.0176069 0.172978 0.0137532 0.0055248 0.00326553 
0.402637 0.132929 0.0217087 0.423684 0.0100222 0.00590286 0.00311586 
0.399334 0.131191 0.0218056 0.424082 0.0127425 0.00670722 0.00413744 
0.800871 0.0671968 0.0218076 0.0901119 0.00944922 0.00812553 0.00243772 
0.903363 0.0289323 0.0366286 0.0220838 0.00206959 0.00541644 0.00150606 
0.622643 0.00584697 0.3391 8.26321E-4 4.38938E-4 0.0263837 0.00476068 
0.672584 0.00869548 0.303929 8.70232E-4 0.00140661 0.00790188 0.00461251 
0.635401 0.00915963 0.327811 0.00287684 0.00119459 0.00395037 0.0196061 
0.618446 0.00776384 0.348762 0.00265724 0.00142498 0.00861894 0.012327 
0.376619 0.0164827 0.565348 3.8671E-4 0.00158342 0.0293502 0.0102302 
0.354128 0.0263046 0.519742 0.0010309 0.0025518 0.08284 0.0134026 
0.354278 0.0611984 0.0316973 9.26888E-4 0.00419657 0.542866 0.00483668 
0.24219 0.327877 0.0100315 0.00527783 0.0235931 0.38601 0.00502016 
0.0536313 0.577911 8.99735E-4 0.00176721 0.0134616 0.350746 0.00158335 
0.0156128 0.912859 5.67965E-4 0.00984613 0.00350259 0.0567908 8.20814E-4 
0.00934872 0.826397 9.54871E-4 0.0107232 0.002358 0.149755 4.63221E-4 
0.00588706 0.947803 9.22217E-4 0.00942804 0.00193209 0.0335224 5.05676E-4 
0.0127924 0.940432 0.00179371 0.0213016 0.00514561 0.0178221 7.1231E-4 
0.00283548 0.963164 3.47578E-4 0.00748587 9.7228E-4 0.0250086 1.85957E-4 
0.00244237 0.96316 4.79802E-4 0.00621318 6.2813E-4 0.0269709 1.05225E-4 
0.00293876 0.94096 8.40693E-4 0.00859527 8.0994E-4 0.0456066 2.49089E-4 
0.00548923 0.928115 0.0010445 0.00778474 7.39082E-4 0.0566182 2.095E-4 
0.00655506 0.912927 0.00101601 0.0107759 0.00103434 0.0675435 1.48028E-4 
0.00628806 0.943497 0.00164297 0.011635 0.0011917 0.0355573 1.88005E-4 
0.00800609 0.899413 0.0022567 0.00629684 8.26133E-4 0.0830674 1.34068E-4 
0.0132614 0.696773 0.00617624 0.0028701 0.00111385 0.279582 2.23498E-4 
0.00539042 0.703149 0.00262495 9.34498E-4 5.5625E-4 0.287275 6.93284E-5 
0.00462357 0.433907 0.0018224 6.61401E-4 5.60123E-4 0.558351 7.44698E-5 
0.860681 0.0254003 0.0376419 0.0402986 0.0171076 0.00906984 0.0098006 
0.820067 0.0341892 0.0287831 0.0744643 0.0252773 0.0087253 0.00849398 
0.808853 0.0304874 0.0352855 0.0921964 0.0142924 0.00990414 0.00898071 
0.732067 0.0494064 0.0267411 0.153959 0.0155473 0.0130959 0.0091831 
0.867494 0.0413624 0.0222203 0.0386247 0.01143 0.0121414 0.00672715 
0.82778 0.0410788 0.020674 0.0758414 0.018036 0.00969979 0.00688963 
0.856096 0.0395054 0.0208554 0.0586221 0.00976062 0.00906122 0.00609921 
0.879635 0.0460136 0.0195779 0.0284791 0.0125575 0.00756988 0.00616738 
0.848827 0.0422164 0.019311 0.0546776 0.0213655 0.00700221 0.00660057 
0.88103 0.0282722 0.0223058 0.0430213 0.0123448 0.00566624 0.00735992 
0.902643 0.0191335 0.0289901 0.0318755 0.00677688 0.00381806 0.00676267 
0.903423 0.025096 0.0253556 0.0286873 0.00664732 0.00432397 0.00646733 
0.888626 0.0222582 0.0300591 0.043842 0.00395482 0.00464704 0.00661247 
0.884909 0.0354151 0.0227993 0.0308623 0.0141083 0.00526232 0.00664376 
0.900049 0.0305346 0.0230123 0.0247627 0.00850964 0.00590159 0.0072298 
0.887699 0.0351473 0.0272401 0.0277868 0.00949569 0.00534604 0.0072853 
0.868916 0.0380221 0.0268308 0.0358288 0.0164613 0.0058338 0.0081069 
0.86071 0.0328919 0.0268117 0.0579184 0.00882907 0.00600269 0.00683598 
0.874452 0.0448614 0.0222438 0.0331532 0.0106982 0.00753504 0.00705618 
0.881596 0.0329047 0.025748 0.0402677 0.00751306 0.00574998 0.00622108 
0.893413 0.043573 0.0234235 0.0189059 0.00747303 0.00750843 0.00570344 
0.890571 0.0368607 0.0220936 0.0300238 0.00774053 0.00687449 0.00583627 
0.857556 0.0377338 0.0214854 0.0618466 0.00944193 0.0063584 0.00557743 
0.858596 0.0415461 0.0206394 0.0538938 0.0150091 0.0048598 0.00545577 
0.862065 0.0388522 0.023091 0.0524654 0.0119092 0.00592326 0.005694 
0.893219 0.0314221 0.0266992 0.0264263 0.00934576 0.00528057 0.00760683 
0.884572 0.0372271 0.028883 0.0207779 0.0140364 0.00630268 0.00820098 
0.885039 0.0246657 0.0383012 0.0261682 0.0125289 0.00552429 0.00777248 
0.842013 0.0225923 0.0315932 0.0666958 0.0237465 0.00554399 0.00781524 
0.834161 0.0175804 0.035962 0.0902878 0.0122093 0.0034599 0.00633999 
0.7698 0.0156737 0.0450635 0.154327 0.00582083 0.00345882 0.00585674 
0.827821 0.0155758 0.0470454 0.0944946 0.00497805 0.00394902 0.00613567 
0.82539 0.0215425 0.0452846 0.0866884 0.00575767 0.00713886 0.00819845 
0.813348 0.0363442 0.0360607 0.0879152 0.0110018 0.00639684 0.00893318 
0.642374 0.0364816 0.0260708 0.279518 0.00362179 0.00595793 0.00597562 
0.714876 0.0282032 0.0270739 0.213351 0.0046458 0.00531524 0.00653506 
0.723566 0.0462395 0.021463 0.187892 0.00642107 0.00779933 0.00661874 
0.534681 0.10329 0.021205 0.312397 0.0109515 0.0100311 0.00744428 
0.331512 0.161744 0.0336286 0.424135 0.0134991 0.020492 0.0149897 
0.231338 0.173414 0.0301443 0.517338 0.0180251 0.0172476 0.0124936 
0.141151 0.173889 0.0301795 0.624054 0.00897655 0.0129181 0.00883214 
0.133198 0.196812 0.0256644 0.612828 0.011157 0.012038 0.00830238 
0.0889311 0.190249 0.0229697 0.672813 0.00871905 0.00952525 0.00679269 
0.0590399 0.108117 0.0256202 0.797283 0.0028615 0.00491493 0.00216343 
0.0819836 0.176038 0.0285578 0.693451 0.00598104 0.00928718 0.00470125 
0.090887 0.128681 0.0341066 0.734502 0.00361957 0.00567579 0.00252724 
0.0942744 0.230926 0.0318222 0.621995 0.00628051 0.00976518 0.00493692 
0.147454 0.404264 0.0320509 0.376607 0.0120975 0.0193651 0.00816076 
0.532666 0.071388 0.0714122 0.315963 0.00252545 0.00469822 0.00134663 
0.413158 0.0720686 0.133422 0.358798 0.00753234 0.00958285 0.00543754 
0.453314 0.0611255 0.151154 0.305993 0.00963706 0.011611 0.00716622 
0.523824 0.0557105 0.149766 0.242249 0.00930113 0.0123129 0.00683604 
0.647185 0.0610236 0.121454 0.153182 0.00479483 0.00884018 0.00352116 
0.740017 0.049302 0.0787613 0.121623 0.00195739 0.00710383 0.00123527 
0.856232 0.0376975 0.0293972 0.0655815 0.00164299 0.00730308 0.00214566 
0.881936 0.0255145 0.0301463 0.0483324 0.00243237 0.00746592 0.0041728 
0.864251 0.0425301 0.0272683 0.0476946 0.00215843 0.0116812 0.00441606 
0.869858 0.0361019 0.0265104 0.0508373 0.00267905 0.00928565 0.0047281 
0.86153 0.0321638 0.0279875 0.0638368 0.00293353 0.00744458 0.00410348 
0.836022 0.0296763 0.0252561 0.096701 0.00433706 0.00462876 0.00337914 
0.852839 0.0304905 0.0257856 0.0761606 0.00427818 0.00673265 0.00371323 
0.871148 0.0264735 0.0297916 0.0546294 0.00810235 0.00567307 0.0041818 
0.883237 0.0318802 0.0274952 0.0347378 0.00936628 0.00742566 0.00585811 
0.897193 0.0267929 0.0272376 0.0274499 0.007079 0.0087368 0.00551093 
0.861336 0.0172668 0.0424658 0.0608045 0.00533936 0.0059326 0.00685513 
0.847834 0.0171217 0.0507875 0.0606642 0.00565303 0.00701253 0.010927 
0.764659 0.0161395 0.0560405 0.138644 0.00579317 0.00748721 0.0112362 
0.775548 0.0272577 0.0310731 0.135901 0.0139281 0.00765432 0.00863818 
0.827659 0.0408091 0.0291516 0.0749454 0.0119225 0.00870528 0.00680761 
0.83355 0.034303 0.0288754 0.0650002 0.0222942 0.00845633 0.00752085 
0.86728 0.0275664 0.0298744 0.0399968 0.0199098 0.00682091 0.00855184 
0.875115 0.0258755 0.0274742 0.0389695 0.0196168 0.00625849 0.00669079 
0.856759 0.0380073 0.0262751 0.0391963 0.0213704 0.0105392 0.00785317 
0.873903 0.0388617 0.0277865 0.0342523 0.0106683 0.00791148 0.00661656 
0.882928 0.024506 0.0272083 0.0461263 0.00726467 0.00614615 0.00582083 
0.876352 0.0240398 0.0239124 0.0537781 0.0105003 0.00574833 0.00566927 
0.893993 0.0257248 0.0241895 0.0366393 0.00884311 0.00520911 0.00540087 
0.894398 0.0265938 0.0251795 0.0397045 0.00383428 0.00563455 0.00465514 
0.911828 0.0279856 0.0241622 0.019501 0.005575 0.0057398 0.00520851 
0.915663 0.0261701 0.0263606 0.0183348 0.0037452 0.00501969 0.00470627 
0.890203 0.0377534 0.02003 0.0354338 0.00700034 0.00536324 0.00421617 
0.831686 0.0466205 0.0184232 0.0823508 0.0117401 0.0051053 0.00407397 
0.773001 0.0535452 0.0186713 0.126325 0.0176692 0.00604883 0.00473965 
0.860595 0.0445696 0.0221805 0.054736 0.00863826 0.0050421 0.00423869 
0.762498 0.0542688 0.0204508 0.139996 0.0138289 0.00460819 0.00434862 
0.769301 0.0452658 0.0228851 0.146407 0.00546983 0.00626724 0.00440456 
0.829482 0.0325205 0.0250687 0.100705 0.00495479 0.00354817 0.00372089 
0.654164 0.0452209 0.0214418 0.266176 0.00541924 0.00363176 0.00394609 
0.811847 0.0487645 0.0191279 0.108347 0.00578162 0.00337662 0.00275475 
0.658551 0.0521985 0.0218893 0.259291 0.00394054 0.00221912 0.00191043 
0.708448 0.0346873 0.0375285 0.214861 0.0019574 0.00170932 8.087E-4 
0.716964 0.0272034 0.11624 0.12972 0.003522 0.00382073 0.00253016 
0.66705 0.028444 0.133967 0.156451 0.00500179 0.00534016 0.00374594 
0.642084 0.02987 0.166362 0.143375 0.00637148 0.00705289 0.00488452 
0.412838 0.0491603 0.236454 0.258554 0.0143232 0.0162198 0.012451 
0.414814 0.0518969 0.292822 0.194789 0.0155019 0.0177372 0.0124381 
0.369287 0.0539002 0.248465 0.289809 0.0148351 0.0141836 0.00951988 
0.265053 0.0553489 0.289784 0.348403 0.0173498 0.0144261 0.00963527 
0.290159 0.0478999 0.203096 0.432267 0.0124237 0.0085889 0.00556596 
0.299086 0.0522308 0.248026 0.366071 0.0149974 0.0117761 0.00781297 
0.25392 0.0450488 0.22236 0.450847 0.0139768 0.00851603 0.00533123 
0.298407 0.0437328 0.227947 0.398333 0.0154964 0.0098086 0.00627458 
0.279115 0.0421505 0.149157 0.510814 0.0104083 0.00537671 0.00297816 
0.25996 0.0438382 0.231432 0.436938 0.0142806 0.00833981 0.00521237 
0.260974 0.0431291 0.217564 0.452514 0.0135412 0.00752623 0.00475222 
0.26114 0.0473064 0.412549 0.238652 0.0181521 0.0134922 0.00870794 
0.261928 0.044207 0.505535 0.146396 0.0168823 0.0150259 0.0100249 
0.251333 0.0514951 0.517768 0.141513 0.0149722 0.0139313 0.0089876 
0.253123 0.0436623 0.548817 0.117944 0.014137 0.0133614 0.00895508 
0.307495 0.039397 0.495553 0.122821 0.0130287 0.0127277 0.00897761 
0.235005 0.04812 0.485467 0.187247 0.0191648 0.0150506 0.00994506 
0.327261 0.0516853 0.352385 0.224723 0.0179437 0.0155573 0.0104444 
0.265676 0.0433408 0.240502 0.420962 0.0149672 0.00888536 0.00566688 
0.264214 0.03442 0.138082 0.546002 0.0103775 0.00433772 0.00256592 
0.274226 0.0331419 0.161891 0.50999 0.0124381 0.0051964 0.00311642 
0.333751 0.0294216 0.141095 0.478117 0.0109368 0.0040648 0.00261407 
0.337154 0.0338317 0.18092 0.426272 0.0128352 0.00544574 0.00354148 
0.26856 0.0275367 0.140443 0.545208 0.0116265 0.00406103 0.00256545 
0.28367 0.031532 0.144873 0.521632 0.0103763 0.00469949 0.00321635 
0.215395 0.0295751 0.111712 0.629383 0.00900852 0.00314226 0.00178452 
0.233092 0.0228698 0.0995087 0.630157 0.0110666 0.00226732 0.0010382 
0.20322 0.0387399 0.24139 0.486719 0.0153373 0.00891518 0.0056782 
0.120416 0.0228973 0.107283 0.737965 0.00710939 0.00275107 0.00157856 
0.0932088 0.018619 0.0885047 0.790746 0.00617403 0.00178177 9.65438E-4 
0.141633 0.0345177 0.202109 0.601507 0.0109272 0.00583351 0.00347142 
0.195716 0.0561631 0.425002 0.281907 0.0178609 0.0143516 0.00899961 
0.184574 0.0496599 0.63666 0.091579 0.0141704 0.0149695 0.00838677 
0.165276 0.0528784 0.665939 0.0802114 0.0135245 0.0145306 0.00763993 
0.130699 0.0521307 0.731221 0.0568786 0.0111613 0.0118189 0.00608985 
0.17228 0.0623603 0.639188 0.0849888 0.0146829 0.0169999 0.0095 
0.0587412 0.0402938 0.865932 0.0173807 0.00750572 0.00771039 0.00243661 
0.075947 0.0423193 0.839195 0.0229894 0.0077496 0.00873747 0.0030625 
0.140745 0.0567182 0.707805 0.0617141 0.012276 0.0136267 0.00711547 
0.200478 0.0763729 0.571232 0.105045 0.0157264 0.0199665 0.0111788 
0.14191 0.0531066 0.718664 0.0561257 0.0107259 0.0129309 0.00653615 
0.1234 0.0463808 0.759884 0.0457026 0.00937684 0.0101623 0.00509336 
0.221244 0.0821326 0.509707 0.131948 0.0180529 0.0232668 0.0136489 
0.238203 0.105492 0.200376 0.416748 0.0124868 0.0178989 0.00879522 
0.257281 0.130224 0.232656 0.327281 0.0151042 0.0253284 0.0121243 
0.286445 0.124959 0.292179 0.235748 0.0176955 0.0277609 0.0152123 
0.248472 0.107238 0.424535 0.156542 0.0189742 0.0283645 0.0158729 
0.292477 0.121281 0.237859 0.284155 0.0167444 0.0334909 0.013992 
0.232667 0.110244 0.385238 0.203909 0.021565 0.0286584 0.0177185 
0.24457 0.0809615 0.420812 0.19301 0.0216734 0.0237258 0.0152467 
0.214135 0.0673771 0.426739 0.239641 0.0212221 0.0189302 0.011956 
0.221912 0.0613052 0.39079 0.275389 0.0208542 0.0177064 0.0120427 
0.245308 0.0594685 0.351279 0.292619 0.021324 0.0180526 0.0119485 
0.280969 0.0561591 0.316346 0.3015 0.0186486 0.0157905 0.0105866 
0.311836 0.0626228 0.3145 0.264438 0.0179386 0.0170642 0.0116004 
0.260122 0.0589892 0.32502 0.312673 0.0177776 0.0150852 0.0103338 
0.282724 0.0667121 0.41148 0.187174 0.0188126 0.0195981 0.0134989 
0.234203 0.0516818 0.551162 0.124123 0.0148215 0.0143936 0.00961495 
0.258155 0.0619629 0.434209 0.199893 0.01848 0.0165113 0.0107881 
0.320121 0.0662702 0.302479 0.262757 0.0184224 0.0178923 0.0120579 
0.246523 0.0582685 0.25945 0.392866 0.0172929 0.0149244 0.0106765 
0.289887 0.0567624 0.259658 0.354067 0.016382 0.0136538 0.00958957 
0.265472 0.057258 0.316016 0.31218 0.0195457 0.0169594 0.0125694 
0.319702 0.0525814 0.290232 0.294728 0.0179327 0.0145549 0.0102687 
0.271049 0.0535381 0.40969 0.218209 0.019303 0.0163823 0.0118282 
0.335341 0.0524258 0.327229 0.243389 0.0172983 0.0142998 0.0100172 
0.267978 0.0532151 0.374726 0.263031 0.0183731 0.0136044 0.00907246 
0.350294 0.0559356 0.221953 0.341272 0.0131225 0.0101909 0.00723141 
0.288945 0.0439184 0.170405 0.474863 0.0114906 0.00632586 0.00405129 
0.294507 0.0522932 0.217267 0.405011 0.0134221 0.0102891 0.00721102 
0.27704 0.0668465 0.385481 0.217203 0.0198725 0.019805 0.0137514 
0.229142 0.0650989 0.481589 0.172802 0.0192706 0.0190091 0.0130888 
0.190513 0.0613832 0.51882 0.183708 0.0186077 0.0162095 0.0107598 
0.152537 0.037057 0.218381 0.567911 0.011998 0.00714587 0.00496968 
0.126578 0.0326923 0.180928 0.641313 0.00930956 0.00535343 0.00382511 
0.117295 0.0230776 0.0905091 0.760188 0.00583298 0.001911 0.0011858 
0.114138 0.0175643 0.057909 0.803834 0.00483587 0.00104101 6.78675E-4 
0.170068 0.0216508 0.112365 0.684207 0.00792911 0.00248718 0.00129277 
0.196507 0.0303472 0.185793 0.568236 0.0104861 0.00535506 0.00327571 
0.208255 0.0348158 0.288292 0.442053 0.0136109 0.00803169 0.00494157 
0.206033 0.0458274 0.419172 0.28993 0.0171367 0.0133479 0.00855329 
0.21398 0.0556985 0.47999 0.198507 0.0198432 0.0193769 0.0126042 
0.190032 0.0613398 0.51736 0.181939 0.0189973 0.0185576 0.0117735 
0.170495 0.0535177 0.317176 0.421707 0.0159517 0.0127005 0.00845231 
0.142165 0.0333795 0.135528 0.673666 0.0085996 0.00438091 0.002281 
0.186182 0.0332803 0.119048 0.648696 0.00766833 0.00342089 0.00170432 
0.171159 0.034908 0.199392 0.575862 0.00998943 0.00547394 0.00321539 
0.169409 0.0261028 0.0937524 0.70081 0.00689416 0.00211626 9.1517E-4 
0.175324 0.0258377 0.125628 0.66124 0.00800325 0.00271989 0.00124726 
0.15634 0.0295519 0.21675 0.577976 0.0109504 0.00528852 0.00314293 
0.155273 0.0267796 0.165887 0.637243 0.00895089 0.00378351 0.00208317 
0.135693 0.0257038 0.138226 0.687757 0.00806879 0.00298465 0.00156652 
0.155655 0.0306704 0.199774 0.595826 0.0105549 0.00482611 0.00269266 
0.138031 0.0257422 0.141209 0.682084 0.00856874 0.00311919 0.00124625 
0.16741 0.0427959 0.241741 0.526624 0.0111614 0.00655188 0.00371537 
0.154107 0.0443878 0.280755 0.493565 0.0134527 0.00871251 0.0050193 
0.15493 0.0365261 0.264297 0.521304 0.012365 0.00677857 0.00379965 
0.144579 0.0355544 0.230383 0.568888 0.0113579 0.00601056 0.0032283 
0.168201 0.0555227 0.370334 0.368778 0.0163871 0.0130903 0.00768751 
0.184872 0.062013 0.450348 0.257128 0.0188675 0.0165419 0.0102297 
0.207278 0.0681682 0.40009 0.277998 0.0188832 0.017137 0.0104459 
0.24168 0.0737447 0.42123 0.213976 0.0190383 0.0189798 0.0113509 
0.231751 0.075463 0.429931 0.214855 0.0188471 0.0186318 0.0105211 
0.272999 0.069756 0.417181 0.193608 0.0177755 0.0179701 0.0107113 
0.276312 0.0792995 0.342439 0.255121 0.0179347 0.0180978 0.010796 
0.272511 0.0853111 0.311172 0.278157 0.019455 0.0208365 0.012557 
0.304122 0.0825202 0.340332 0.223247 0.0181602 0.0200976 0.0115212 
0.247967 0.0702609 0.32031 0.31479 0.019386 0.0169726 0.0103139 
0.21094 0.0627225 0.155383 0.548684 0.0102499 0.00773826 0.00428183 
0.263942 0.061242 0.150152 0.503547 0.0102802 0.00684784 0.00398882 
0.261603 0.0633356 0.129319 0.528925 0.00886717 0.00518906 0.00276112 
0.246089 0.0602088 0.12946 0.54773 0.00931607 0.00470084 0.0024945 
0.299836 0.0871438 0.285333 0.283722 0.016726 0.0166037 0.0106357 
0.276579 0.113322 0.277665 0.284329 0.0164452 0.0194738 0.0121864 
0.24744 0.0919976 0.334345 0.274916 0.0186301 0.0196894 0.0129823 
0.262022 0.0683785 0.21272 0.422272 0.0135238 0.0127077 0.00837689 
0.385142 0.0721714 0.272628 0.225189 0.0157917 0.0178889 0.0111883 
0.372362 0.0858389 0.276401 0.21629 0.0156969 0.0206466 0.0127648 
0.304394 0.0676265 0.429452 0.152277 0.0160303 0.0182643 0.0119556 
0.376253 0.0858171 0.282353 0.207196 0.0153008 0.0202019 0.0128776 
0.410499 0.0628476 0.234929 0.256082 0.0134021 0.0133599 0.00888078 
0.333678 0.0650437 0.21154 0.355596 0.0133025 0.0124469 0.00839323 
0.288123 0.0744281 0.224499 0.373651 0.014717 0.0147247 0.00985765 
0.321358 0.0759094 0.126936 0.460094 0.00645161 0.00581428 0.00343709 
0.323792 0.0449964 0.10264 0.518913 0.00514408 0.00259377 0.00192136 
0.339307 0.0415852 0.0406379 0.572408 0.00463013 8.31633E-4 5.99256E-4 
0.502555 0.0537822 0.0240198 0.412469 0.00477874 0.00125846 0.00113637 
0.444547 0.0337421 0.0217777 0.49407 0.00434244 7.49845E-4 7.71636E-4 
0.592291 0.0334946 0.0243868 0.344308 0.00389714 8.23255E-4 7.98852E-4 
0.638119 0.0333796 0.017475 0.300293 0.00781654 0.00130547 0.00161155 
0.793773 0.0364739 0.0180528 0.136462 0.0108541 0.00184766 0.00253635 
0.793652 0.0255636 0.0218238 0.143853 0.00964904 0.00179212 0.00366596 
0.822525 0.0269662 0.0188341 0.108827 0.0167862 0.00180084 0.00426039 
0.878791 0.0222368 0.0240736 0.0556111 0.0137259 0.00144976 0.00411206 
0.879994 0.0174388 0.0221772 0.0615021 0.0136368 0.00135425 0.00389705 
0.858584 0.0186512 0.0261723 0.0717292 0.0181281 0.00188497 0.00485019 
0.810749 0.0249017 0.0249959 0.108064 0.0222419 0.00289619 0.00615099 
0.797579 0.0216194 0.028348 0.136019 0.00883996 0.00209994 0.00549465 
0.85799 0.016546 0.0346941 0.0751095 0.00631501 0.00186149 0.00748366 
0.882743 0.0182653 0.027823 0.0542331 0.00956707 0.00166773 0.00570111 
0.891171 0.0230211 0.0274354 0.0385299 0.0120901 0.00169203 0.00605996 
0.897113 0.0248221 0.0301257 0.0334119 0.00644802 0.00197159 0.00610785 
0.90581 0.0171493 0.0342532 0.030378 0.00393544 0.00224064 0.0062331 
0.905191 0.0169097 0.0387501 0.023965 0.00291 0.00321843 0.00905528 
0.885172 0.0130476 0.0390368 0.0480786 0.00378545 0.00218832 0.00869135 
0.857765 0.012054 0.0448094 0.0724031 0.00290663 0.00203883 0.00802268 
0.900908 0.0237726 0.0284409 0.0310531 0.00529342 0.00338531 0.00714676 
0.899841 0.0192768 0.0299424 0.0337994 0.00731861 0.00320498 0.00661676 
0.907708 0.0176347 0.0343021 0.0245047 0.00562643 0.00306086 0.00716325 
0.859002 0.0156408 0.0305435 0.0792556 0.00744418 0.00266251 0.00545114 
0.867737 0.0188514 0.0269532 0.0694979 0.00957344 0.00239648 0.00499078 
0.848682 0.027653 0.0319099 0.0712249 0.0104335 0.00416929 0.00592712 
0.820858 0.0365009 0.0278484 0.0900455 0.0146764 0.00459714 0.00547333 
0.87532 0.0274644 0.0304154 0.0476284 0.00909161 0.00450614 0.00557416 
0.822811 0.024267 0.027221 0.0957032 0.0204533 0.00417119 0.00537289 
0.777502 0.0211062 0.034055 0.126902 0.0263376 0.00539449 0.00870266 
0.731637 0.0278383 0.0351139 0.177856 0.0129081 0.00649573 0.00815188 
0.79551 0.0234926 0.02812 0.133427 0.0110316 0.00291937 0.00549879 
0.854926 0.0233853 0.0275287 0.0697178 0.0140236 0.00369897 0.00671958 
0.871399 0.0207187 0.0305925 0.0515238 0.0119193 0.00414725 0.00969965 
0.879121 0.0233901 0.0243188 0.0471102 0.0153438 0.00262953 0.00808689 
0.826821 0.0170772 0.02675 0.109626 0.010666 0.00267875 0.00638111 
0.877273 0.0143995 0.0270018 0.0622111 0.0118228 0.00146098 0.00583067 
0.902807 0.00999193 0.0339608 0.0401909 0.00683525 8.7377E-4 0.00534082 
0.874279 0.0161997 0.0468155 0.0501315 0.00362617 0.00134236 0.00760595 
0.87756 0.0175372 0.0294667 0.0476138 0.0194267 0.00241845 0.00597697 
0.784615 0.0174421 0.0299788 0.131705 0.0243935 0.00248678 0.00937976 
0.8645 0.0156293 0.0278526 0.068358 0.0147291 0.00216859 0.00676237 
0.758762 0.0249141 0.0209444 0.149124 0.0339678 0.00387222 0.00841554 
0.836122 0.0154966 0.037015 0.0512658 0.042884 0.00485377 0.0123629 
0.749345 0.0304081 0.0225718 0.085841 0.0997355 0.00522467 0.00687386 
0.765625 0.0429215 0.0473064 0.0117336 0.114104 0.00666252 0.0116475 
0.46852 0.0314147 0.400026 0.0176329 0.0377607 0.0223864 0.022259 
0.506525 0.0434225 0.0916452 0.0308158 0.298569 0.0183583 0.0106638 
0.143306 0.0193087 0.12154 0.122292 0.567592 0.0144455 0.0115153 
0.321826 0.0484353 0.389633 0.00928327 0.17991 0.0312863 0.0196265 
0.535549 0.0692296 0.250763 0.00495056 0.0811726 0.0421178 0.0162174 
0.6523 0.0509573 0.131762 0.00694927 0.114297 0.0284954 0.0152398 
0.778104 0.0557215 0.0892228 0.0100063 0.0454137 0.0109952 0.0105366 
0.814184 0.0144126 0.152845 0.00490793 0.0017807 0.00605349 0.00581639 
0.81603 0.0169651 0.129522 0.0127443 0.0145375 0.0052319 0.00496965 
0.844582 0.0136599 0.0706115 0.0547581 0.00501883 0.00869317 0.00267625 
0.792753 0.0302749 0.0498588 0.113093 0.00552718 0.00486017 0.0036329 
0.70358 0.0384132 0.0456373 0.197643 0.00320663 0.00799026 0.00353028 
0.617557 0.0490397 0.0273039 0.286225 0.0120861 0.00476238 0.00302692 
0.720073 0.0116697 0.187425 0.00330997 0.00947582 0.00747247 0.0605744 
0.74602 0.0102655 0.160341 0.00693394 0.0229567 0.00657484 0.0469083 
0.734364 0.00876514 0.17118 0.00317754 0.00852683 0.00690641 0.06708 
0.733552 0.00788121 0.170147 0.00297457 0.00696331 0.00550305 0.0729788 
0.739912 0.00753707 0.171278 0.00321164 0.00531326 0.00619434 0.0665536 
0.759387 0.00689585 0.151521 0.00271182 0.00540219 0.00553949 0.0685425 
0.77083 0.00863904 0.142818 0.00315028 0.00526431 0.00658988 0.062709 
0.774118 0.00987605 0.135852 0.00280529 0.00608004 0.00563231 0.0656364 
0.767229 0.00949776 0.151154 0.00328826 0.00747381 0.00473973 0.0566173 
0.766552 0.00783103 0.146039 0.00312994 0.00674293 0.00409657 0.0656084 
0.759263 0.00891641 0.149022 0.00345554 0.00740436 0.00586926 0.0660689 
0.790555 0.00771476 0.121476 0.00442907 0.00627705 0.00574072 0.063807 
0.637679 0.00841532 0.172471 0.00321539 0.0116399 0.0067183 0.159861 
0.677667 0.00887785 0.150013 0.0030755 0.00722983 0.0111553 0.141981 
0.710695 0.00754948 0.168021 0.00376266 0.00771381 0.008114 0.0941439 
0.718519 0.0065499 0.168897 0.00440792 0.0066665 0.00660799 0.0883524 
0.694502 0.00583577 0.189195 0.00415314 0.00345454 0.00729327 0.0955665 
0.290468 0.146204 0.0292033 0.492987 0.00792227 0.0226048 0.0106108 
0.292003 0.178324 0.0391312 0.423179 0.0185306 0.03035 0.0184828 
0.0984205 0.157589 0.0233615 0.658814 0.0273181 0.0236602 0.010837 
0.19618 0.210683 0.023366 0.493031 0.0337175 0.0295795 0.0134432 
0.18038 0.329596 0.0320992 0.38047 0.0301369 0.0289493 0.0183681 
0.176377 0.227868 0.0284147 0.330939 0.173805 0.0388477 0.0237483 
0.243334 0.404012 0.0243572 0.229461 0.0478524 0.0340314 0.0169525 
0.287793 0.350736 0.0200515 0.227861 0.0715672 0.0279147 0.0140764 
0.244459 0.358596 0.0176752 0.292799 0.054503 0.019982 0.0119861 
0.269491 0.155864 0.0317773 0.529658 0.00488536 0.00617289 0.0021511 
0.204194 0.0897968 0.297179 0.359321 0.0183199 0.0195011 0.0116889 
0.159549 0.086142 0.548617 0.159106 0.0176683 0.0184431 0.0104747 
0.169005 0.0973479 0.431085 0.251469 0.0191813 0.0205682 0.0113443 
0.1727 0.0832961 0.533602 0.162722 0.0182664 0.0191722 0.0102408 
0.172592 0.0804071 0.309713 0.395013 0.0175287 0.0159299 0.00881632 
0.17741 0.0959834 0.236209 0.450544 0.0154208 0.0160657 0.0083685 
0.124685 0.115979 0.174076 0.55599 0.0109034 0.0127069 0.0056608 
0.158621 0.122782 0.188642 0.494577 0.0123931 0.0154891 0.00749491 
0.197527 0.13765 0.262205 0.350018 0.0177661 0.0225299 0.0123043 
0.222764 0.103459 0.359808 0.254212 0.0211936 0.0242201 0.0143431 
0.200817 0.0966218 0.290634 0.364541 0.0178875 0.0195138 0.00998523 
0.20703 0.0846363 0.438639 0.219314 0.0191905 0.0199357 0.0112539 
0.208491 0.0864522 0.402728 0.244988 0.0216873 0.0223203 0.013333 
0.210474 0.0997617 0.297917 0.339869 0.0191669 0.0209014 0.0119112 
0.180722 0.0788545 0.335536 0.360561 0.0191602 0.0160779 0.00908882 
0.192169 0.0927392 0.490355 0.172332 0.0200598 0.020612 0.0117335 
0.21139 0.0978799 0.36676 0.273113 0.0198168 0.0196066 0.0114334 
0.216622 0.0896719 0.470636 0.171058 0.0191126 0.021233 0.0116663 
0.202607 0.0831436 0.427617 0.236071 0.0200118 0.0192797 0.0112704 
0.236681 0.0784345 0.444601 0.190702 0.0191415 0.0193413 0.0110986 
0.151035 0.0580145 0.690678 0.066803 0.012402 0.0140388 0.00702921 
0.179583 0.072055 0.592156 0.110546 0.0172155 0.0184982 0.00994656 
0.263991 0.0801055 0.445945 0.147112 0.0198774 0.0276425 0.0153265 
0.330692 0.0921646 0.28951 0.217581 0.0206151 0.0320368 0.017401 
0.260036 0.0814278 0.223538 0.388194 0.0141724 0.0193823 0.0132491 
0.498221 0.0833117 0.0250239 0.378845 0.00563971 0.00581295 0.00314561 
0.80528 0.0600714 0.0200815 0.05979 0.0448424 0.00560358 0.00433116 
0.874912 0.0313458 0.0265635 0.027117 0.0300405 0.00426986 0.00575089 
0.873038 0.0335675 0.0207639 0.0315622 0.0323977 0.00317933 0.00549128 
0.815716 0.0256753 0.0215239 0.0520074 0.0755247 0.00311321 0.00643955 
0.800014 0.0524763 0.0160385 0.0498318 0.0713733 0.00409895 0.00616707 
0.793119 0.0903138 0.0147517 0.0316892 0.0579778 0.0059307 0.00621831 
0.811321 0.0863044 0.016144 0.0403557 0.0343965 0.00593 0.00554819 
0.803839 0.0478543 0.0157412 0.0981532 0.0271739 0.00316017 0.00407786 
0.837846 0.0483631 0.0166154 0.0756954 0.012094 0.00601455 0.00337146 
0.783115 0.0583681 0.0161356 0.0885581 0.0438538 0.00542547 0.00454431 
0.715697 0.073103 0.018509 0.153623 0.0295279 0.00509657 0.0044436 
0.791037 0.067156 0.0177084 0.0980629 0.0176286 0.00471514 0.00369192 
0.842458 0.0672464 0.0133335 0.054893 0.0161943 0.00374263 0.00213207 
0.714522 0.134372 0.0136451 0.113971 0.0162135 0.00468628 0.00259024 
0.661036 0.133835 0.015517 0.167698 0.0140423 0.00495701 0.00291431 
0.668761 0.11811 0.0176069 0.172978 0.0137532 0.0055248 0.00326553 
0.402637 0.132929 0.0217087 0.423684 0.0100222 0.00590286 0.00311586 
0.399334 0.131191 0.0218056 0.424082 0.0127425 0.00670722 0.00413744 
0.800871 0.0671968 0.0218076 0.0901119 0.00944922 0.00812553 0.00243772 
0.903363 0.0289323 0.0366286 0.0220838 0.00206959 0.00541644 0.00150606 
0.622643 0.00584697 0.3391 8.26321E-4 4.38938E-4 0.0263837 0.00476068 
0.672584 0.00869548 0.303929 8.70232E-4 0.00140661 0.00790188 0.00461251 
0.635401 0.00915963 0.327811 0.00287684 0.00119459 0.00395037 0.0196061 
0.618446 0.00776384 0.348762 0.00265724 0.00142498 0.00861894 0.012327 
0.376619 0.0164827 0.565348 3.8671E-4 0.00158342 0.0293502 0.0102302 
0.354128 0.0263046 0.519742 0.0010309 0.0025518 0.08284 0.0134026 
0.354278 0.0611984 0.0316973 9.26888E-4 0.00419657 0.542866 0.00483668 
0.24219 0.327877 0.0100315 0.00527783 0.0235931 0.38601 0.00502016 
0.0536313 0.577911 8.99735E-4 0.00176721 0.0134616 0.350746 0.00158335 
0.0156128 0.912859 5.67965E-4 0.00984613 0.00350259 0.0567908 8.20814E-4 
0.00934872 0.826397 9.54871E-4 0.0107232 0.002358 0.149755 4.63221E-4 
0.00588706 0.947803 9.22217E-4 0.00942804 0.00193209 0.0335224 5.05676E-4 
0.0127924 0.940432 0.00179371 0.0213016 0.00514561 0.0178221 7.1231E-4 
0.00283548 0.963164 3.47578E-4 0.00748587 9.7228E-4 0.0250086 1.85957E-4 
0.00244237 0.96316 4.79802E-4 0.00621318 6.2813E-4 0.0269709 1.05225E-4 
0.00293876 0.94096 8.40693E-4 0.00859527 8.0994E-4 0.0456066 2.49089E-4 
0.00548923 0.928115 0.0010445 0.00778474 7.39082E-4 0.0566182 2.095E-4 
0.00655506 0.912927 0.00101601 0.0107759 0.00103434 0.0675435 1.48028E-4 
0.00628806 0.943497 0.00164297 0.011635 0.0011917 0.0355573 1.88005E-4 
0.00800609 0.899413 0.0022567 0.00629684 8.26133E-4 0.0830674 1.34068E-4 
0.0132614 0.696773 0.00617624 0.0028701 0.00111385 0.279582 2.23498E-4 
0.00539042 0.703149 0.00262495 9.34498E-4 5.5625E-4 0.287275 6.93284E-5 
0.00462357 0.433907 0.0018224 6.61401E-4 5.60123E-4 0.558351 7.44698E-5 
0.915663 0.0261701 0.0263606 0.0183348 0.0037452 0.00501969 0.00470627 
0.890203 0.0377534 0.02003 0.0354338 0.00700034 0.00536324 0.00421617 
0.831686 0.0466205 0.0184232 0.0823508 0.0117401 0.0051053 0.00407397 
0.773001 0.0535452 0.0186713 0.126325 0.0176692 0.00604883 0.00473965 
0.860595 0.0445696 0.0221805 0.054736 0.00863826 0.0050421 0.00423869 
0.762498 0.0542688 0.0204508 0.139996 0.0138289 0.00460819 0.00434862 
0.769301 0.0452658 0.0228851 0.146407 0.00546983 0.00626724 0.00440456 
0.829482 0.0325205 0.0250687 0.100705 0.00495479 0.00354817 0.00372089 
0.654164 0.0452209 0.0214418 0.266176 0.00541924 0.00363176 0.00394609 
0.811847 0.0487645 0.0191279 0.108347 0.00578162 0.00337662 0.00275475 
0.658551 0.0521985 0.0218893 0.259291 0.00394054 0.00221912 0.00191043 
0.708448 0.0346873 0.0375285 0.214861 0.0019574 0.00170932 8.087E-4 
0.716964 0.0272034 0.11624 0.12972 0.003522 0.00382073 0.00253016 
0.66705 0.028444 0.133967 0.156451 0.00500179 0.00534016 0.00374594 
0.642084 0.02987 0.166362 0.143375 0.00637148 0.00705289 0.00488452 
0.412838 0.0491603 0.236454 0.258554 0.0143232 0.0162198 0.012451 
0.414814 0.0518969 0.292822 0.194789 0.0155019 0.0177372 0.0124381 
0.369287 0.0539002 0.248465 0.289809 0.0148351 0.0141836 0.00951988 
0.265053 0.0553489 0.289784 0.348403 0.0173498 0.0144261 0.00963527 
0.290159 0.0478999 0.203096 0.432267 0.0124237 0.0085889 0.00556596 
0.299086 0.0522308 0.248026 0.366071 0.0149974 0.0117761 0.00781297 
0.25392 0.0450488 0.22236 0.450847 0.0139768 0.00851603 0.00533123 
0.298407 0.0437328 0.227947 0.398333 0.0154964 0.0098086 0.00627458 
0.279115 0.0421505 0.149157 0.510814 0.0104083 0.00537671 0.00297816 
0.25996 0.0438382 0.231432 0.436938 0.0142806 0.00833981 0.00521237 
0.260974 0.0431291 0.217564 0.452514 0.0135412 0.00752623 0.00475222 
0.26114 0.0473064 0.412549 0.238652 0.0181521 0.0134922 0.00870794 
0.261928 0.044207 0.505535 0.146396 0.0168823 0.0150259 0.0100249 
0.251333 0.0514951 0.517768 0.141513 0.0149722 0.0139313 0.0089876 
0.253123 0.0436623 0.548817 0.117944 0.014137 0.0133614 0.00895508 
0.307495 0.039397 0.495553 0.122821 0.0130287 0.0127277 0.00897761 
0.235005 0.04812 0.485467 0.187247 0.0191648 0.0150506 0.00994506 
0.327261 0.0516853 0.352385 0.224723 0.0179437 0.0155573 0.0104444 
0.265676 0.0433408 0.240502 0.420962 0.0149672 0.00888536 0.00566688 
0.264214 0.03442 0.138082 0.546002 0.0103775 0.00433772 0.00256592 
0.274226 0.0331419 0.161891 0.50999 0.0124381 0.0051964 0.00311642 
0.333751 0.0294216 0.141095 0.478117 0.0109368 0.0040648 0.00261407 
0.337154 0.0338317 0.18092 0.426272 0.0128352 0.00544574 0.00354148 
0.26856 0.0275367 0.140443 0.545208 0.0116265 0.00406103 0.00256545 
0.28367 0.031532 0.144873 0.521632 0.0103763 0.00469949 0.00321635 
0.215395 0.0295751 0.111712 0.629383 0.00900852 0.00314226 0.00178452 
0.233092 0.0228698 0.0995087 0.630157 0.0110666 0.00226732 0.0010382 
0.20322 0.0387399 0.24139 0.486719 0.0153373 0.00891518 0.0056782 
0.120416 0.0228973 0.107283 0.737965 0.00710939 0.00275107 0.00157856 
0.0932088 0.018619 0.0885047 0.790746 0.00617403 0.00178177 9.65438E-4 
0.141633 0.0345177 0.202109 0.601507 0.0109272 0.00583351 0.00347142 
0.195716 0.0561631 0.425002 0.281907 0.0178609 0.0143516 0.00899961 
0.184574 0.0496599 0.63666 0.091579 0.0141704 0.0149695 0.00838677 
0.165276 0.0528784 0.665939 0.0802114 0.0135245 0.0145306 0.00763993 
0.130699 0.0521307 0.731221 0.0568786 0.0111613 0.0118189 0.00608985 
0.17228 0.0623603 0.639188 0.0849888 0.0146829 0.0169999 0.0095 
0.0587412 0.0402938 0.865932 0.0173807 0.00750572 0.00771039 0.00243661 
0.075947 0.0423193 0.839195 0.0229894 0.0077496 0.00873747 0.0030625 
0.140745 0.0567182 0.707805 0.0617141 0.012276 0.0136267 0.00711547 
0.200478 0.0763729 0.571232 0.105045 0.0157264 0.0199665 0.0111788 
0.14191 0.0531066 0.718664 0.0561257 0.0107259 0.0129309 0.00653615 
0.1234 0.0463808 0.759884 0.0457026 0.00937684 0.0101623 0.00509336 
0.221244 0.0821326 0.509707 0.131948 0.0180529 0.0232668 0.0136489 
0.238203 0.105492 0.200376 0.416748 0.0124868 0.0178989 0.00879522 
0.257281 0.130224 0.232656 0.327281 0.0151042 0.0253284 0.0121243 
0.286445 0.124959 0.292179 0.235748 0.0176955 0.0277609 0.0152123 
0.248472 0.107238 0.424535 0.156542 0.0189742 0.0283645 0.0158729 
0.292477 0.121281 0.237859 0.284155 0.0167444 0.0334909 0.013992 
0.232667 0.110244 0.385238 0.203909 0.021565 0.0286584 0.0177185 
0.24457 0.0809615 0.420812 0.19301 0.0216734 0.0237258 0.0152467 
0.867121 0.033713 0.0295865 0.0564348 0.00533707 0.00573106 0.00207676 
0.825328 0.0419001 0.0255501 0.098432 0.00382445 0.00378952 0.00117589 
0.839096 0.0444099 0.0273306 0.0777107 0.0031481 0.00638952 0.00191541 
0.823997 0.0340172 0.0346843 0.0856651 0.00519346 0.0122786 0.00416496 
0.865852 0.0235633 0.0496627 0.040163 0.0044377 0.0110197 0.00530171 
0.85659 0.0230625 0.0483019 0.0571297 0.00316096 0.00754262 0.00421227 
0.855881 0.0166231 0.0741876 0.035664 0.00440981 0.00646473 0.00677015 
0.829375 0.0181543 0.068713 0.0621015 0.00782442 0.00697936 0.00685218 
0.856274 0.0191947 0.0599836 0.0402925 0.0103944 0.00693568 0.00692523 
0.850715 0.0198422 0.0459656 0.049581 0.0232869 0.00459274 0.00601709 
0.870222 0.0159574 0.0395118 0.0527918 0.0109654 0.00473558 0.00581631 
0.868053 0.0110569 0.0304336 0.0721789 0.00868757 0.00334904 0.00624128 
0.88667 0.0096587 0.0307305 0.0602773 0.00602218 0.00199165 0.00464966 
0.890199 0.00726278 0.0292895 0.0586351 0.00772249 0.0013771 0.00551373 
0.897883 0.00719866 0.0394574 0.048458 0.00287552 0.00100658 0.00312034 
0.639367 0.00990911 0.0815529 0.26361 0.00185879 0.00166758 0.00203518 
0.459266 0.0365776 0.269811 0.185019 0.0156662 0.0188663 0.0147931 
0.334935 0.0413762 0.448622 0.134991 0.014952 0.0150689 0.010055 
0.2522 0.0467254 0.537117 0.122897 0.0159385 0.0156053 0.0095169 
0.335466 0.0541975 0.37848 0.182325 0.0186442 0.0188606 0.0120265 
0.347894 0.0556447 0.378111 0.168625 0.0175616 0.0194624 0.0127009 
0.521049 0.0542161 0.181489 0.223398 0.00889477 0.00711845 0.00383485 
0.366171 0.0539427 0.243946 0.298083 0.0150669 0.0135037 0.00928735 
0.379318 0.0437226 0.112767 0.450787 0.00662555 0.00443459 0.00234495 
0.324701 0.0561016 0.194987 0.393851 0.0119771 0.0110094 0.00737355 
0.45801 0.0524566 0.185128 0.273531 0.0109731 0.0119075 0.00799327 
0.612062 0.0358132 0.0306966 0.315306 0.00469194 8.39416E-4 5.91123E-4 
0.65524 0.0237738 0.01812 0.292085 0.00849691 0.0010914 0.00119282 
0.75048 0.0237063 0.0183454 0.179679 0.0222413 0.00187705 0.00367008 
0.863521 0.0167654 0.0259791 0.0713675 0.016203 0.00165916 0.00450456 
0.862773 0.0233599 0.0295554 0.0643801 0.0115089 0.00323416 0.00518812 
0.864908 0.013322 0.0800703 0.020083 0.00469538 0.00237426 0.0145473 
0.877923 0.0157024 0.049025 0.0337295 0.0134012 0.00307251 0.00714615 
0.864546 0.0126959 0.0686218 0.0233338 0.0161208 0.00342703 0.0112543 
0.859726 0.0127706 0.070721 0.0256616 0.0145456 0.00237969 0.0141956 
0.862245 0.0143404 0.0489066 0.0442918 0.0189065 0.00308293 0.00822652 
0.867302 0.013985 0.0541804 0.0343403 0.0179738 0.00290292 0.0093157 
0.865109 0.0168014 0.0506883 0.0297284 0.0255216 0.00306245 0.0090885 
0.862624 0.0200796 0.0595543 0.0184448 0.0214008 0.00446053 0.0134358 
0.868512 0.0159335 0.0549037 0.0363493 0.0121997 0.00361876 0.00848314 
0.876567 0.0262664 0.0312298 0.0402211 0.0163314 0.00371546 0.00566883 
0.824327 0.0220878 0.0377241 0.0961184 0.00954333 0.00349061 0.00670844 
0.793649 0.0283576 0.0211364 0.131618 0.0168827 0.00337156 0.00498525 
0.735852 0.0224642 0.0198672 0.20828 0.00845198 0.00239268 0.00269218 
0.582906 0.0191988 0.029218 0.364008 0.00297409 9.0345E-4 7.92537E-4 
0.437129 0.0262202 0.0229333 0.505238 0.00668852 0.00115483 6.36215E-4 
0.434808 0.0307002 0.124946 0.395157 0.0071658 0.00447497 0.00274777 
0.369569 0.0535216 0.357698 0.171855 0.0167025 0.0183113 0.0123425 
0.27863 0.054346 0.486158 0.135295 0.016466 0.0176003 0.0115048 
0.18254 0.0551755 0.636035 0.0900497 0.0135836 0.0138929 0.00872368 
0.201422 0.0507 0.611787 0.0989913 0.0143898 0.0139723 0.00873722 
0.248432 0.0556647 0.494361 0.156383 0.0185201 0.016265 0.0103743 
0.198802 0.0562014 0.550599 0.155782 0.0163386 0.0136427 0.00863512 
0.198566 0.0778413 0.493792 0.181484 0.0196214 0.0179181 0.010777 
0.15758 0.0703859 0.601655 0.128495 0.0178751 0.0153563 0.00865272 
0.165877 0.0772674 0.579712 0.131744 0.0180339 0.0172154 0.0101496 
0.23029 0.0920877 0.337048 0.281586 0.0210202 0.0231425 0.0148256 
0.192983 0.0781753 0.198838 0.494449 0.0132419 0.0144526 0.00786 
0.138323 0.104478 0.110778 0.625386 0.00646297 0.0109329 0.00363921 
0.167844 0.218706 0.0418784 0.526962 0.0152352 0.018378 0.0109966 
0.229027 0.242958 0.0557176 0.315463 0.0893618 0.0396747 0.0277982 
0.326884 0.106154 0.0469464 0.356988 0.115584 0.0263577 0.021086 
0.499412 0.0611709 0.0557782 0.213744 0.125046 0.0273879 0.0174602 
0.544997 0.0693176 0.0438665 0.230934 0.0761998 0.0203517 0.014333 
0.589425 0.0552616 0.040508 0.205184 0.0818359 0.0155091 0.0122771 
0.697532 0.0427203 0.0455139 0.138025 0.0539036 0.0112612 0.0110438 
0.798449 0.0377232 0.0435336 0.0675524 0.0319975 0.0113017 0.00944264 
0.853023 0.0349905 0.0342861 0.0334586 0.02426 0.012651 0.0073308 
0.82101 0.0330526 0.0344983 0.0726235 0.0245313 0.00784308 0.00644142 
0.74958 0.0253067 0.0238164 0.172077 0.0208617 0.0038711 0.0044868 
0.80315 0.0340196 0.0245485 0.113668 0.0170951 0.00334216 0.00417676 
0.71942 0.0252911 0.0226313 0.207065 0.0200953 0.00182893 0.00366905 
0.818791 0.0309903 0.0218982 0.101353 0.0201143 0.002841 0.00401251 
0.747243 0.0242369 0.0269334 0.167144 0.0254807 0.00319114 0.00577019 
0.815187 0.0227669 0.0280545 0.111201 0.0153882 0.00250888 0.00489381 
0.834105 0.0243197 0.0223515 0.0959169 0.0173702 0.00223411 0.00370232 
0.8557 0.024635 0.0235862 0.0786517 0.011906 0.00216649 0.00335434 
0.86808 0.0271634 0.0247386 0.0645346 0.0105235 0.00165206 0.00330825 
0.867971 0.0176888 0.0204907 0.0623343 0.0259433 0.00169153 0.00388054 
0.818811 0.022046 0.024008 0.122578 0.00818185 0.0015084 0.00286617 
0.780078 0.0241265 0.022423 0.158093 0.00983857 0.00199389 0.003447 
0.899437 0.0189844 0.0244271 0.0392775 0.0123003 0.00139147 0.00418217 
0.844049 0.0268585 0.0197599 0.0639943 0.0367865 0.00226252 0.00628917 
0.866198 0.0234035 0.023433 0.047102 0.030072 0.00211313 0.00767876 
0.856972 0.0163048 0.0265173 0.0758457 0.0167465 0.00169235 0.00592185 
0.870113 0.0243061 0.0250723 0.0459534 0.0248738 0.00259839 0.00708276 
0.852505 0.0304353 0.0188968 0.057492 0.0318581 0.00241055 0.00640218 
0.882223 0.026248 0.0199569 0.0361615 0.0278335 0.00192891 0.0056484 
0.881512 0.0392951 0.0213894 0.0306359 0.0187485 0.00321803 0.00520066 
0.876024 0.0285595 0.025489 0.0454412 0.016496 0.00312183 0.0048686 
0.894465 0.0271953 0.0287065 0.0251824 0.0139018 0.00330129 0.00724782 
0.863776 0.0323572 0.0307312 0.045168 0.016681 0.0046003 0.00668584 
0.862822 0.03128 0.0338071 0.0458247 0.0133749 0.00532861 0.00756292 
0.855188 0.0136282 0.0542956 0.0613934 0.00383837 0.0033166 0.00833992 
0.854698 0.0106106 0.0809921 0.0410999 0.00212146 0.00261683 0.00786063 
0.820765 0.0130741 0.0618265 0.0960812 0.00186812 0.00277935 0.0036056 
0.887532 0.017918 0.0481214 0.0357118 0.00344782 0.00305522 0.0042134 
0.892493 0.0189033 0.0420926 0.0355631 0.00416211 0.00302499 0.00376071 
0.877113 0.028446 0.0429686 0.0305688 0.00912663 0.00547481 0.00630197 
0.863726 0.0436305 0.0281586 0.0452278 0.00921204 0.00544373 0.00460163 
0.854242 0.0449894 0.0237136 0.052618 0.0146697 0.00387801 0.0058895 
0.873051 0.0346295 0.027802 0.0409627 0.012739 0.00487322 0.00594246 
0.8585 0.024019 0.0312592 0.0605746 0.0124961 0.00496756 0.00818393 
0.848587 0.0245206 0.0253491 0.0732573 0.017638 0.00412876 0.00651923 
0.807933 0.0234425 0.0256004 0.116201 0.0160961 0.00440725 0.00631953 
0.748409 0.0243701 0.0252941 0.156794 0.0338038 0.00393272 0.0073962 
0.826737 0.021415 0.0252686 0.0718629 0.0431965 0.0035503 0.00796921 
0.804423 0.0251275 0.0227469 0.106697 0.030308 0.00351838 0.00717943 
0.816382 0.0223505 0.0239171 0.0941276 0.0299684 0.0038054 0.00944881 
0.757628 0.0182221 0.0181075 0.183903 0.0135993 0.00243908 0.00610087 
0.802189 0.0241707 0.0169952 0.13089 0.0174503 0.00246718 0.00583776 
0.821886 0.02098 0.0214075 0.108238 0.0179192 0.00278245 0.00678667 
0.775122 0.0148584 0.0220817 0.161795 0.0181896 0.00171582 0.00623749 
0.819845 0.0225672 0.0220899 0.107416 0.0193836 0.00201901 0.00667933 
0.809641 0.0166774 0.0273308 0.131934 0.00687414 0.00112668 0.00641661 
0.87504 0.0191946 0.0316433 0.0578395 0.00725196 0.00186314 0.00716789 
0.862616 0.0191328 0.0275031 0.0776009 0.0063642 0.00183216 0.0049505 
0.874696 0.0235335 0.0244028 0.0574414 0.0131002 0.00178027 0.00504603 
0.836937 0.0144397 0.0261325 0.104709 0.0120813 0.00161319 0.00408732 
0.805571 0.0173913 0.0268188 0.116721 0.0250707 0.00263064 0.00579642 
0.791986 0.0149116 0.0299909 0.13229 0.020992 0.00264154 0.00718758 
0.688992 0.016166 0.0395433 0.227992 0.0157658 0.00366307 0.00787745 
0.7373 0.0166306 0.035707 0.184168 0.0163072 0.00330213 0.00658439 
0.869044 0.0132276 0.0351948 0.0623309 0.0123184 0.00233518 0.00554956 
0.885505 0.0252132 0.0296255 0.0330863 0.0171562 0.00251021 0.00690304 
0.883565 0.0255156 0.02286 0.04214 0.0175476 0.00283845 0.00553369 
0.851896 0.0316516 0.0259528 0.0615277 0.0202977 0.00360553 0.0050689 
0.834159 0.032792 0.023819 0.0400682 0.0586843 0.0040442 0.00643316 
0.880006 0.0236066 0.0234729 0.0503143 0.0152289 0.00258251 0.00478832 
0.876638 0.0173979 0.0351685 0.0424379 0.016653 0.00295031 0.00875409 
0.873964 0.021543 0.02437 0.0401818 0.0303318 0.00315621 0.00645296 
0.896197 0.0153997 0.0356174 0.0290412 0.0138961 0.00219191 0.00765691 
0.896745 0.0208728 0.0267583 0.0350818 0.0135501 0.00194159 0.00505028 
0.886476 0.0202638 0.0281693 0.0512445 0.00739024 0.00251816 0.00393756 
0.906438 0.0222968 0.0356826 0.0242652 0.0042376 0.00300533 0.00407452 
0.893048 0.0316377 0.0409106 0.0162864 0.00389589 0.00608788 0.00813388 
0.874474 0.0489378 0.0338619 0.0138962 0.0102347 0.00983042 0.00876447 
0.868118 0.0420466 0.0365319 0.0159152 0.0169265 0.00966141 0.0108003 
0.863672 0.0465606 0.0448293 0.0120523 0.009075 0.011045 0.0127655 
0.892003 0.0365647 0.0309891 0.0163215 0.00617008 0.00948068 0.00847144 
0.885467 0.0473535 0.0239051 0.018158 0.0126999 0.00585837 0.00655856 
0.881267 0.034193 0.0246469 0.0260867 0.0215924 0.00430558 0.00790808 
0.890802 0.0357257 0.0239751 0.0296018 0.011731 0.00251497 0.00564951 
0.885942 0.0221476 0.0270563 0.0459283 0.012378 0.00224657 0.00430158 
0.866176 0.0164563 0.0298674 0.0698004 0.00997153 0.00199812 0.00572979 
0.844557 0.0154632 0.0359293 0.08106 0.0143145 0.00232082 0.00635487 
0.875206 0.0116054 0.0370843 0.0586982 0.00994849 0.00180682 0.00565071 
0.873262 0.0115618 0.0456236 0.0463037 0.0137026 0.00187901 0.0076676 
0.844385 0.0107634 0.037703 0.0803497 0.0167892 0.0013465 0.00866349 
0.835144 0.00800004 0.0537506 0.0743477 0.0137463 0.00160221 0.0134087 
0.857648 0.0107718 0.0412229 0.0583173 0.0182329 0.00183119 0.0119754 
0.859617 0.0145611 0.0389482 0.0470213 0.0266878 0.00191831 0.0112463 
0.88375 0.018143 0.0299091 0.0463842 0.0139853 0.00146143 0.00636714 
0.884466 0.0243925 0.0258984 0.0467139 0.0124262 0.00145329 0.00465 
0.881287 0.0362987 0.0224883 0.0342421 0.0191777 0.00200346 0.00450248 
0.75434 0.0264089 0.0194049 0.179403 0.01274 0.00276358 0.00493918 
0.762222 0.0347906 0.019739 0.162097 0.012808 0.00358235 0.0047618 
0.766628 0.0341975 0.017711 0.154407 0.0202158 0.00257571 0.00426478 
0.711676 0.0555458 0.0186467 0.201857 0.0069486 0.00263568 0.00269102 
0.598702 0.060407 0.0203763 0.312371 0.00400591 0.00267012 0.00146777 
0.517705 0.101495 0.0279882 0.336746 0.00658493 0.00566524 0.00381523 
0.511773 0.132563 0.0321912 0.296389 0.0101596 0.0101003 0.00682417 
0.46325 0.119542 0.0314634 0.362338 0.00971436 0.00777427 0.00591805 
0.338156 0.164977 0.0383753 0.423666 0.0120312 0.013239 0.00955552 
0.447703 0.151033 0.0347147 0.33655 0.0102225 0.0117031 0.00807365 
0.379675 0.150588 0.0408474 0.366143 0.0287534 0.019635 0.0143583 
0.794768 0.0324978 0.0233905 0.122756 0.0168096 0.00426192 0.00551628 
0.801511 0.026715 0.027749 0.122366 0.0130002 0.00287856 0.00577931 
0.841595 0.0249474 0.0288489 0.0821899 0.0143598 0.00249423 0.00556429 
0.8198 0.0280053 0.026456 0.10273 0.0157097 0.00237684 0.0049223 
0.781326 0.0333682 0.0261871 0.12619 0.0217253 0.00439184 0.00681193 
0.858439 0.0359464 0.0224404 0.0542247 0.0185297 0.00335462 0.00706491 
0.8572 0.036646 0.0271572 0.0328019 0.0327511 0.0047669 0.00867707 
0.87589 0.0242129 0.025184 0.0510699 0.0149147 0.00325295 0.00547525 
0.85455 0.0335898 0.0202605 0.0530642 0.0292524 0.00372131 0.00556218 
0.831963 0.0277927 0.0228567 0.101753 0.00884754 0.00270176 0.00408567 
0.86496 0.0316723 0.0221288 0.06222 0.0120301 0.00276048 0.00422806 
0.881726 0.0216797 0.0339382 0.047026 0.00695344 0.00286854 0.00580847 
0.896837 0.0195719 0.0450391 0.0255569 0.00459171 0.00262371 0.00577973 
0.889508 0.0295172 0.0371759 0.0317291 0.00573893 0.00212153 0.00420881 
0.895094 0.0191299 0.0387702 0.0326487 0.0094063 0.00162102 0.0033299 
0.888693 0.023757 0.0486391 0.0266834 0.00496953 0.00176263 0.00549535 
0.89443 0.0222007 0.049101 0.0154803 0.00951632 0.00248677 0.00678498 
0.883062 0.0246986 0.0575648 0.0151796 0.00569561 0.00332469 0.010475 
0.867082 0.0167964 0.0546711 0.0271469 0.0169748 0.00275296 0.0145761 
0.870294 0.0179703 0.0620168 0.0204701 0.0117071 0.00259727 0.0149441 
0.872383 0.0214489 0.0530781 0.025341 0.0117223 0.003099 0.0129272 
0.872449 0.0105454 0.0452417 0.045213 0.014676 0.0015411 0.0103335 
0.897411 0.0100019 0.0409649 0.0313793 0.00704769 0.00134227 0.0118529 
0.915749 0.0108723 0.0267123 0.02526 0.0111128 0.00141806 0.00887537 
0.918464 0.0173164 0.0258465 0.0162544 0.0114145 0.00139803 0.0093066 
0.913078 0.0166506 0.0330606 0.0181799 0.00887484 0.00147688 0.00867898 
0.909938 0.0123594 0.04167 0.0150612 0.00739658 0.0016946 0.01188 
0.911294 0.0111415 0.0439227 0.0119813 0.00720768 0.00210925 0.0123442 
0.914029 0.0140778 0.0345036 0.0146968 0.00708782 0.00351948 0.012085 
0.919798 0.0132125 0.0279638 0.0235645 0.00585324 0.00259646 0.00701153 
0.908297 0.0141416 0.0287165 0.0344223 0.00667276 0.00187249 0.00587728 
0.916746 0.0135181 0.0296563 0.0261122 0.00623262 0.00201218 0.00572247 
0.913676 0.0191573 0.0283749 0.025987 0.00502625 0.00217898 0.00559944 
0.886417 0.0223021 0.0228793 0.0562051 0.00679349 0.00171218 0.00369099 
0.89298 0.0215637 0.0284383 0.0466451 0.00596647 0.00130635 0.00310049 
0.867961 0.0192941 0.0289358 0.0733431 0.00616175 0.00126775 0.00303626 
0.900849 0.0292174 0.0231813 0.0347731 0.00652478 0.00206731 0.00338688 
0.876084 0.0131615 0.0405526 0.0593455 0.00491502 0.00162667 0.00431499 
0.902928 0.0124093 0.0478942 0.0242325 0.00332709 0.00238038 0.00682858 
0.90731 0.0186778 0.0318243 0.0283794 0.00458689 0.00294764 0.00627412 
0.910923 0.0137179 0.038634 0.0237864 0.0036996 0.0022736 0.00696556 
0.901377 0.0117275 0.046738 0.0286933 0.00277551 0.00184595 0.00684292 
0.913757 0.0171571 0.026466 0.0278252 0.00763411 0.00147658 0.00568405 
0.895698 0.0228733 0.0189233 0.0439863 0.0114822 0.00155055 0.00548623 
0.894208 0.022117 0.0183942 0.0447521 0.0145687 0.00123804 0.00472223 
0.877299 0.0233743 0.0177815 0.0596064 0.0155762 0.00143739 0.00492502 
0.888184 0.0207053 0.0175122 0.0444852 0.0225457 0.00142986 0.00513734 
0.905183 0.0278676 0.0194492 0.0236006 0.0163521 0.00140354 0.00614445 
0.864507 0.01871 0.0177336 0.0777995 0.0147164 0.00116422 0.00536883 
0.899834 0.0182012 0.0164701 0.0436502 0.0157292 0.0010626 0.0050527 
0.825041 0.0340379 0.0156785 0.0946947 0.0241912 0.00154084 0.00481584 
0.855854 0.0266843 0.017615 0.0709148 0.0222451 0.00162713 0.00506002 
0.864899 0.0299267 0.0212641 0.0622137 0.015001 0.00181943 0.00487628 
0.876184 0.0361361 0.0200107 0.0476347 0.0128947 0.00221093 0.00492859 
0.878132 0.0378252 0.0151239 0.0439961 0.0188939 0.0018445 0.0041848 
0.87674 0.0209135 0.0235397 0.0643608 0.010082 0.00120954 0.00315454 
0.782673 0.0311342 0.0283364 0.152728 0.00324915 8.98047E-4 9.81524E-4 
0.509058 0.0334554 0.111507 0.336935 0.0043313 0.00266787 0.00204507 
0.428743 0.048555 0.248891 0.23855 0.0138448 0.0125464 0.00887038 
0.211325 0.0527327 0.547509 0.150908 0.015355 0.0136431 0.0085266 
0.228271 0.0607106 0.454674 0.213007 0.0178054 0.0154815 0.0100509 
0.235848 0.0676321 0.453248 0.198156 0.0179768 0.0166158 0.0105239 
0.192266 0.0674501 0.539446 0.156085 0.0182478 0.0163285 0.0101762 
0.22897 0.0736832 0.458713 0.187629 0.0193091 0.0190838 0.0126112 
0.219386 0.0756027 0.448184 0.20531 0.0203843 0.0191973 0.0119353 
0.211667 0.0667938 0.423707 0.249119 0.0204354 0.0171807 0.0110972 
0.300558 0.0766743 0.298755 0.277128 0.0170293 0.017803 0.0120519 
0.307425 0.0638279 0.282789 0.300041 0.0172072 0.0170492 0.0116601 
0.341826 0.053765 0.223138 0.346711 0.013453 0.0125626 0.00854504 
0.29251 0.0525016 0.20532 0.420814 0.0114461 0.0101439 0.00726397 
0.319903 0.03729 0.131524 0.496942 0.00638018 0.00460569 0.00335442 
0.284789 0.0384377 0.182027 0.470311 0.0100776 0.00812258 0.00623558 
0.328731 0.0307542 0.0940512 0.538316 0.00434285 0.00215049 0.00165416 
0.505009 0.0256125 0.0597807 0.404139 0.00399448 8.34023E-4 6.29844E-4 
0.278252 0.0458967 0.304976 0.328192 0.0175044 0.0144222 0.0107568 
0.127601 0.0246348 0.191328 0.638965 0.010232 0.00429201 0.00294719 
0.125327 0.0197639 0.123888 0.719959 0.00712159 0.00240903 0.00153116 
0.129354 0.0259413 0.203138 0.624941 0.00929956 0.00444775 0.00287921 
0.152938 0.0300825 0.189574 0.609245 0.0100532 0.00500239 0.00310501 
0.201416 0.0568153 0.458461 0.23441 0.0205209 0.0171034 0.011273 
0.162252 0.0689972 0.616178 0.109073 0.017094 0.0167483 0.00965756 
0.224887 0.0929837 0.489008 0.137303 0.0180273 0.0237586 0.0140325 
0.289173 0.0950223 0.314328 0.238273 0.0205428 0.0265191 0.0161421 
0.329001 0.108151 0.284821 0.223281 0.0171181 0.0242204 0.0134087 
0.261405 0.1175 0.236706 0.338217 0.0151882 0.020116 0.0108675 
0.238977 0.130676 0.25785 0.324183 0.0156974 0.0207025 0.0119139 
0.253764 0.123005 0.247349 0.325278 0.0160986 0.0230114 0.0114937 
0.189307 0.133722 0.191103 0.449883 0.0108125 0.0173404 0.00783254 
0.305696 0.0890411 0.352945 0.196108 0.0188077 0.0234838 0.0139183 
0.207862 0.0801831 0.512188 0.144593 0.0204202 0.0214886 0.0132656 
0.204028 0.0730063 0.544267 0.127263 0.0193188 0.0202329 0.0118833 
0.214495 0.0572454 0.591776 0.100806 0.0129518 0.0140206 0.00870539 
0.335262 0.0708515 0.346149 0.20387 0.015914 0.0169237 0.0110299 
0.264211 0.0599537 0.174668 0.477026 0.00943505 0.00872509 0.00598027 
0.320804 0.0665252 0.231609 0.338907 0.0143481 0.0162368 0.0115698 
0.387227 0.05897 0.252267 0.262505 0.0139772 0.0147732 0.0102813 
0.408914 0.056908 0.274952 0.220688 0.0139431 0.0144246 0.0101698 
0.485637 0.0497592 0.203971 0.235782 0.010012 0.00898565 0.00585334 
0.477816 0.0489733 0.214516 0.22965 0.01102 0.0107795 0.00724506 
0.409869 0.0406335 0.119753 0.417539 0.00647448 0.00357876 0.002152 
0.499153 0.0424478 0.0625011 0.390864 0.00279827 0.00152516 7.102E-4 
0.55775 0.0369416 0.0760285 0.324445 0.00239365 0.00165939 7.81929E-4 
0.617382 0.0684724 0.0214361 0.278213 0.0100766 0.00225915 0.00216097 
0.757838 0.0905174 0.0176097 0.122124 0.0070334 0.00271749 0.00215921 
0.81148 0.0390641 0.0183106 0.112801 0.0135009 0.00216695 0.0026767 
0.874439 0.0294828 0.0205546 0.04729 0.0208431 0.00278638 0.00460415 
0.882845 0.016019 0.0355598 0.0514145 0.00560004 0.0024602 0.00610123 
0.859142 0.0104045 0.0438296 0.0733505 0.00442844 0.00226689 0.00657844 
0.896134 0.0126279 0.0358195 0.0367108 0.0109625 0.00199532 0.00574944 
0.895238 0.0250899 0.0408067 0.0204784 0.00584918 0.00346254 0.00907555 
0.886152 0.0178222 0.0362792 0.041485 0.00881699 0.00261088 0.00683399 
0.899163 0.0220629 0.0313572 0.0266057 0.0108245 0.00213618 0.00785008 
0.898445 0.0247227 0.0355088 0.018529 0.0106577 0.00255749 0.00957924 
0.882044 0.0102668 0.0371281 0.0594181 0.00521306 0.00114944 0.00478061 
0.851243 0.00828142 0.0283936 0.0920647 0.0134538 8.847E-4 0.00567837 
0.870423 0.0102233 0.0212175 0.0745 0.0172325 9.98197E-4 0.00540502 
0.883368 0.0106142 0.0197028 0.0673293 0.0137644 8.31332E-4 0.00438958 
0.820489 0.00862066 0.0202639 0.133248 0.0129246 7.31691E-4 0.00372151 
0.844587 0.0152422 0.0167296 0.101018 0.0173025 9.73929E-4 0.00414675 
0.850871 0.0187836 0.0156557 0.0920557 0.0171927 9.86715E-4 0.00445492 
0.846276 0.0131374 0.0206258 0.0993146 0.0146759 9.45591E-4 0.00502498 
0.865134 0.01014 0.0241637 0.079234 0.0139057 0.00106673 0.00635571 
0.87623 0.0157779 0.0272308 0.060619 0.0118413 0.00186553 0.00643587 
0.893394 0.0162653 0.0257995 0.04635 0.0118561 0.00177319 0.00456149 
0.805371 0.0193827 0.0226299 0.131419 0.013078 0.00263811 0.00548059 
0.866965 0.0246631 0.0273685 0.0598932 0.0108148 0.00347483 0.00682082 
0.877623 0.0308389 0.0251264 0.0482678 0.00818239 0.00347059 0.00649082 
0.853421 0.0284238 0.0254078 0.0675359 0.0142827 0.00332456 0.00760477 
0.845721 0.0272152 0.0208821 0.0796843 0.0183299 0.00268259 0.00548513 
0.870542 0.0272465 0.0205796 0.0447995 0.0288702 0.00225438 0.00570731 
0.868318 0.0237849 0.0222552 0.0509026 0.0271543 0.00218517 0.0054001 
0.870952 0.0225797 0.0226589 0.0616937 0.0149843 0.00176003 0.0053713 
0.897462 0.0229866 0.0246878 0.0344404 0.0114011 0.00199045 0.00703137 
0.901499 0.0133957 0.0346533 0.0320458 0.00948398 0.001609 0.00731345 
0.904296 0.0140281 0.0373908 0.0305786 0.00714218 0.0013997 0.00516409 
0.912 0.0246248 0.0271433 0.0264663 0.0046084 0.00163788 0.0035197 
0.909704 0.0285608 0.0235984 0.0295844 0.00433116 0.00164868 0.00257281 
0.901932 0.0267587 0.0251201 0.0386613 0.00466433 0.00105829 0.00180498 
0.888158 0.0263333 0.0271098 0.0521442 0.00426403 7.88731E-4 0.00120225 
0.8253 0.0151656 0.0518289 0.104025 0.00242733 6.37478E-4 6.15358E-4 
0.73749 0.0165262 0.0953988 0.143995 0.00340195 0.00181 0.0013779 
0.622134 0.0120126 0.0361824 0.323669 0.0047471 6.7359E-4 5.81185E-4 
0.646071 0.0208804 0.0158252 0.307497 0.00789503 7.281E-4 0.00110322 
0.892642 0.0163702 0.0183887 0.0617794 0.00656087 0.00118464 0.00307457 
0.923421 0.0078845 0.0328962 0.0195319 0.0045544 0.0014202 0.0102916 
0.913251 0.0109812 0.0327499 0.0246749 0.00663619 0.00140684 0.0102999 
0.906257 0.0149058 0.0315527 0.0216483 0.0128799 0.00172606 0.0110302 
0.893026 0.0129889 0.0346847 0.0265698 0.0176149 0.00212087 0.0129949 
0.892583 0.0110049 0.0520086 0.0234136 0.00826991 0.00162916 0.0110906 
0.891248 0.0100612 0.0515685 0.0281199 0.00584369 0.00173924 0.0114194 
0.890552 0.0129135 0.0526356 0.0139912 0.0117258 0.001591 0.0165912 
0.885947 0.0188826 0.0496125 0.0173274 0.0146493 0.00177257 0.0118089 
0.874861 0.0187685 0.047589 0.0142099 0.0262345 0.00248806 0.0158493 
0.877743 0.0201334 0.0442221 0.0142565 0.0269078 0.00253895 0.014198 
0.882312 0.0178394 0.0543056 0.0195306 0.0135876 0.00206 0.0103644 
0.902495 0.0148731 0.0377236 0.026918 0.00940151 0.00155869 0.00702962 
0.904978 0.0150016 0.0334823 0.0290631 0.00846826 0.00171141 0.00729556 
0.882461 0.0174193 0.0237232 0.0517088 0.0156593 0.00223278 0.00679544 
0.894602 0.0233963 0.0212427 0.0301338 0.0226231 0.00216277 0.00583894 
0.897796 0.0234819 0.0219695 0.0265841 0.0208452 0.00249641 0.00682702 
0.885147 0.0195755 0.0245217 0.0520942 0.00941845 0.00257158 0.00667179 
0.898118 0.0149166 0.0313789 0.0383257 0.00792047 0.00235163 0.00698868 
0.872711 0.0125549 0.0390248 0.0577971 0.00684103 0.00186191 0.00920869 
0.885003 0.0121394 0.0361021 0.0445235 0.0102121 0.00176773 0.0102525 
0.89136 0.0128219 0.0374171 0.0386195 0.00821419 0.00142628 0.0101408 
0.882875 0.0121729 0.0390157 0.0508039 0.00628623 0.00123211 0.00761432 
0.869265 0.00987906 0.0314611 0.0701186 0.0102366 0.00166511 0.00737479 
0.817997 0.0149199 0.0239065 0.127149 0.01004 9.38308E-4 0.00504958 
0.826442 0.01843 0.0198241 0.116721 0.0134497 9.28793E-4 0.00420459 
0.788841 0.0108745 0.0234721 0.163128 0.00939775 6.02113E-4 0.00368419 
0.869203 0.0172328 0.024909 0.0745091 0.00799582 9.91304E-4 0.00515946 
0.817386 0.0216105 0.0203106 0.121127 0.0141924 0.00106541 0.00430889 
0.840546 0.0359991 0.017233 0.0841489 0.0164861 0.00125424 0.00433305 
0.871766 0.024237 0.0199355 0.0681012 0.0108094 0.00118753 0.00396371 
0.881269 0.0325275 0.0204857 0.0494959 0.0102795 0.00151151 0.00443074 
0.84633 0.0287141 0.0243841 0.0860934 0.00882012 0.00138591 0.00427252 
0.88558 0.0232237 0.0239894 0.0512064 0.010207 0.00145947 0.00433389 
0.873147 0.02341 0.0236549 0.0579779 0.015721 0.00132077 0.00476844 
0.789359 0.0176837 0.0201625 0.150432 0.0166498 0.00130644 0.00440664 
0.78262 0.0166183 0.0206646 0.150803 0.0220833 0.00163341 0.00557732 
0.80795 0.0124755 0.0208734 0.137928 0.0148141 0.00120703 0.00475224 
0.796836 0.0208847 0.0162249 0.135168 0.0256095 0.00130442 0.00397251 
0.730748 0.0118574 0.0197327 0.219223 0.0142985 7.93214E-4 0.00334734 
0.754877 0.012962 0.021992 0.188821 0.0161988 0.00112112 0.00402794 
0.851232 0.0208782 0.0179013 0.0686374 0.0339799 0.00149266 0.00587864 
0.875572 0.0253871 0.0169195 0.0571516 0.0179752 0.00171753 0.00527698 
0.8832 0.0274863 0.0175254 0.0475483 0.0176322 0.00141334 0.00519419 
0.905252 0.0225673 0.0188301 0.0375793 0.00907455 0.00155326 0.00514332 
0.887216 0.0271696 0.018474 0.0495739 0.011617 0.00151142 0.00443838 
0.889374 0.023969 0.0190952 0.0497865 0.0117653 0.00174694 0.00426266 
0.867768 0.0201227 0.0210936 0.0765414 0.00883421 0.00159714 0.00404297 
0.881033 0.0181448 0.0262264 0.0638939 0.00539096 0.00111069 0.00419976 
0.892204 0.0203128 0.0232517 0.0527139 0.00606447 0.00115323 0.00429962 
0.870507 0.0257947 0.0158624 0.0671904 0.0141805 0.00153862 0.00492661 
0.884555 0.0140854 0.0267725 0.0563572 0.012345 0.00125165 0.00463368 
0.886181 0.0179268 0.0304717 0.0450236 0.0115604 0.00183113 0.00700551 
0.875178 0.0209981 0.0333846 0.0571454 0.00480924 0.00197406 0.00651028 
0.910581 0.0150733 0.0408214 0.022179 0.00274253 0.00218125 0.00642196 
0.90413 0.011121 0.0442603 0.018352 0.00608626 0.00173284 0.0143172 
0.914665 0.0108387 0.0357667 0.0211371 0.00717191 0.00174233 0.00867857 
0.9058 0.0147058 0.0307677 0.0324401 0.00911814 0.00129908 0.00586932 
0.898459 0.0148867 0.037314 0.0327587 0.00929587 9.37597E-4 0.00634836 
0.893818 0.0197388 0.0282796 0.0397519 0.00958091 0.00161861 0.00721232 
0.876297 0.0138014 0.0351083 0.0600793 0.00682147 0.0010447 0.00684803 
0.892971 0.0121173 0.0304662 0.0506714 0.00788283 0.00100541 0.00488618 
0.898135 0.0145823 0.0309914 0.0396744 0.00873983 0.00115822 0.00671916 
0.852226 0.0147189 0.0244526 0.087965 0.0139641 0.00106749 0.00560586 
0.883094 0.0152021 0.0239789 0.0538207 0.0171946 0.00108604 0.00562369 
0.873577 0.0209902 0.0225534 0.0537164 0.0224352 0.00162614 0.00510134 
0.875145 0.0293932 0.0246286 0.0390422 0.023369 0.00193164 0.00649033 
0.873798 0.0331856 0.0234319 0.0315307 0.0287025 0.0019479 0.00740377 
0.887049 0.0163722 0.0289032 0.0357745 0.0237043 0.00145004 0.00674735 
0.810648 0.0169705 0.0242281 0.12618 0.0164115 0.00119963 0.00436259 
0.872288 0.018029 0.0261932 0.0662735 0.0120421 0.00128163 0.00389206 
0.858392 0.0209623 0.0277936 0.0766721 0.0109583 0.00130094 0.00392038 
0.88937 0.0127183 0.033251 0.050879 0.00840288 0.00101669 0.00436244 
0.886587 0.015547 0.0331695 0.0524051 0.00751621 8.22062E-4 0.00395308 
0.896911 0.0160415 0.0293962 0.0464523 0.00633626 8.76461E-4 0.00398627 
0.872882 0.0147339 0.0221146 0.0754845 0.00917651 0.00114564 0.00446332 
0.899609 0.0135304 0.0266196 0.0473234 0.00717716 9.56198E-4 0.00478378 
0.897921 0.0158157 0.0208557 0.0483774 0.0121146 0.0010222 0.00389357 
0.89433 0.0188146 0.0199744 0.0481999 0.012986 0.0010123 0.00468242 
0.879833 0.019063 0.0211294 0.0599328 0.0130191 0.00131563 0.00570743 
0.871084 0.014327 0.0329555 0.0650939 0.00977476 0.00131177 0.00545333 
0.861896 0.0101054 0.0331103 0.0780268 0.0106492 0.00109681 0.00511551 
0.866054 0.0153481 0.0245223 0.068746 0.0184086 0.00129363 0.0056276 
0.850804 0.0109454 0.0226982 0.088883 0.0201532 0.00104176 0.00547424 
0.889462 0.0103216 0.0296178 0.0516809 0.0110018 0.00114572 0.00677075 
0.890844 0.0118325 0.033433 0.0397515 0.0142139 0.00168264 0.00824276 
0.890389 0.0109797 0.0397642 0.0394713 0.0102074 0.00132741 0.00786119 
0.885331 0.00980286 0.0476017 0.0359159 0.00866873 0.0018855 0.0107945 
0.884298 0.00999519 0.0466856 0.0402662 0.00697977 0.00194292 0.00983258 
0.895707 0.00938886 0.0405858 0.0374272 0.00721581 0.00166037 0.00801499 
0.906893 0.0152632 0.0423664 0.0141175 0.00720354 0.00192228 0.0122342 
0.895119 0.0109209 0.0548749 0.0180645 0.00585987 0.00173033 0.0134301 
0.893519 0.019013 0.034288 0.026512 0.01521 0.001899 0.00955913 
0.859725 0.0277634 0.0261861 0.0242193 0.0493419 0.00302214 0.00974202 
0.888578 0.0217473 0.0309678 0.0192668 0.0289733 0.00225896 0.00820803 
0.873151 0.0181457 0.0342439 0.0283309 0.0336965 0.00213072 0.0103016 
0.860987 0.01828 0.0283373 0.0282237 0.0529126 0.00188401 0.00937587 
0.878424 0.0182609 0.0365817 0.0218772 0.0328594 0.00195955 0.0100372 
0.878547 0.0137419 0.0454354 0.0238748 0.0253855 0.00140666 0.0116084 
0.879871 0.0230404 0.0268624 0.0286581 0.0316174 0.00164968 0.00830153 
0.861867 0.0308367 0.0229536 0.0268541 0.047397 0.0021902 0.00790139 
0.875006 0.0434376 0.01999 0.018502 0.0318564 0.0027236 0.00848405 
0.7746 0.0351317 0.0160903 0.0622396 0.101518 0.00427256 0.00614737 
0.864719 0.0262174 0.0278268 0.029298 0.0414609 0.00322056 0.00725726 
0.902364 0.0270017 0.031448 0.0204786 0.00992162 0.00271617 0.00607011 
0.901031 0.0213162 0.0308878 0.0216066 0.0146106 0.00251849 0.0080294 
0.89387 0.0270327 0.0237673 0.0357846 0.00746078 0.00540058 0.00668404 
0.907333 0.0313991 0.022027 0.0218362 0.00788936 0.0042044 0.00531064 
0.890333 0.0221955 0.0377209 0.0251255 0.00626538 0.00739443 0.0109657 
0.886123 0.0139628 0.0558449 0.0205197 0.00497933 0.00642232 0.0121482 
0.888424 0.0148885 0.0476175 0.0305648 0.00532596 0.00372047 0.0094592 
0.892214 0.0141977 0.045616 0.0283879 0.00760162 0.00338645 0.0085966 
0.879647 0.0145476 0.0517136 0.0326693 0.0102731 0.00250062 0.00864868 
0.88998 0.0165132 0.0522026 0.0166435 0.00998859 0.00306797 0.0116038 
0.889403 0.0109327 0.0394213 0.039648 0.00969619 0.00207616 0.00882296 
0.885306 0.0223779 0.0362216 0.0275949 0.0169544 0.0024688 0.00907691 
0.887588 0.0136737 0.04098 0.0332593 0.0115739 0.00272567 0.0102 
0.897756 0.0133355 0.0447759 0.027151 0.00662421 0.00187575 0.00848172 
0.901307 0.00923496 0.0442929 0.0250326 0.0095173 0.00168886 0.00892607 
0.891562 0.00821494 0.0493581 0.0331832 0.00288821 0.00262284 0.0121708 
0.901025 0.00995807 0.0373019 0.0302313 0.00438671 0.00414446 0.012953 
0.894527 0.0115831 0.0329317 0.042724 0.00578886 0.00300309 0.00944267 
0.914023 0.0149437 0.03617 0.0180993 0.00398162 0.00226416 0.0105182 
0.901169 0.012523 0.0300317 0.0391286 0.00801175 0.00166649 0.0074696 
0.874405 0.0137812 0.0373967 0.0568869 0.00833375 0.00112897 0.00806722 
0.889956 0.0151933 0.030277 0.0439714 0.0111575 0.00156068 0.0078844 
0.894128 0.0120114 0.0311715 0.041397 0.00975714 0.00138622 0.0101486 
0.890173 0.014973 0.0271135 0.0482876 0.0117549 0.0013363 0.00636198 
0.87197 0.0103958 0.0333631 0.0619297 0.0123242 0.00120588 0.00881165 
0.890302 0.0146607 0.0282927 0.0410313 0.0156126 0.00168492 0.0084154 
0.897982 0.014362 0.0353091 0.0284123 0.0114944 0.00169917 0.0107411 
0.905401 0.0142148 0.0296592 0.0287116 0.0124201 0.00145453 0.00813862 
