0.8587327 0.022341216 0.03538553
0.8621025 0.025191221 0.034144532
0.85485315 0.029236596 0.033696376
0.8635594 0.02155687 0.033781506
0.862809 0.033333335 0.030000582
0.36028963 0.006222002 0.13077828
Infinity Infinity Infinity
0.71575177 0.012407454 0.12782016
0.757888 0.009855284 0.07860827
0.72579426 0.018941037 0.15605849
0.31776005 0.007650526 0.025288587
0.5081869 0.007878073 0.0177071
0.38593915 0.007398012 0.014676658
0.70987844 0.012833347 0.029916748
0.7694429 0.018918794 0.028491084
0.7395234 0.009745541 0.027663697
0.818157 0.013390087 0.017380219
0.8135017 0.011761091 0.019869933
0.7271431 0.020490102 0.02588082
0.30027562 0.047652643 0.5240855
0.14543347 0.031209689 0.49831104
0.039682396 0.24030164 0.4665218
0.048466362 0.09147738 0.6441423
0.035394143 0.2451388 0.3930483
0.045333013 0.13479683 0.62568885
0.044213243 0.18432525 0.56792986
0.05628391 0.15429921 0.56270105
0.6656465 0.021203013 0.25201887
0.62508374 0.030215874 0.2300205
0.21377411 0.21454158 0.436835
0.2173392 0.21002488 0.45293507
0.27235225 0.18635964 0.31660882
0.20941015 0.13040873 0.37018323
0.15745366 0.09082879 0.1257952
