0.83561 0.0100659 0.0443876 0.0647725 0.00845343 0.00325342 0.0334576 
0.882882 0.010368 0.0343796 0.0410397 0.00935609 0.00327031 0.0187043 
0.847115 0.00922373 0.0436671 0.0687398 0.00700218 0.00258958 0.0216626 
0.822622 0.0104466 0.0592678 0.056777 0.00244216 0.00301344 0.045431 
0.866623 0.0105679 0.0448373 0.0500544 0.00393438 0.00218901 0.0217937 
0.855318 0.00936273 0.0574738 0.0386261 0.0021541 0.00194554 0.0351194 
0.868085 0.00851096 0.0390171 0.0418363 0.0126019 0.00337709 0.0265714 
0.856501 0.0102043 0.0294713 0.0673904 0.0148456 0.00350674 0.018081 
0.871731 0.00785882 0.0433749 0.046565 0.00634468 0.00359521 0.0205307 
0.818233 0.00754368 0.0479756 0.0895489 0.00634364 0.00290698 0.0274483 
0.859478 0.010845 0.0321441 0.0675307 0.00799409 0.0035486 0.0184592 
0.870921 0.0107884 0.0372976 0.0437452 0.0079569 0.00375908 0.0255322 
0.82735 0.0116985 0.0373466 0.0823896 0.0121644 0.00350172 0.0255497 
0.856357 0.0103141 0.0420006 0.0502118 0.007741 0.00356125 0.0298139 
0.862514 0.0139592 0.0346162 0.0620795 0.00625598 0.00315129 0.0174237 
0.8804 0.0167521 0.031651 0.0432256 0.00547428 0.00307203 0.019425 
0.877117 0.016982 0.035062 0.0254049 0.00532491 0.00327822 0.0368311 
0.878868 0.011815 0.0389765 0.0334212 0.0060578 0.00299697 0.0278646 
0.818967 0.0127749 0.0397894 0.0877582 0.00714983 0.0033817 0.0301794 
0.849883 0.017294 0.0275564 0.0722793 0.00956048 0.00441987 0.019007 
0.821388 0.0230777 0.0259917 0.0952798 0.0111429 0.00594561 0.0171742 
0.877444 0.0197142 0.0283603 0.0368741 0.0104281 0.00477134 0.0224084 
0.843762 0.0146059 0.0339073 0.0811778 0.00550875 0.00306329 0.0179749 
0.838654 0.0115173 0.0497357 0.0698299 0.00212593 0.00332657 0.0248106 
0.856006 0.0121161 0.0376371 0.0449248 0.00408108 0.00729409 0.0379404 
0.855719 0.0123091 0.0327054 0.0500466 0.00860222 0.00458171 0.0360356 
0.82865 0.0114525 0.0382123 0.0704789 0.00600589 0.0052997 0.0399012 
0.836393 0.00942198 0.037203 0.064752 0.0134903 0.00463668 0.0341035 
0.86951 0.0097605 0.0316017 0.0452645 0.0168697 0.00438251 0.0226114 
0.877828 0.0150617 0.0354579 0.0341891 0.00852463 0.00294337 0.0259957 
0.84742 0.0133113 0.040323 0.0601933 0.00626425 0.00303853 0.0294492 
0.875789 0.0207862 0.0255675 0.0493859 0.0108244 0.00345212 0.0141949 
0.870653 0.0161123 0.0240363 0.05611 0.0143531 0.00430864 0.0144271 
0.855804 0.0118611 0.039593 0.0473658 0.0113939 0.00407815 0.0299041 
0.881313 0.012914 0.0363376 0.0395713 0.00442394 0.00279945 0.0226411 
0.885796 0.0122603 0.0404927 0.0355665 0.00451556 0.00279205 0.0185773 
0.868624 0.0169434 0.0263635 0.0541593 0.0147974 0.00300123 0.0161113 
0.884944 0.0141034 0.0324607 0.0422587 0.00634694 0.00329362 0.0165929 
0.867836 0.0106553 0.0410269 0.0488117 0.00378208 0.00332117 0.0245668 
0.864011 0.0110942 0.0387955 0.0451124 0.0102074 0.00285855 0.0279206 
0.874705 0.0145637 0.0390271 0.0367525 0.00437407 0.00454154 0.0260364 
0.861367 0.0158763 0.0312323 0.0649822 0.00776847 0.0036278 0.0151458 
0.881575 0.0115615 0.037354 0.0331524 0.00461996 0.00304511 0.0286918 
0.85829 0.0113875 0.0478716 0.0547555 0.00381 0.00202587 0.0218592 
0.867594 0.00983344 0.036002 0.0591811 0.00679848 0.00272365 0.0178672 
0.83561 0.0100659 0.0443876 0.0647725 0.00845343 0.00325342 0.0334576 
0.882882 0.010368 0.0343796 0.0410397 0.00935609 0.00327031 0.0187043 
0.847115 0.00922373 0.0436671 0.0687398 0.00700218 0.00258958 0.0216626 
0.822622 0.0104466 0.0592678 0.056777 0.00244216 0.00301344 0.045431 
0.866623 0.0105679 0.0448373 0.0500544 0.00393438 0.00218901 0.0217937 
0.855318 0.00936273 0.0574738 0.0386261 0.0021541 0.00194554 0.0351194 
0.868085 0.00851096 0.0390171 0.0418363 0.0126019 0.00337709 0.0265714 
0.856501 0.0102043 0.0294713 0.0673904 0.0148456 0.00350674 0.018081 
0.871731 0.00785882 0.0433749 0.046565 0.00634468 0.00359521 0.0205307 
0.818233 0.00754368 0.0479756 0.0895489 0.00634364 0.00290698 0.0274483 
0.859478 0.010845 0.0321441 0.0675307 0.00799409 0.0035486 0.0184592 
0.870921 0.0107884 0.0372976 0.0437452 0.0079569 0.00375908 0.0255322 
0.82735 0.0116985 0.0373466 0.0823896 0.0121644 0.00350172 0.0255497 
0.856357 0.0103141 0.0420006 0.0502118 0.007741 0.00356125 0.0298139 
0.862514 0.0139592 0.0346162 0.0620795 0.00625598 0.00315129 0.0174237 
0.8804 0.0167521 0.031651 0.0432256 0.00547428 0.00307203 0.019425 
0.877117 0.016982 0.035062 0.0254049 0.00532491 0.00327822 0.0368311 
0.878868 0.011815 0.0389765 0.0334212 0.0060578 0.00299697 0.0278646 
0.818967 0.0127749 0.0397894 0.0877582 0.00714983 0.0033817 0.0301794 
0.849883 0.017294 0.0275564 0.0722793 0.00956048 0.00441987 0.019007 
0.821388 0.0230777 0.0259917 0.0952798 0.0111429 0.00594561 0.0171742 
0.877444 0.0197142 0.0283603 0.0368741 0.0104281 0.00477134 0.0224084 
0.843762 0.0146059 0.0339073 0.0811778 0.00550875 0.00306329 0.0179749 
0.838654 0.0115173 0.0497357 0.0698299 0.00212593 0.00332657 0.0248106 
0.856006 0.0121161 0.0376371 0.0449248 0.00408108 0.00729409 0.0379404 
0.855719 0.0123091 0.0327054 0.0500466 0.00860222 0.00458171 0.0360356 
0.82865 0.0114525 0.0382123 0.0704789 0.00600589 0.0052997 0.0399012 
0.836393 0.00942198 0.037203 0.064752 0.0134903 0.00463668 0.0341035 
0.86951 0.0097605 0.0316017 0.0452645 0.0168697 0.00438251 0.0226114 
0.877828 0.0150617 0.0354579 0.0341891 0.00852463 0.00294337 0.0259957 
0.84742 0.0133113 0.040323 0.0601933 0.00626425 0.00303853 0.0294492 
0.875789 0.0207862 0.0255675 0.0493859 0.0108244 0.00345212 0.0141949 
0.870653 0.0161123 0.0240363 0.05611 0.0143531 0.00430864 0.0144271 
0.855804 0.0118611 0.039593 0.0473658 0.0113939 0.00407815 0.0299041 
0.881313 0.012914 0.0363376 0.0395713 0.00442394 0.00279945 0.0226411 
0.885796 0.0122603 0.0404927 0.0355665 0.00451556 0.00279205 0.0185773 
0.868624 0.0169434 0.0263635 0.0541593 0.0147974 0.00300123 0.0161113 
0.884944 0.0141034 0.0324607 0.0422587 0.00634694 0.00329362 0.0165929 
0.867836 0.0106553 0.0410269 0.0488117 0.00378208 0.00332117 0.0245668 
0.864011 0.0110942 0.0387955 0.0451124 0.0102074 0.00285855 0.0279206 
0.874705 0.0145637 0.0390271 0.0367525 0.00437407 0.00454154 0.0260364 
0.861367 0.0158763 0.0312323 0.0649822 0.00776847 0.0036278 0.0151458 
0.881575 0.0115615 0.037354 0.0331524 0.00461996 0.00304511 0.0286918 
0.85829 0.0113875 0.0478716 0.0547555 0.00381 0.00202587 0.0218592 
0.867594 0.00983344 0.036002 0.0591811 0.00679848 0.00272365 0.0178672 
0.847506 0.00881747 0.0456642 0.0642164 0.00431738 0.00382572 0.0256525 
0.818768 0.00956928 0.044315 0.101519 0.0042035 0.00238173 0.0192437 
0.796912 0.0078767 0.0559018 0.110706 0.00315884 0.00315612 0.0222891 
0.82759 0.00880226 0.0525728 0.082571 0.00331179 0.00231886 0.0228332 
0.867122 0.0105488 0.0398522 0.0543569 0.0046872 0.00280549 0.0206277 
0.828496 0.00777441 0.0616766 0.0570386 0.0021174 0.00326761 0.0396298 
0.852998 0.00893319 0.0481729 0.0652733 0.00326897 0.00256079 0.018793 
0.824684 0.00835837 0.0528563 0.0591678 0.00578482 0.0036636 0.0454851 
0.884959 0.00864592 0.0419398 0.0343884 0.00428719 0.00229086 0.0234891 
0.868887 0.0102099 0.0457484 0.0466464 0.00392258 0.00206463 0.022521 
0.852841 0.0113531 0.037907 0.0673383 0.00608843 0.00324748 0.0212246 
0.845773 0.00983465 0.0508744 0.0513518 0.00338337 0.00299979 0.035783 
0.830019 0.0128381 0.0462284 0.0512508 0.00365141 0.00417811 0.051834 
0.847509 0.00903473 0.0547347 0.0391381 0.00362842 0.00231294 0.0436422 
0.822897 0.00954891 0.0499603 0.0672084 0.00494284 0.00277577 0.0426663 
0.847506 0.00881747 0.0456642 0.0642164 0.00431738 0.00382572 0.0256525 
0.818768 0.00956928 0.044315 0.101519 0.0042035 0.00238173 0.0192437 
0.796912 0.0078767 0.0559018 0.110706 0.00315884 0.00315612 0.0222891 
0.82759 0.00880226 0.0525728 0.082571 0.00331179 0.00231886 0.0228332 
0.867122 0.0105488 0.0398522 0.0543569 0.0046872 0.00280549 0.0206277 
0.828496 0.00777441 0.0616766 0.0570386 0.0021174 0.00326761 0.0396298 
0.852998 0.00893319 0.0481729 0.0652733 0.00326897 0.00256079 0.018793 
0.824684 0.00835837 0.0528563 0.0591678 0.00578482 0.0036636 0.0454851 
0.884959 0.00864592 0.0419398 0.0343884 0.00428719 0.00229086 0.0234891 
0.868887 0.0102099 0.0457484 0.0466464 0.00392258 0.00206463 0.022521 
0.852841 0.0113531 0.037907 0.0673383 0.00608843 0.00324748 0.0212246 
0.845773 0.00983465 0.0508744 0.0513518 0.00338337 0.00299979 0.035783 
0.830019 0.0128381 0.0462284 0.0512508 0.00365141 0.00417811 0.051834 
0.847509 0.00903473 0.0547347 0.0391381 0.00362842 0.00231294 0.0436422 
0.822897 0.00954891 0.0499603 0.0672084 0.00494284 0.00277577 0.0426663 
0.813422 0.00862739 0.0787615 0.0164298 0.00225501 0.00223151 0.0782725 
0.86272 0.0102052 0.0561829 0.0298196 0.00660784 0.00206226 0.0324016 
0.798018 0.00903386 0.0740154 0.0219905 0.00632974 0.0024463 0.0881667 
0.855689 0.0127237 0.0572997 0.0133065 0.00246594 0.00276947 0.0557459 
0.870687 0.0123244 0.0493267 0.0219295 0.00616088 0.0032926 0.0362784 
0.845672 0.00824523 0.0629344 0.0355565 0.00444427 0.00178474 0.0413631 
0.809704 0.00888769 0.0664648 0.0153711 0.00454752 0.00274923 0.0922758 
0.833743 0.0110979 0.0591642 0.0193202 0.00341985 0.00290457 0.0703498 
0.834844 0.0106057 0.0677702 0.0384896 0.00469602 0.00146347 0.0421309 
0.848412 0.0121906 0.0560736 0.033288 0.00704603 0.00178528 0.0412046 
0.852448 0.0178911 0.0486902 0.0361022 0.00886046 0.00255948 0.0334489 
0.853018 0.0115663 0.0537111 0.0268816 0.00470026 0.00260771 0.047515 
0.838345 0.0119013 0.0563585 0.0297056 0.00464812 0.00198977 0.0570521 
0.847539 0.0106793 0.0605184 0.0324558 0.00520369 0.00199199 0.041612 
0.868953 0.0138362 0.0544132 0.0266232 0.00312763 0.00267752 0.0303694 
0.851721 0.00980008 0.0569913 0.0223265 0.00437451 0.00216179 0.0526251 
0.845084 0.0137782 0.0559613 0.0409671 0.0100282 0.00261939 0.0315616 
0.862035 0.0119526 0.0445543 0.0465968 0.00905123 0.00233544 0.0234751 
0.843172 0.013289 0.061727 0.0197096 0.0053381 0.00194991 0.0548147 
0.858868 0.0140214 0.0518336 0.0262646 0.00528131 0.00203507 0.0416964 
0.814734 0.0120328 0.0589226 0.0264835 0.00510036 0.00214179 0.0805847 
0.813908 0.0114987 0.0639049 0.0183787 0.00306313 0.00229969 0.0869467 
0.850321 0.0144869 0.0507855 0.0295942 0.00466348 0.00249336 0.0476556 
0.806286 0.010273 0.0604588 0.0284549 0.00645433 0.0022192 0.0858542 
0.862483 0.0154174 0.050658 0.0242529 0.00700044 0.00308169 0.0371063 
0.866037 0.0131926 0.0483877 0.0309408 0.0061541 0.0033221 0.0319657 
0.85973 0.0138147 0.0542608 0.0353106 0.0039976 0.00268916 0.0301969 
0.862271 0.0152908 0.0520505 0.0358323 0.00455186 0.00249235 0.027511 
0.8726 0.0127626 0.0540136 0.0274552 0.0052113 0.00242898 0.0255282 
0.852082 0.0106746 0.0661211 0.0245839 0.00251258 0.00256612 0.0414593 
0.847506 0.00881747 0.0456642 0.0642164 0.00431738 0.00382572 0.0256525 
0.818768 0.00956928 0.044315 0.101519 0.0042035 0.00238173 0.0192437 
0.796912 0.0078767 0.0559018 0.110706 0.00315884 0.00315612 0.0222891 
0.82759 0.00880226 0.0525728 0.082571 0.00331179 0.00231886 0.0228332 
0.867122 0.0105488 0.0398522 0.0543569 0.0046872 0.00280549 0.0206277 
0.828496 0.00777441 0.0616766 0.0570386 0.0021174 0.00326761 0.0396298 
0.852998 0.00893319 0.0481729 0.0652733 0.00326897 0.00256079 0.018793 
0.824684 0.00835837 0.0528563 0.0591678 0.00578482 0.0036636 0.0454851 
0.884959 0.00864592 0.0419398 0.0343884 0.00428719 0.00229086 0.0234891 
0.868887 0.0102099 0.0457484 0.0466464 0.00392258 0.00206463 0.022521 
0.852841 0.0113531 0.037907 0.0673383 0.00608843 0.00324748 0.0212246 
0.845773 0.00983465 0.0508744 0.0513518 0.00338337 0.00299979 0.035783 
0.830019 0.0128381 0.0462284 0.0512508 0.00365141 0.00417811 0.051834 
0.847509 0.00903473 0.0547347 0.0391381 0.00362842 0.00231294 0.0436422 
0.822897 0.00954891 0.0499603 0.0672084 0.00494284 0.00277577 0.0426663 
0.889874 0.0103723 0.0559646 0.0107779 0.00224712 0.00275024 0.028014 
0.897276 0.00994499 0.0497909 0.0152168 0.00259989 0.00194605 0.0232254 
0.874951 0.00994991 0.0636963 0.013323 0.00172627 0.0024906 0.0338627 
0.872212 0.012154 0.0491514 0.0139983 0.00322581 0.00431594 0.0449424 
0.866733 0.0151299 0.0404804 0.0330647 0.0105127 0.0058791 0.0282005 
0.879137 0.013579 0.0410904 0.0311075 0.00433224 0.00497701 0.0257764 
0.870678 0.00977427 0.0444614 0.0387836 0.00932177 0.0032666 0.0237141 
0.852922 0.0104056 0.0508801 0.0383869 0.00920903 0.00358478 0.0346114 
0.847066 0.0103518 0.0479344 0.0547991 0.00665593 0.0036706 0.0295216 
0.851429 0.0140374 0.0546054 0.0259538 0.00382908 0.00387428 0.0462711 
0.876611 0.0120636 0.0493851 0.0276131 0.00309547 0.00299964 0.0282317 
0.861628 0.0107519 0.0527643 0.0265967 0.00467375 0.00287542 0.0407098 
0.868012 0.00864852 0.0586274 0.0163224 0.00248792 0.00337566 0.0425262 
0.852598 0.0122623 0.053369 0.0128878 0.0038619 0.00426833 0.0607523 
0.838741 0.00935524 0.0764628 0.019594 0.00139873 0.00234391 0.0521047 
0.84825 0.0108576 0.0716419 0.0157417 0.00182528 0.00287772 0.0488063 
0.856762 0.011677 0.0626456 0.0227216 0.00261261 0.0018227 0.0417583 
0.874218 0.0104766 0.0514657 0.0295285 0.00270065 0.00239933 0.0292116 
0.858591 0.00908372 0.0706331 0.0354576 0.00229277 0.00148735 0.0224543 
0.857369 0.00933019 0.0623103 0.0311135 0.00276272 0.0019271 0.0351874 
0.844714 0.0119809 0.0520545 0.0525496 0.00604727 0.00284702 0.0298064 
0.866967 0.0113942 0.0558518 0.031736 0.00361741 0.00197997 0.0284538 
0.829673 0.0104616 0.0531832 0.059556 0.0036378 0.00229911 0.0411896 
0.829775 0.0096788 0.056792 0.058874 0.00420306 0.00209496 0.0385824 
0.848112 0.00940178 0.0577204 0.0354407 0.00416698 0.00297418 0.0421838 
0.864339 0.00749749 0.0610897 0.0283956 0.00273639 0.00331595 0.0326261 
0.885217 0.0118017 0.0370158 0.0309193 0.00734521 0.0038182 0.0238828 
0.859611 0.0111478 0.0452094 0.0500172 0.00473195 0.00379078 0.025492 
0.854827 0.00786768 0.0610734 0.0361496 0.002484 0.0024577 0.0351402 
0.829622 0.01243 0.0573561 0.0294529 0.00278274 0.00240607 0.0659499 
0.849816 0.0109001 0.0622361 0.019749 0.00226645 0.00204952 0.0529824 
0.849051 0.0103007 0.0611568 0.0156402 0.00294682 0.00259893 0.0583051 
0.843281 0.00955179 0.0631724 0.0260332 0.00286613 0.00181873 0.0532762 
0.838479 0.0101442 0.0701174 0.0131475 0.00207788 0.00219442 0.0638392 
0.802291 0.00864915 0.0767934 0.0180564 0.00204739 0.00220297 0.0899595 
0.837468 0.00919952 0.0659895 0.0294719 0.0024892 0.00217111 0.0532104 
0.839166 0.00820491 0.0665077 0.0254765 0.00294465 0.00249485 0.0552053 
0.859029 0.0104717 0.0628331 0.020345 0.00154013 0.00287921 0.0429016 
0.879352 0.0151862 0.0417709 0.0392218 0.00536943 0.00158433 0.0175154 
0.830588 0.0106177 0.0728687 0.0167888 0.00198763 0.0014924 0.0656563 
0.881396 0.0125778 0.0514078 0.0137265 0.00232473 0.00317279 0.0353942 
0.846123 0.0105548 0.0614138 0.0406308 0.00231195 0.00288865 0.0360766 
0.852855 0.00875883 0.0670423 0.0115096 0.00319338 0.00263374 0.0540075 
0.836918 0.0107343 0.0577768 0.0287245 0.00418299 0.00263157 0.0590318 
0.816602 0.0106904 0.063897 0.0415671 0.00295948 0.00245324 0.0618311 
0.811107 0.00905435 0.0739069 0.0424626 0.00211147 0.0029004 0.0584568 
0.850358 0.0121228 0.0474396 0.0564486 0.00633178 0.00387741 0.0234213 
0.833108 0.00929488 0.0628669 0.0389894 0.00433659 0.00309259 0.0483119 
0.795649 0.00866732 0.0634943 0.0979491 0.00283413 0.0034052 0.0280007 
0.779724 0.0123527 0.030641 0.154343 0.00848192 0.00237652 0.012081 
0.743561 0.0112438 0.0648297 0.163527 0.00264582 0.00194469 0.0122482 
0.705026 0.0156791 0.0607365 0.193176 0.00259637 0.00163628 0.0211505 
0.647972 0.0197586 0.0298685 0.286555 0.00456361 0.00142019 0.00986289 
0.61734 0.0314785 0.023586 0.297783 0.0135936 0.00245385 0.0137654 
0.553661 0.0330414 0.0185566 0.350368 0.0323662 0.0019203 0.0100866 
0.631117 0.039589 0.0167091 0.254875 0.0420051 0.00257623 0.0131285 
0.658265 0.043924 0.0200539 0.228584 0.0315331 0.00304703 0.0145919 
0.430886 0.0430253 0.0125912 0.464484 0.0369944 0.00256322 0.00945548 
0.599568 0.0372381 0.0130873 0.27284 0.0629092 0.00185435 0.0125024 
0.562813 0.0212347 0.0129274 0.327176 0.0659304 0.00160821 0.00831005 
0.292686 0.0212084 0.00587823 0.553982 0.118775 0.00175844 0.00571276 
0.547561 0.0098763 0.0234692 0.387505 0.0226168 0.0011829 0.00778916 
0.554672 0.00777339 0.0275 0.347538 0.0486766 0.00191186 0.0119279 
0.732406 0.00824582 0.0599687 0.140412 0.0230841 0.00197191 0.0339117 
0.775966 0.00718362 0.0524688 0.119286 0.0221817 0.0019533 0.0209606 
0.763487 0.00956844 0.045421 0.154683 0.0121213 0.00154947 0.0131697 
0.849472 0.0101844 0.0563822 0.056891 0.00412245 0.00182398 0.0211235 
0.839853 0.0140351 0.0524319 0.0672394 0.0039624 0.00282028 0.0196581 
0.862418 0.0111226 0.0434399 0.0636293 0.00382312 0.00268864 0.0128783 
0.876414 0.0257604 0.0314711 0.0299849 0.0107535 0.00509979 0.020516 
0.862823 0.0150184 0.0368769 0.0539962 0.00612398 0.00379898 0.0213623 
0.865126 0.0229882 0.0277138 0.0458817 0.0133162 0.00525724 0.0197172 
0.8655 0.0141308 0.044884 0.034195 0.00373957 0.00437193 0.0331788 
0.86462 0.0157504 0.0438881 0.0405977 0.00474039 0.00473632 0.0256668 
0.862912 0.0149091 0.0445438 0.0283975 0.00554266 0.00639337 0.0373011 
0.867984 0.0135429 0.0604552 0.0085041 0.00238793 0.00552717 0.0415986 
0.818299 0.00980968 0.0686895 0.0322362 0.00848162 0.00663607 0.0558478 
0.867684 0.0097353 0.0555084 0.0292707 0.00779775 0.0044883 0.0255154 
0.861254 0.00969687 0.0600422 0.0190897 0.0163976 0.00585186 0.027668 
0.851477 0.0080772 0.0592618 0.0250216 0.0190028 0.00539167 0.0317679 
0.847506 0.00881747 0.0456642 0.0642164 0.00431738 0.00382572 0.0256525 
0.818768 0.00956928 0.044315 0.101519 0.0042035 0.00238173 0.0192437 
0.796912 0.0078767 0.0559018 0.110706 0.00315884 0.00315612 0.0222891 
0.82759 0.00880226 0.0525728 0.082571 0.00331179 0.00231886 0.0228332 
0.867122 0.0105488 0.0398522 0.0543569 0.0046872 0.00280549 0.0206277 
0.828496 0.00777441 0.0616766 0.0570386 0.0021174 0.00326761 0.0396298 
0.852998 0.00893319 0.0481729 0.0652733 0.00326897 0.00256079 0.018793 
0.824684 0.00835837 0.0528563 0.0591678 0.00578482 0.0036636 0.0454851 
0.884959 0.00864592 0.0419398 0.0343884 0.00428719 0.00229086 0.0234891 
0.868887 0.0102099 0.0457484 0.0466464 0.00392258 0.00206463 0.022521 
0.852841 0.0113531 0.037907 0.0673383 0.00608843 0.00324748 0.0212246 
0.845773 0.00983465 0.0508744 0.0513518 0.00338337 0.00299979 0.035783 
0.830019 0.0128381 0.0462284 0.0512508 0.00365141 0.00417811 0.051834 
0.847509 0.00903473 0.0547347 0.0391381 0.00362842 0.00231294 0.0436422 
0.822897 0.00954891 0.0499603 0.0672084 0.00494284 0.00277577 0.0426663 
0.833413 0.00941522 0.0541024 0.0463518 0.0101746 0.00497289 0.04157 
0.831713 0.00933091 0.0522298 0.0630722 0.0113209 0.00307971 0.0292529 
0.8398 0.0114766 0.0572856 0.0348483 0.0120732 0.00319477 0.0413218 
0.825128 0.0100958 0.0587156 0.058117 0.00925288 0.00443567 0.0342549 
0.8597 0.00622863 0.0683534 0.0216793 0.00413443 0.00443557 0.0354684 
0.855626 0.00770512 0.0644715 0.0201423 0.00466769 0.003392 0.0439952 
0.796233 0.0066873 0.0829896 0.019255 0.00227234 0.0047805 0.0877819 
0.811593 0.00905513 0.0743468 0.049794 0.00333222 0.00254478 0.0493337 
0.801059 0.00625994 0.0853152 0.0570589 0.00378918 0.00281821 0.0436999 
0.797623 0.00940881 0.085891 0.0217765 0.00319131 0.00341471 0.0786948 
0.834471 0.0080095 0.0654371 0.0202 0.0100521 0.00647909 0.0553514 
0.783418 0.00578125 0.0882735 0.0629102 0.00445317 0.00490271 0.0502611 
0.828155 0.00671284 0.0872543 0.0246214 0.00324227 0.00333808 0.0466764 
0.833927 0.00660284 0.0800459 0.0197844 0.00427491 0.00435528 0.0510095 
0.827146 0.00606639 0.0824153 0.023112 0.00236856 0.0030028 0.0558889 
0.801751 0.00625379 0.0901637 0.0245594 0.00261747 0.00308072 0.0715737 
0.808231 0.00738653 0.0803586 0.0228981 0.00199604 0.00474062 0.0743889 
0.840424 0.00666319 0.0782443 0.0194797 0.00193675 0.00314705 0.0501048 
0.859106 0.00748949 0.0657612 0.0264296 0.00329288 0.00327989 0.0346415 
0.839614 0.00633773 0.083437 0.0171967 0.0025584 0.00287116 0.0479849 
0.805736 0.00720588 0.079049 0.0505091 0.00343329 0.00352404 0.0505426 
0.830401 0.00903384 0.0735497 0.0308542 0.00220709 0.00351285 0.0504415 
0.847646 0.00891953 0.0586001 0.0371187 0.00469708 0.00325387 0.0397645 
0.854563 0.00855618 0.0577373 0.0343145 0.00344494 0.00367681 0.0377071 
0.829305 0.00974397 0.064907 0.0356219 0.00709919 0.00326381 0.0500595 
0.836278 0.00819267 0.07878 0.0144635 0.00189486 0.00242661 0.0579639 
0.80157 0.00716585 0.0809411 0.0365953 0.0035477 0.00280573 0.0673748 
0.799324 0.00776434 0.0754223 0.0349529 0.0035329 0.00311588 0.0758874 
0.814682 0.00790125 0.0738922 0.0393027 0.00258179 0.00295957 0.0586803 
0.859358 0.0103473 0.0559026 0.0358556 0.00293936 0.00301659 0.0325801 
