0.360901 0.17748 0.0153817 0.420991 0.0120296 0.00511941 0.00809796 
0.341182 0.134487 0.0167795 0.489245 0.00673716 0.00453616 0.00703393 
0.436308 0.186973 0.017665 0.335387 0.0073068 0.00657268 0.00978832 
0.466729 0.181975 0.0180526 0.306574 0.00790013 0.00870816 0.0100615 
0.275059 0.213001 0.0203325 0.465741 0.00770742 0.00704615 0.0111127 
0.347601 0.158081 0.0172851 0.458461 0.00569824 0.00618756 0.00668591 
0.371844 0.159365 0.0166001 0.431876 0.0076237 0.00467768 0.00801324 
0.390306 0.115042 0.0160334 0.458348 0.00767306 0.00453055 0.00806635 
0.436665 0.106895 0.0180203 0.421472 0.00529165 0.00397456 0.007682 
0.537654 0.111875 0.018295 0.314133 0.00532799 0.00508176 0.00763284 
0.466477 0.125348 0.0210714 0.368021 0.00435432 0.00693551 0.00779313 
0.482973 0.173022 0.0180249 0.30239 0.00701253 0.00676467 0.00981276 
0.450925 0.250901 0.0152296 0.252558 0.0128616 0.00772883 0.00979647 
0.429684 0.124139 0.0128362 0.404952 0.0162304 0.00439313 0.00776488 
0.564331 0.106935 0.0158575 0.289509 0.0115587 0.00424344 0.00756497 
0.481801 0.151899 0.0177555 0.326772 0.00765883 0.00639861 0.00771538 
0.445515 0.188886 0.019194 0.321097 0.00986667 0.00641138 0.00903033 
0.487081 0.195131 0.0148701 0.275546 0.012795 0.00646514 0.00811167 
0.464532 0.271042 0.0137835 0.224758 0.0108992 0.00723523 0.00775024 
0.473202 0.268394 0.0124605 0.215712 0.0143394 0.00788266 0.00800977 
0.398109 0.29679 0.0137796 0.257541 0.0158043 0.00844833 0.00952776 
0.402351 0.269087 0.016227 0.287492 0.00994686 0.00670427 0.00819249 
0.413772 0.176952 0.014142 0.361879 0.0192703 0.00536006 0.00862479 
0.352666 0.150984 0.0107041 0.436136 0.0380712 0.0040219 0.00741722 
0.385612 0.252343 0.0146084 0.321553 0.012865 0.00434374 0.00867422 
0.273699 0.220839 0.015034 0.44797 0.0253373 0.00684751 0.0102729 
0.244064 0.241978 0.0122071 0.457307 0.0294358 0.00595418 0.00905522 
0.294596 0.27521 0.0116423 0.379793 0.0244405 0.00537513 0.00894222 
0.302403 0.192616 0.0126859 0.441097 0.0353528 0.0058381 0.010007 
0.294055 0.327011 0.0125208 0.323455 0.0218817 0.00902934 0.0120459 
0.290047 0.546825 0.00459202 0.119516 0.02752 0.00454062 0.00695996 
0.249444 0.48285 0.00450902 0.193042 0.0585587 0.00445115 0.00714478 
0.228212 0.619181 0.00425129 0.114379 0.0219136 0.00445219 0.00761154 
0.292167 0.523645 0.00603175 0.140542 0.0224968 0.00523189 0.00988575 
0.317454 0.51661 0.00768751 0.136202 0.00944781 0.00470864 0.00788983 
0.303953 0.509695 0.00698797 0.153636 0.0128028 0.00448451 0.00844017 
0.367122 0.465073 0.00649908 0.132212 0.0164491 0.0047353 0.00790912 
0.330008 0.524978 0.00694044 0.111458 0.012398 0.00506914 0.00914847 
0.370688 0.432322 0.00787811 0.164885 0.0112772 0.00497296 0.00797681 
0.394243 0.364669 0.0121793 0.210593 0.00635728 0.00396243 0.00799616 
0.399248 0.344327 0.00917893 0.221147 0.0138553 0.0044373 0.00780686 
0.34474 0.396697 0.00863763 0.225901 0.0114305 0.00422387 0.00837097 
0.47218 0.253604 0.0143026 0.240334 0.00639166 0.00471514 0.00847256 
0.400845 0.412765 0.0112455 0.146975 0.00799091 0.00673124 0.0134469 
0.475958 0.310358 0.013202 0.175224 0.00823726 0.00728044 0.00974021 
0.362559 0.515282 0.00790674 0.0736114 0.0146429 0.0130616 0.0129365 
0.368259 0.507042 0.00816847 0.0835144 0.0136858 0.00831517 0.0110152 
0.404175 0.469854 0.00639861 0.083317 0.0216316 0.00681063 0.00781249 
0.420133 0.410654 0.00710039 0.132333 0.0162001 0.0057565 0.00782378 
0.55945 0.201338 0.0120912 0.20522 0.0108539 0.00474255 0.00630363 
0.543579 0.265705 0.0129479 0.156947 0.00819276 0.0054846 0.00714322 
0.490448 0.163875 0.013377 0.315705 0.00739191 0.00359166 0.00561118 
0.605925 0.200085 0.0148324 0.157026 0.00738175 0.00595457 0.00879429 
0.59084 0.203621 0.0126772 0.170379 0.00954555 0.00687055 0.00606709 
0.624043 0.156771 0.0192211 0.181277 0.00529143 0.00601251 0.00738414 
0.639257 0.207616 0.0151645 0.111987 0.00878589 0.0072885 0.00990068 
0.55445 0.2575 0.0111993 0.14577 0.0124869 0.00919753 0.00939571 
0.543753 0.207575 0.0145925 0.208252 0.00819973 0.00834984 0.00927828 
0.48791 0.301488 0.0100578 0.162259 0.0174644 0.0108472 0.00997346 
0.64016 0.0193203 0.17435 0.037612 0.0592395 0.00446417 0.0648543 
0.672486 0.0157266 0.160725 0.0323113 0.0403527 0.0035673 0.0748302 
0.646706 0.0118507 0.164862 0.0574809 0.0392582 0.00305354 0.0767886 
0.734838 0.0151459 0.108322 0.042138 0.049433 0.00293268 0.0471896 
0.737045 0.0152149 0.101837 0.046518 0.0477558 0.00293428 0.0486954 
0.697814 0.0136005 0.126764 0.050376 0.0526304 0.0033007 0.055514 
0.671443 0.0193091 0.10101 0.0621994 0.0932834 0.00409998 0.0486558 
0.688052 0.0211447 0.0975879 0.0440629 0.0962438 0.00420196 0.048707 
0.717271 0.0203932 0.0968902 0.0444951 0.06965 0.00337082 0.04793 
0.712503 0.026016 0.101825 0.0300639 0.0799037 0.00422259 0.0454658 
0.696294 0.0209477 0.120738 0.0443246 0.0618753 0.00480428 0.0510158 
0.636428 0.02466 0.135447 0.0362393 0.105266 0.00568022 0.0562801 
0.66142 0.0180429 0.156769 0.039263 0.0596251 0.00460441 0.0602757 
0.725821 0.0196674 0.114102 0.0378355 0.0521797 0.00335594 0.0470389 
0.719091 0.0205018 0.116084 0.0207511 0.0665193 0.00311916 0.0539333 
0.699774 0.0427312 0.0507819 0.0297557 0.135526 0.00514384 0.0362877 
0.640547 0.04152 0.120576 0.0246 0.119091 0.00649035 0.0471759 
0.635715 0.0287377 0.097357 0.0388508 0.144203 0.00630428 0.0488318 
0.700397 0.0229461 0.0656735 0.0474501 0.123686 0.00435156 0.0354957 
0.731984 0.0234962 0.073922 0.0376235 0.0869521 0.00346968 0.0425523 
0.697968 0.0165798 0.0901061 0.0520653 0.0971493 0.00268664 0.0434443 
0.730101 0.0167834 0.102927 0.0578479 0.0577558 0.00283987 0.0317446 
0.721898 0.03838 0.145571 0.0119002 0.0506438 0.00624557 0.0253614 
0.614747 0.017887 0.294835 0.00878217 0.0265419 0.00647781 0.0307291 
0.613184 0.03266 0.274188 0.00603003 0.0306213 0.00752135 0.0357955 
0.731921 0.0249878 0.177687 0.00712537 0.019861 0.00395681 0.0344608 
0.775022 0.0221424 0.144974 0.00873318 0.0149064 0.00469462 0.0295271 
0.722342 0.0185734 0.195159 0.00859656 0.0162472 0.00545273 0.0336295 
0.683203 0.0205873 0.221244 0.00843549 0.0205408 0.00734235 0.0386473 
0.717112 0.0332499 0.186468 0.00800573 0.0173865 0.00728384 0.0304932 
0.699774 0.0427312 0.0507819 0.0297557 0.135526 0.00514384 0.0362877 
0.640547 0.04152 0.120576 0.0246 0.119091 0.00649035 0.0471759 
0.635715 0.0287377 0.097357 0.0388508 0.144203 0.00630428 0.0488318 
0.700397 0.0229461 0.0656735 0.0474501 0.123686 0.00435156 0.0354957 
0.731984 0.0234962 0.073922 0.0376235 0.0869521 0.00346968 0.0425523 
0.697968 0.0165798 0.0901061 0.0520653 0.0971493 0.00268664 0.0434443 
0.730101 0.0167834 0.102927 0.0578479 0.0577558 0.00283987 0.0317446 
0.721898 0.03838 0.145571 0.0119002 0.0506438 0.00624557 0.0253614 
0.614747 0.017887 0.294835 0.00878217 0.0265419 0.00647781 0.0307291 
0.613184 0.03266 0.274188 0.00603003 0.0306213 0.00752135 0.0357955 
0.731921 0.0249878 0.177687 0.00712537 0.019861 0.00395681 0.0344608 
0.775022 0.0221424 0.144974 0.00873318 0.0149064 0.00469462 0.0295271 
0.722342 0.0185734 0.195159 0.00859656 0.0162472 0.00545273 0.0336295 
0.683203 0.0205873 0.221244 0.00843549 0.0205408 0.00734235 0.0386473 
0.717112 0.0332499 0.186468 0.00800573 0.0173865 0.00728384 0.0304932 
0.710568 0.0386574 0.0475734 0.037933 0.128576 0.00379398 0.0328985 
0.68069 0.0232975 0.0637705 0.0464152 0.138377 0.0028363 0.0446137 
0.686553 0.0209867 0.0867025 0.0614424 0.0927747 0.00319252 0.0483485 
0.67216 0.0190686 0.0748619 0.0597393 0.122625 0.00291492 0.0486302 
0.678598 0.0203734 0.0996394 0.0623096 0.0902905 0.00363214 0.0451571 
0.708437 0.023752 0.0564244 0.0491197 0.125843 0.00291519 0.0335089 
0.710712 0.0183115 0.111687 0.0481389 0.0599801 0.00282608 0.0483438 
0.720521 0.0194384 0.118962 0.0314598 0.0492052 0.00320022 0.0572133 
0.721545 0.018063 0.107924 0.0391317 0.0576537 0.00321396 0.0524683 
0.654561 0.0176161 0.112786 0.0416767 0.109939 0.0034692 0.0599522 
0.694156 0.0160438 0.0825845 0.0673599 0.0885851 0.00285649 0.0484146 
0.634607 0.017279 0.160276 0.0354345 0.0785327 0.00295548 0.0709152 
0.668442 0.0188924 0.0733615 0.0488183 0.145201 0.00283476 0.0424498 
0.645685 0.0180299 0.0682522 0.054373 0.168168 0.00291946 0.0425722 
0.682368 0.0251067 0.0933779 0.045485 0.0983603 0.00317537 0.0521272 
0.770655 0.0163259 0.0796599 0.0838046 0.00370738 0.00251701 0.04333 
0.701439 0.0150968 0.0953184 0.127284 0.00284902 0.00282144 0.0551912 
0.744064 0.0134216 0.0900168 0.083382 0.00434296 0.00209891 0.0626736 
0.701574 0.0138103 0.104462 0.094985 0.00396379 0.00244285 0.0787614 
0.694967 0.0159099 0.076415 0.156068 0.00996827 0.00346432 0.0432072 
0.750933 0.0131347 0.0801428 0.0899236 0.00767693 0.00279611 0.0553925 
0.774762 0.0129327 0.0931031 0.0436011 0.00555652 0.00250589 0.0675389 
0.765285 0.0117322 0.102061 0.0681565 0.00282668 0.00263566 0.0473025 
0.759176 0.0137079 0.0863524 0.0927716 0.00457532 0.00236082 0.0410558 
0.751503 0.0157673 0.080363 0.109188 0.00720822 0.0023131 0.0336577 
0.690366 0.0148475 0.0715298 0.191097 0.0057464 0.00189481 0.0245178 
0.780262 0.0200116 0.0611785 0.0936448 0.0112848 0.00284834 0.0307705 
0.786129 0.01713 0.0663395 0.0914239 0.00771262 0.00266941 0.0285955 
0.780825 0.0166957 0.0778932 0.0734847 0.00627873 0.00286984 0.0419525 
0.724778 0.0108419 0.13552 0.0589825 0.00367501 0.00284775 0.0633551 
0.702264 0.0105267 0.155793 0.0600066 0.00259408 0.00273431 0.0660808 
0.672454 0.0117183 0.150374 0.103063 0.00301686 0.00305344 0.0563204 
0.763993 0.014496 0.114825 0.0557736 0.00389428 0.00386387 0.0431536 
0.795803 0.0191945 0.100963 0.0337182 0.00265006 0.00355638 0.0441147 
0.833053 0.0389261 0.0610429 0.0237629 0.00418063 0.00528061 0.0337543 
0.808946 0.0683276 0.0643361 0.0135124 0.00428548 0.0069618 0.0336311 
0.789668 0.0891031 0.0555281 0.0197569 0.00963205 0.0100719 0.0262401 
0.826507 0.0283516 0.0925018 0.0154851 0.00519179 0.00649856 0.0254642 
0.734376 0.0183601 0.106391 0.1036 0.00358014 0.00991693 0.023775 
0.739971 0.0225106 0.163298 0.0284005 0.00661437 0.0146343 0.0245714 
0.711157 0.0282854 0.177325 0.0315517 0.0114313 0.0118866 0.0283638 
0.716783 0.026237 0.16657 0.0421925 0.00856449 0.0103714 0.0292815 
0.649806 0.0291338 0.168442 0.108139 0.0130893 0.00862901 0.0227609 
0.744964 0.0186246 0.153814 0.036821 0.0113679 0.0067838 0.0276254 
0.792799 0.0117969 0.102127 0.0514544 0.0021712 0.00448121 0.0351705 
0.815638 0.0120623 0.0999766 0.0291251 0.00405852 0.00510454 0.0340348 
0.818585 0.0104097 0.107909 0.021171 0.0020694 0.0045892 0.0352669 
0.724042 0.0119197 0.171598 0.0161421 0.0026258 0.00517223 0.0685005 
0.729972 0.0121814 0.181455 0.0104026 0.0029877 0.00720777 0.0557933 
0.738387 0.0122615 0.178126 0.00963962 0.00289746 0.00706448 0.0516245 
0.719541 0.0123832 0.198179 0.00709513 0.00373802 0.00632982 0.0527336 
0.776402 0.0156703 0.15485 0.0115499 0.00305823 0.0102585 0.0282111 
0.671559 0.0249681 0.238136 0.00358246 0.00554683 0.0178378 0.0383694 
0.640079 0.048165 0.238514 0.00435345 0.00894629 0.030472 0.0294697 
0.685032 0.0388505 0.209096 0.00603136 0.00568772 0.0231358 0.0321666 
0.734576 0.022425 0.187832 0.00633228 0.00350545 0.0101493 0.0351793 
0.748127 0.0196024 0.174091 0.005038 0.00327033 0.0108732 0.0389976 
0.761308 0.0145481 0.171127 0.00653733 0.00158471 0.00823625 0.0366582 
0.770149 0.0137092 0.167326 0.00491352 0.00162816 0.00949049 0.0327835 
0.740177 0.00746942 0.15421 0.0150617 0.00805041 0.00230226 0.0727287 
0.748322 0.00954801 0.133677 0.0123609 0.0125282 0.00282843 0.0807352 
0.802555 0.00929678 0.13304 0.00797637 0.00967251 0.00188484 0.0355744 
0.787042 0.0107387 0.125449 0.0325325 0.0140187 0.00159271 0.0286262 
0.772785 0.010275 0.138694 0.0245615 0.0121005 0.00208598 0.0394988 
0.756619 0.0105129 0.149455 0.0234934 0.00694768 0.00194279 0.0510289 
0.802353 0.0130453 0.104668 0.0358545 0.00923651 0.00222175 0.0326211 
0.824653 0.0114333 0.0977691 0.0219028 0.00838611 0.00179554 0.0340604 
0.826368 0.0127347 0.0939848 0.0100554 0.00541661 0.00324912 0.0481915 
0.760837 0.00853892 0.130446 0.00757313 0.00705315 0.00325954 0.0822925 
0.806023 0.0104389 0.107309 0.0118574 0.012598 0.00218547 0.0495886 
0.763125 0.0122195 0.143876 0.0186808 0.0200355 0.00245193 0.0396114 
0.779423 0.0163594 0.11886 0.00873854 0.0219398 0.00295858 0.0517214 
0.805291 0.00810913 0.113326 0.0112488 0.00696341 0.00310025 0.051961 
0.784652 0.00840877 0.135708 0.00874878 0.00544841 0.00339385 0.0536406 
0.785083 0.00798277 0.139881 0.0126796 0.00597814 0.00275784 0.0456375 
0.798059 0.00776907 0.118182 0.00776748 0.0044431 0.00285863 0.0609209 
0.765962 0.00612502 0.135185 0.00738058 0.00351892 0.00320367 0.0786248 
0.772391 0.0053355 0.138637 0.00592029 0.00321043 0.00283657 0.0716692 
0.784737 0.00790161 0.126043 0.00622942 0.00723772 0.00249697 0.0653536 
0.816637 0.00681171 0.108888 0.00689903 0.00617678 0.00216264 0.0524252 
0.822089 0.00593087 0.117465 0.00885664 0.00419201 0.00199254 0.0394744 
0.829956 0.00694535 0.0948481 0.0118781 0.00578206 0.00229649 0.048294 
0.803017 0.00743599 0.107005 0.0109427 0.0051804 0.00324699 0.0631725 
0.765347 0.00568661 0.135264 0.0146485 0.00327905 0.00294941 0.0728258 
0.759872 0.005462 0.144101 0.0060049 0.00221149 0.00277613 0.0795729 
0.728584 0.00584987 0.139825 0.00451322 0.00278924 0.00283347 0.115605 
0.764091 0.00764651 0.120496 0.0101408 0.00458461 0.00181251 0.091228 
0.793388 0.00766569 0.120714 0.00847949 0.00318206 0.0019957 0.0645747 
0.759224 0.00561733 0.153691 0.00615211 0.00197794 0.0014933 0.0718447 
0.782771 0.00650395 0.147888 0.0056121 0.00224382 0.00163203 0.0533488 
0.790747 0.0079624 0.124027 0.0220127 0.00434923 0.00214053 0.0487614 
0.765131 0.00732284 0.136249 0.00954998 0.00304096 0.00199069 0.0767158 
0.755782 0.00562573 0.154721 0.00651061 0.00202805 0.00185455 0.0734781 
0.765278 0.00603788 0.143877 0.0106034 0.00265033 0.00214761 0.0694056 
0.751151 0.00548433 0.169882 0.0112085 0.00310731 0.00232572 0.056841 
0.783333 0.00516521 0.134907 0.0091874 0.00255726 0.00177979 0.0630705 
0.74865 0.0063262 0.125178 0.00795164 0.00316816 0.00196112 0.106764 
0.738543 0.00647912 0.133642 0.00770793 0.00294656 0.00195841 0.108723 
0.780226 0.00745605 0.114804 0.0114397 0.00596187 0.00194925 0.0781634 
0.777887 0.00591747 0.119975 0.0149176 0.00429895 0.00189443 0.0751095 
0.729535 0.00566104 0.139529 0.021101 0.00619153 0.0025674 0.0954156 
0.708681 0.00633421 0.158207 0.00788202 0.00617095 0.0018535 0.110872 
0.707944 0.00718193 0.141192 0.00586689 0.0066363 0.00198085 0.129197 
0.759422 0.00839143 0.107002 0.0305144 0.00708689 0.00239526 0.0851877 
0.794344 0.00769106 0.106907 0.0143989 0.00550143 0.00251638 0.0686411 
0.806732 0.00818167 0.118422 0.00856799 0.00775634 0.00133357 0.0490062 
0.784614 0.00697251 0.125783 0.0204847 0.00513002 0.00180835 0.0552068 
0.765131 0.00732284 0.136249 0.00954998 0.00304096 0.00199069 0.0767158 
0.755782 0.00562573 0.154721 0.00651061 0.00202805 0.00185455 0.0734781 
0.765278 0.00603788 0.143877 0.0106034 0.00265033 0.00214761 0.0694056 
0.751151 0.00548433 0.169882 0.0112085 0.00310731 0.00232572 0.056841 
0.783333 0.00516521 0.134907 0.0091874 0.00255726 0.00177979 0.0630705 
0.74865 0.0063262 0.125178 0.00795164 0.00316816 0.00196112 0.106764 
0.738543 0.00647912 0.133642 0.00770793 0.00294656 0.00195841 0.108723 
0.780226 0.00745605 0.114804 0.0114397 0.00596187 0.00194925 0.0781634 
0.777887 0.00591747 0.119975 0.0149176 0.00429895 0.00189443 0.0751095 
0.729535 0.00566104 0.139529 0.021101 0.00619153 0.0025674 0.0954156 
0.708681 0.00633421 0.158207 0.00788202 0.00617095 0.0018535 0.110872 
0.707944 0.00718193 0.141192 0.00586689 0.0066363 0.00198085 0.129197 
0.759422 0.00839143 0.107002 0.0305144 0.00708689 0.00239526 0.0851877 
0.794344 0.00769106 0.106907 0.0143989 0.00550143 0.00251638 0.0686411 
0.806732 0.00818167 0.118422 0.00856799 0.00775634 0.00133357 0.0490062 
0.784614 0.00697251 0.125783 0.0204847 0.00513002 0.00180835 0.0552068 
0.815174 0.0170267 0.0873035 0.0179598 0.0158479 0.00370889 0.0429794 
0.826507 0.0132439 0.0782757 0.0259173 0.0117608 0.00289542 0.0414 
0.810373 0.0111181 0.0969828 0.0266153 0.00769547 0.00228749 0.044928 
0.840937 0.0127746 0.0829648 0.0188403 0.00788351 0.00185008 0.0347497 
0.799682 0.0152671 0.0958731 0.032586 0.0177172 0.00321416 0.0356602 
0.790435 0.0155129 0.0808601 0.0569467 0.0198514 0.00316147 0.0332319 
0.787725 0.0130906 0.111657 0.0311195 0.0146719 0.00331452 0.038422 
0.829269 0.0127211 0.0795336 0.0216675 0.0113801 0.00208236 0.043346 
0.843107 0.00774503 0.0923969 0.0164682 0.00573926 0.00189058 0.032653 
0.855424 0.00955472 0.0876474 0.0104521 0.0065422 0.00146283 0.0289163 
0.831005 0.0110718 0.0889589 0.0124874 0.00718957 0.0020512 0.0472365 
0.8029 0.0110287 0.0872274 0.0448642 0.0104492 0.00272758 0.0408028 
0.826372 0.0118303 0.0811689 0.0290963 0.0114112 0.00289438 0.037227 
0.832516 0.00995604 0.0830665 0.018227 0.0114109 0.00198604 0.0428379 
0.817334 0.00831851 0.109461 0.0103762 0.00525349 0.00127165 0.047985 
0.805479 0.00577373 0.115227 0.0313992 0.00434621 0.00176862 0.0360063 
0.843342 0.0203332 0.0829862 0.0107373 0.00823164 0.00151972 0.0328499 
0.737316 0.0387277 0.120204 0.00330839 0.0145304 0.00446865 0.0814448 
0.817171 0.0127623 0.100957 0.0107519 0.00859297 0.00278144 0.0469837 
0.815566 0.0107735 0.0938485 0.0074584 0.0025691 0.0100263 0.0597578 
0.833222 0.0124305 0.0909066 0.0289415 0.00738693 0.00206057 0.0250518 
0.806332 0.0111751 0.0962701 0.0118949 0.00743765 0.00257803 0.0643118 
0.823791 0.0120801 0.100792 0.0078435 0.0061372 0.00433764 0.0450191 
0.815858 0.0136044 0.0890749 0.0265575 0.0148399 0.00360184 0.0364639 
0.826923 0.015662 0.0794467 0.0286988 0.00877843 0.00318467 0.0373066 
0.773457 0.0183754 0.104888 0.0190093 0.0208342 0.00597641 0.0574598 
0.784594 0.0214938 0.0861321 0.0386816 0.0247063 0.00654986 0.0378421 
0.782663 0.0111273 0.103775 0.0486563 0.0124067 0.00340653 0.0379652 
0.787939 0.0106231 0.09618 0.0285544 0.0127031 0.00299551 0.0610047 
0.714554 0.083353 0.0725907 0.00830331 0.0611961 0.00726117 0.0527413 
0.787526 0.0353841 0.0833508 0.012008 0.0444652 0.0032793 0.0339862 
0.817479 0.0188779 0.0904325 0.0108287 0.0159781 0.00202688 0.0443768 
0.838395 0.0221775 0.070094 0.0245531 0.0158068 0.00415508 0.0248186 
0.80994 0.0191307 0.0885467 0.031159 0.0112453 0.0052385 0.0347399 
0.790564 0.0197566 0.0871617 0.0361162 0.0198837 0.00600858 0.0405096 
0.755222 0.0197838 0.116229 0.044665 0.0134784 0.00526613 0.0453555 
0.766698 0.0157309 0.106454 0.0440366 0.0196446 0.00359565 0.0438401 
0.750615 0.011884 0.125299 0.0335915 0.0135387 0.0044168 0.0606549 
0.759884 0.0181528 0.0919147 0.0634524 0.0223175 0.00406234 0.0402167 
0.783853 0.018388 0.0941456 0.0445175 0.0151858 0.00415023 0.0397602 
0.811992 0.0224371 0.0740143 0.0360666 0.0164061 0.00378707 0.0352966 
0.805491 0.0215184 0.0839306 0.0255346 0.0139814 0.00539463 0.0441496 
0.798215 0.0251138 0.0755228 0.0400793 0.0156817 0.00659306 0.0387941 
0.797493 0.0164434 0.0986263 0.0213246 0.0120258 0.00574835 0.0483388 
0.78778 0.0191538 0.0907913 0.0357038 0.0142786 0.00699568 0.0452969 
0.774124 0.0176451 0.0952708 0.0455553 0.0130987 0.00611266 0.0481932 
0.796386 0.0133943 0.112504 0.0372892 0.00556689 0.00270777 0.0321521 
0.831408 0.0159812 0.0888981 0.028275 0.00839122 0.00290277 0.0241436 
0.838837 0.0107697 0.0955563 0.019031 0.00589696 0.00178812 0.0281206 
0.839741 0.0118764 0.0824972 0.0192865 0.00778756 0.0026377 0.0361737 
0.825631 0.0102364 0.095449 0.0263143 0.00567295 0.00206767 0.0346291 
0.83543 0.00990735 0.0928233 0.0175239 0.0048329 0.00194474 0.0375375 
0.83233 0.0108442 0.0987078 0.0191288 0.00387489 0.00210456 0.0330102 
0.842096 0.0114132 0.0913233 0.019846 0.00455794 0.00189143 0.0288719 
0.826153 0.0106925 0.105082 0.0163124 0.00426117 0.00232708 0.0351716 
0.820998 0.012459 0.0989928 0.0284788 0.00517395 0.00219746 0.0316997 
0.813857 0.0146019 0.0950207 0.0326368 0.00577267 0.00268395 0.0354269 
0.835547 0.0189177 0.0761359 0.0293522 0.0109166 0.00212842 0.0270021 
0.836865 0.016083 0.0751067 0.0297548 0.0110396 0.00253522 0.0286155 
0.831806 0.0183022 0.0809068 0.0313207 0.00919121 0.00223977 0.0262337 
0.825347 0.0170838 0.0962843 0.0206167 0.00597478 0.00241924 0.0322739 
0.808222 0.013819 0.115053 0.0199915 0.00446784 0.0020717 0.036375 
0.826886 0.0145178 0.0989772 0.0231391 0.00497011 0.00193835 0.0295718 
0.815341 0.0170398 0.0831216 0.03735 0.0139489 0.00225426 0.0309448 
0.796143 0.0131747 0.119482 0.0239237 0.00673918 0.00152994 0.0390081 
0.758555 0.0121891 0.131661 0.0447681 0.00812596 0.00302267 0.0416784 
0.788974 0.0129406 0.113539 0.0392899 0.00862351 0.0021011 0.0345318 
0.834437 0.0114368 0.0904207 0.0122232 0.00612815 0.00306737 0.0422866 
0.794131 0.0120176 0.10893 0.0114531 0.00934575 0.00274586 0.0613769 
0.847566 0.0132687 0.0793007 0.0189262 0.00788637 0.00227624 0.0307762 
0.843526 0.00876192 0.0931622 0.0171271 0.00355376 0.00221674 0.0316518 
0.849774 0.0120356 0.0817856 0.0239578 0.00752485 0.00272869 0.0221935 
0.849978 0.0200881 0.0780777 0.0180741 0.00973013 0.00237457 0.0216771 
0.802722 0.0153399 0.100206 0.0404313 0.0100008 0.00228589 0.0290142 
0.822013 0.0147091 0.0944473 0.0279974 0.00807675 0.00237084 0.0303852 
0.768336 0.0100934 0.137097 0.0374407 0.00656623 0.00205176 0.0384142 
0.688507 0.0175649 0.10537 0.10166 0.0406515 0.00296998 0.043276 
0.770807 0.0175762 0.0911775 0.059913 0.0196815 0.0022215 0.0386233 
0.801236 0.0172173 0.0949248 0.0263747 0.0183702 0.00265143 0.0392258 
0.798375 0.0159431 0.117993 0.011353 0.00521992 0.00223153 0.0488845 
0.812084 0.0103344 0.120463 0.0124392 0.00526398 0.00275672 0.0366592 
0.800902 0.0121574 0.117467 0.0267061 0.00786632 0.00217516 0.0327254 
0.820861 0.0148429 0.0890675 0.033299 0.00972929 0.00194939 0.0302514 
0.825637 0.00857763 0.110027 0.0107713 0.0037701 0.00154153 0.0396753 
0.723368 0.0114719 0.0805437 0.148944 0.00635858 0.0023227 0.0269917 
0.751218 0.0177354 0.0820118 0.086623 0.0242591 0.00334848 0.0348044 
0.770207 0.012792 0.127741 0.0145029 0.00649812 0.00262446 0.0656344 
0.781183 0.00946214 0.11045 0.055686 0.00511295 0.00240995 0.0356955 
0.777848 0.0116348 0.100277 0.0662223 0.00444607 0.00307872 0.0364931 
0.737402 0.0107931 0.0941199 0.115372 0.00712459 0.00265164 0.0325368 
0.798032 0.012671 0.0948635 0.0431754 0.00628926 0.00262427 0.042345 
0.784731 0.00856393 0.119828 0.0414272 0.00295811 0.00236681 0.0401246 
0.73623 0.0103377 0.121999 0.0960492 0.00366281 0.00292089 0.0288009 
0.78808 0.0115383 0.0958137 0.0690789 0.00714552 0.00192975 0.0264138 
0.794117 0.0134064 0.0937246 0.0558207 0.00817017 0.00299084 0.03177 
0.811858 0.0118069 0.100528 0.0365896 0.00500758 0.00260151 0.0316085 
0.793995 0.0133736 0.0937259 0.0611967 0.00702697 0.00253855 0.028143 
0.760781 0.014699 0.0755161 0.107094 0.0162774 0.00283283 0.0228003 
0.79305 0.0172777 0.0719955 0.0802272 0.0104774 0.00259169 0.0243809 
0.766274 0.0116143 0.138613 0.0308432 0.00696347 0.0021506 0.0435419 
0.763365 0.0121051 0.132436 0.0454541 0.00841571 0.00269892 0.035525 
0.76277 0.00996729 0.128192 0.0493478 0.00857339 0.00213437 0.0390153 
0.765099 0.0142926 0.0884697 0.0790982 0.0180081 0.00267805 0.0323542 
0.780132 0.0149924 0.106583 0.0397673 0.0170212 0.00248945 0.0390146 
0.75651 0.0274152 0.0663999 0.076942 0.0460655 0.00268028 0.0239875 
0.782032 0.0270177 0.0728014 0.0656573 0.026187 0.00315158 0.0231526 
0.79363 0.0119277 0.118227 0.0281199 0.00749616 0.00268046 0.0379188 
0.763455 0.00866355 0.152018 0.0143223 0.00356175 0.00268521 0.0552948 
0.774874 0.0142952 0.118871 0.0322927 0.00955656 0.00293176 0.0471793 
0.688507 0.0175649 0.10537 0.10166 0.0406515 0.00296998 0.043276 
0.770807 0.0175762 0.0911775 0.059913 0.0196815 0.0022215 0.0386233 
0.801236 0.0172173 0.0949248 0.0263747 0.0183702 0.00265143 0.0392258 
0.798375 0.0159431 0.117993 0.011353 0.00521992 0.00223153 0.0488845 
0.812084 0.0103344 0.120463 0.0124392 0.00526398 0.00275672 0.0366592 
0.800902 0.0121574 0.117467 0.0267061 0.00786632 0.00217516 0.0327254 
0.820861 0.0148429 0.0890675 0.033299 0.00972929 0.00194939 0.0302514 
0.825637 0.00857763 0.110027 0.0107713 0.0037701 0.00154153 0.0396753 
0.723368 0.0114719 0.0805437 0.148944 0.00635858 0.0023227 0.0269917 
0.751218 0.0177354 0.0820118 0.086623 0.0242591 0.00334848 0.0348044 
0.770207 0.012792 0.127741 0.0145029 0.00649812 0.00262446 0.0656344 
0.781183 0.00946214 0.11045 0.055686 0.00511295 0.00240995 0.0356955 
0.777848 0.0116348 0.100277 0.0662223 0.00444607 0.00307872 0.0364931 
0.737402 0.0107931 0.0941199 0.115372 0.00712459 0.00265164 0.0325368 
0.798032 0.012671 0.0948635 0.0431754 0.00628926 0.00262427 0.042345 
0.784731 0.00856393 0.119828 0.0414272 0.00295811 0.00236681 0.0401246 
0.73623 0.0103377 0.121999 0.0960492 0.00366281 0.00292089 0.0288009 
0.78808 0.0115383 0.0958137 0.0690789 0.00714552 0.00192975 0.0264138 
0.794117 0.0134064 0.0937246 0.0558207 0.00817017 0.00299084 0.03177 
0.811858 0.0118069 0.100528 0.0365896 0.00500758 0.00260151 0.0316085 
0.793995 0.0133736 0.0937259 0.0611967 0.00702697 0.00253855 0.028143 
0.760781 0.014699 0.0755161 0.107094 0.0162774 0.00283283 0.0228003 
0.79305 0.0172777 0.0719955 0.0802272 0.0104774 0.00259169 0.0243809 
0.766274 0.0116143 0.138613 0.0308432 0.00696347 0.0021506 0.0435419 
0.763365 0.0121051 0.132436 0.0454541 0.00841571 0.00269892 0.035525 
0.76277 0.00996729 0.128192 0.0493478 0.00857339 0.00213437 0.0390153 
0.765099 0.0142926 0.0884697 0.0790982 0.0180081 0.00267805 0.0323542 
0.780132 0.0149924 0.106583 0.0397673 0.0170212 0.00248945 0.0390146 
0.75651 0.0274152 0.0663999 0.076942 0.0460655 0.00268028 0.0239875 
0.782032 0.0270177 0.0728014 0.0656573 0.026187 0.00315158 0.0231526 
0.79363 0.0119277 0.118227 0.0281199 0.00749616 0.00268046 0.0379188 
0.763455 0.00866355 0.152018 0.0143223 0.00356175 0.00268521 0.0552948 
0.774874 0.0142952 0.118871 0.0322927 0.00955656 0.00293176 0.0471793 
0.816887 0.048582 0.045886 0.04745 0.0192053 0.00268188 0.0193078 
0.778617 0.0526853 0.045432 0.0799297 0.0193622 0.00390529 0.0200688 
0.774893 0.0413958 0.0681552 0.06474 0.0159188 0.00456398 0.0303328 
0.738933 0.0322156 0.0968966 0.0654927 0.0214101 0.00513293 0.0399188 
0.786668 0.0290519 0.0726922 0.0626189 0.0160093 0.00290535 0.0300543 
0.76023 0.0520798 0.0458376 0.0825021 0.0317112 0.00315745 0.0244822 
0.740043 0.0467488 0.0547086 0.0919914 0.0327482 0.00365012 0.0301103 
0.719889 0.0577496 0.0511685 0.0873011 0.0509381 0.0039225 0.029031 
0.738982 0.0405855 0.0541166 0.097744 0.0355815 0.00221609 0.0307746 
0.794113 0.0264738 0.0797833 0.0444649 0.0187568 0.00232248 0.034086 
0.796415 0.0209632 0.0981486 0.0305952 0.0113721 0.00200186 0.0405042 
0.781499 0.0188135 0.123403 0.0238001 0.0100721 0.00209051 0.0403218 
0.776943 0.0295631 0.113813 0.0109537 0.0173698 0.00345573 0.0479013 
0.74562 0.0333537 0.132532 0.0131359 0.0248013 0.00431488 0.0462424 
0.791014 0.0408827 0.087279 0.0117061 0.0245265 0.00364547 0.0409461 
0.7361 0.0427686 0.126187 0.0136257 0.0287137 0.00507474 0.0475298 
0.742952 0.0286728 0.144295 0.0162211 0.0173975 0.00267873 0.0477822 
0.710241 0.0239653 0.189774 0.00876686 0.0129578 0.00264631 0.0516482 
0.751831 0.0314111 0.126225 0.0253023 0.0259042 0.00280961 0.0365169 
0.745048 0.034894 0.104977 0.0452102 0.0364187 0.00304371 0.0304086 
0.713891 0.0492343 0.115295 0.0324851 0.0470725 0.0051651 0.0368567 
0.722295 0.046262 0.10034 0.0205464 0.0687014 0.0057333 0.0361213 
0.750105 0.0574312 0.0745678 0.019735 0.0534461 0.00491499 0.0397999 
0.752465 0.0334191 0.104609 0.0170342 0.0397374 0.00382975 0.048906 
0.761934 0.0441265 0.0534454 0.0273013 0.072059 0.00301536 0.0381185 
0.769348 0.024437 0.0966356 0.0499492 0.0227476 0.00201956 0.0348632 
0.818804 0.017623 0.101797 0.0207722 0.00727499 0.0019329 0.031795 
0.817368 0.0272797 0.0796326 0.0317859 0.0216828 0.00146258 0.0207888 
0.828866 0.0134925 0.0956308 0.025304 0.0100255 0.00114985 0.025531 
0.831139 0.0128396 0.102602 0.0254161 0.00661781 9.47371E-4 0.0204379 
0.809568 0.0252382 0.0910986 0.0381653 0.0107062 0.00127459 0.0239492 
0.846373 0.0327472 0.0681631 0.0203451 0.0102447 0.00259529 0.0195314 
0.768154 0.0539559 0.0649344 0.0402074 0.0391884 0.00545163 0.0281082 
0.74609 0.0292121 0.0886949 0.0603297 0.0353946 0.00446589 0.0358132 
0.782926 0.0171899 0.109337 0.0438733 0.0107194 0.00203574 0.0339189 
0.788184 0.0230326 0.101248 0.049944 0.00640712 0.00267648 0.0285082 
0.836866 0.0173776 0.0913302 0.0194248 0.00528505 0.00180717 0.0279093 
0.84772 0.0124416 0.0839303 0.0244875 0.00306326 0.00176713 0.0265906 
0.813655 0.0121022 0.090845 0.0462623 0.00272739 0.00208987 0.032318 
0.833338 0.0173874 0.0812251 0.0367351 0.00389259 0.001839 0.0255827 
0.773655 0.0191094 0.105386 0.0703263 0.00470491 0.00136385 0.0254537 
0.77074 0.0180536 0.0897528 0.0882753 0.00566806 0.00216774 0.0253424 
0.805357 0.0157489 0.0829914 0.0678899 0.0087305 0.00117347 0.0181087 
0.790055 0.0174835 0.0742138 0.0876022 0.0108206 0.00140047 0.0184245 
0.810024 0.0163123 0.0848797 0.0581954 0.00784137 0.00178381 0.0209631 
0.79691 0.0181022 0.0892769 0.06607 0.00743572 0.00172807 0.0204774 
0.688507 0.0175649 0.10537 0.10166 0.0406515 0.00296998 0.043276 
0.770807 0.0175762 0.0911775 0.059913 0.0196815 0.0022215 0.0386233 
0.801236 0.0172173 0.0949248 0.0263747 0.0183702 0.00265143 0.0392258 
0.798375 0.0159431 0.117993 0.011353 0.00521992 0.00223153 0.0488845 
0.812084 0.0103344 0.120463 0.0124392 0.00526398 0.00275672 0.0366592 
0.800902 0.0121574 0.117467 0.0267061 0.00786632 0.00217516 0.0327254 
0.820861 0.0148429 0.0890675 0.033299 0.00972929 0.00194939 0.0302514 
0.825637 0.00857763 0.110027 0.0107713 0.0037701 0.00154153 0.0396753 
0.723368 0.0114719 0.0805437 0.148944 0.00635858 0.0023227 0.0269917 
0.751218 0.0177354 0.0820118 0.086623 0.0242591 0.00334848 0.0348044 
0.770207 0.012792 0.127741 0.0145029 0.00649812 0.00262446 0.0656344 
0.781183 0.00946214 0.11045 0.055686 0.00511295 0.00240995 0.0356955 
0.777848 0.0116348 0.100277 0.0662223 0.00444607 0.00307872 0.0364931 
0.737402 0.0107931 0.0941199 0.115372 0.00712459 0.00265164 0.0325368 
0.798032 0.012671 0.0948635 0.0431754 0.00628926 0.00262427 0.042345 
0.784731 0.00856393 0.119828 0.0414272 0.00295811 0.00236681 0.0401246 
0.73623 0.0103377 0.121999 0.0960492 0.00366281 0.00292089 0.0288009 
0.78808 0.0115383 0.0958137 0.0690789 0.00714552 0.00192975 0.0264138 
0.794117 0.0134064 0.0937246 0.0558207 0.00817017 0.00299084 0.03177 
0.811858 0.0118069 0.100528 0.0365896 0.00500758 0.00260151 0.0316085 
0.793995 0.0133736 0.0937259 0.0611967 0.00702697 0.00253855 0.028143 
0.760781 0.014699 0.0755161 0.107094 0.0162774 0.00283283 0.0228003 
0.79305 0.0172777 0.0719955 0.0802272 0.0104774 0.00259169 0.0243809 
0.766274 0.0116143 0.138613 0.0308432 0.00696347 0.0021506 0.0435419 
0.763365 0.0121051 0.132436 0.0454541 0.00841571 0.00269892 0.035525 
0.76277 0.00996729 0.128192 0.0493478 0.00857339 0.00213437 0.0390153 
0.765099 0.0142926 0.0884697 0.0790982 0.0180081 0.00267805 0.0323542 
0.780132 0.0149924 0.106583 0.0397673 0.0170212 0.00248945 0.0390146 
0.75651 0.0274152 0.0663999 0.076942 0.0460655 0.00268028 0.0239875 
0.782032 0.0270177 0.0728014 0.0656573 0.026187 0.00315158 0.0231526 
0.79363 0.0119277 0.118227 0.0281199 0.00749616 0.00268046 0.0379188 
0.763455 0.00866355 0.152018 0.0143223 0.00356175 0.00268521 0.0552948 
0.774874 0.0142952 0.118871 0.0322927 0.00955656 0.00293176 0.0471793 
0.807068 0.0534931 0.0465687 0.0274361 0.041335 0.0049379 0.019161 
0.790353 0.0307487 0.0783861 0.0245751 0.0297522 0.00206182 0.0441232 
0.670344 0.013528 0.11781 0.12617 0.0227868 0.00242428 0.046938 
0.702667 0.0217983 0.132706 0.0931998 0.0134918 0.00263995 0.033497 
0.770146 0.0142524 0.13786 0.0335933 0.00877686 0.00244306 0.0329283 
0.662584 0.017604 0.129017 0.131707 0.0189432 0.00259047 0.0375556 
0.723564 0.0282545 0.0745666 0.0955701 0.0487285 0.0029373 0.0263786 
0.733067 0.0157445 0.0836246 0.123962 0.0155461 0.00177845 0.0262768 
0.724811 0.0119409 0.120734 0.111504 0.0100783 0.0014212 0.0195114 
0.820574 0.0193999 0.088442 0.0353071 0.00985043 0.00278458 0.0236419 
0.814585 0.0288666 0.0914491 0.0213852 0.0135051 0.00250957 0.0276997 
0.744232 0.0519997 0.105506 0.0438431 0.0222655 0.00367074 0.0284827 
0.738533 0.0233702 0.14683 0.0454193 0.0159187 0.00197315 0.0279552 
0.750385 0.0267492 0.1136 0.0397308 0.0371332 0.00304078 0.0293608 
0.717748 0.0554356 0.0936491 0.0404074 0.0528679 0.0072119 0.0326803 
0.729588 0.0239082 0.117949 0.0606349 0.0348284 0.0032394 0.0298529 
0.492418 0.0198055 0.166938 0.229449 0.0498499 0.00256138 0.0389778 
0.25124 0.0131101 0.170973 0.464261 0.0529668 0.00314156 0.0443074 
0.520744 0.0117665 0.311266 0.0942795 0.0235202 0.00154192 0.036882 
0.493653 0.0107962 0.39285 0.0543215 0.00602669 0.00107146 0.0412811 
0.550998 0.0119522 0.255311 0.109584 0.0213663 0.00136929 0.049419 
0.434063 0.0119284 0.111975 0.374304 0.035261 0.00180364 0.0306653 
0.664233 0.0223115 0.0897848 0.140272 0.0533591 0.00199184 0.0280478 
0.620328 0.0131404 0.226218 0.0797199 0.0117716 0.00195098 0.0468712 
0.745274 0.0149327 0.131836 0.0760037 0.00975542 0.00143184 0.0207654 
0.749404 0.0265201 0.091992 0.0679092 0.034164 0.00276474 0.0272456 
0.751594 0.0281897 0.081521 0.0956962 0.0182079 0.00277145 0.0220192 
0.714411 0.0254418 0.0767321 0.154557 0.00899882 0.00211488 0.0177446 
0.427401 0.0322686 0.0500218 0.415435 0.0436201 0.00845508 0.0227989 
0.563022 0.0423901 0.0414479 0.298609 0.030139 0.00554819 0.0188441 
0.74335 0.0232032 0.0756809 0.0902023 0.0276473 0.00399948 0.0359166 
0.624461 0.021493 0.0886767 0.204245 0.0173874 0.00419397 0.0395426 
0.721031 0.039375 0.056941 0.11995 0.0340869 0.00525327 0.0233628 
0.768597 0.0696569 0.0505465 0.0682225 0.0170378 0.00689778 0.0190414 
0.736792 0.036059 0.0790398 0.0905252 0.0232661 0.00660986 0.0277082 
0.711422 0.0315854 0.0659097 0.13512 0.0232176 0.00610234 0.0266431 
0.754185 0.0328328 0.0590283 0.0945155 0.0296288 0.00606746 0.0237425 
0.695176 0.0360094 0.0547361 0.136011 0.0506734 0.0053747 0.0220201 
0.77011 0.0337836 0.0745444 0.060106 0.0228968 0.00592849 0.0326307 
0.697962 0.0232718 0.0683394 0.159212 0.0168186 0.00329535 0.0311013 
0.7576 0.0324675 0.0879554 0.0610125 0.0256757 0.00412018 0.0311692 
0.738223 0.0327302 0.0701052 0.0804687 0.0439757 0.00366933 0.0308277 
0.727736 0.0353906 0.0682631 0.0781035 0.0524637 0.00625056 0.0317923 
0.783207 0.0300824 0.0693747 0.0616264 0.0195765 0.00406858 0.0320643 
0.7593 0.0288556 0.0664236 0.0866559 0.0282532 0.00414439 0.0263675 
0.728021 0.0101789 0.102977 0.0477534 0.00361543 0.00778514 0.0996693 
0.7698 0.0133596 0.0767324 0.0461231 0.0038814 0.00989163 0.0802114 
0.753021 0.0119667 0.0768717 0.0492396 0.00461496 0.00843253 0.0958531 
0.721548 0.0118619 0.0831209 0.0670412 0.00500096 0.00999349 0.101434 
0.710714 0.0110128 0.0794805 0.107521 0.00933385 0.00585719 0.0760806 
0.704172 0.011243 0.0822139 0.0960009 0.0115826 0.00758579 0.0872017 
0.657813 0.00891747 0.0876684 0.115087 0.025376 0.00522509 0.0999124 
0.44103 0.00964693 0.0864594 0.324966 0.0150701 0.00847744 0.11435 
0.717748 0.0114138 0.0798232 0.11982 0.00668383 0.00466126 0.0598498 
0.633581 0.00839087 0.131087 0.118772 0.00436273 0.00637291 0.0974342 
0.678045 0.00601727 0.142086 0.0464154 0.00236356 0.00495433 0.120118 
0.710607 0.00760106 0.108819 0.0763526 0.00477763 0.00437248 0.0874711 
0.72223 0.00934833 0.0888285 0.0923079 0.00759613 0.00464205 0.0750476 
0.712321 0.00892473 0.0912668 0.0879333 0.00727375 0.00464204 0.0876386 
0.726002 0.00896631 0.106573 0.0597365 0.0059308 0.00345645 0.0893345 
0.474448 0.0119515 0.12699 0.229407 0.00872763 0.00984833 0.138628 
0.6945 0.00898262 0.108097 0.0281831 0.00518593 0.00640972 0.148642 
0.702462 0.00970416 0.0989041 0.0889807 0.00742712 0.00943937 0.0830823 
0.708402 0.00709841 0.1102 0.0456507 0.00627062 0.00890514 0.113473 
0.782427 0.0105422 0.0793439 0.0596378 0.00770875 0.00691296 0.0534274 
0.752886 0.00919687 0.0917221 0.0673635 0.00477361 0.00545114 0.0686071 
0.785802 0.0110164 0.089178 0.0442505 0.00456344 0.00767635 0.057513 
0.761641 0.00869292 0.113118 0.0469745 0.00351003 0.00659287 0.0594704 
0.80336 0.0110858 0.0767925 0.0193075 0.00866189 0.00423328 0.0765586 
0.735448 0.0115661 0.0884103 0.0584953 0.00776852 0.00682529 0.0914861 
0.702769 0.0111198 0.110953 0.0654718 0.00537023 0.00760444 0.0967111 
0.729065 0.0118786 0.0908097 0.0424002 0.00551414 0.008728 0.111604 
0.76409 0.0107551 0.0855598 0.0410835 0.00464102 0.00783229 0.0860378 
0.789657 0.0130425 0.0734127 0.0556718 0.00809755 0.00602986 0.0540883 
0.750776 0.0145419 0.0716551 0.0828784 0.00771635 0.0102238 0.0622087 
0.624149 0.011813 0.0921468 0.188896 0.00710405 0.0104222 0.0654695 
0.714204 0.0103192 0.0943106 0.0945685 0.00527887 0.00950833 0.0718103 
0.642642 0.0117735 0.0836627 0.192738 0.00980442 0.00702216 0.0523576 
0.736535 0.0104321 0.0801876 0.0943024 0.00848535 0.00616089 0.0638962 
0.760496 0.0129701 0.0722512 0.0273561 0.00695708 0.00556775 0.114402 
0.724422 0.0100731 0.0920133 0.0919028 0.0102844 0.00736283 0.0639414 
0.731067 0.0101448 0.0872718 0.0785167 0.0102205 0.00696964 0.0758095 
0.735448 0.0115661 0.0884103 0.0584953 0.00776852 0.00682529 0.0914861 
0.702769 0.0111198 0.110953 0.0654718 0.00537023 0.00760444 0.0967111 
0.729065 0.0118786 0.0908097 0.0424002 0.00551414 0.008728 0.111604 
0.76409 0.0107551 0.0855598 0.0410835 0.00464102 0.00783229 0.0860378 
0.789657 0.0130425 0.0734127 0.0556718 0.00809755 0.00602986 0.0540883 
0.750776 0.0145419 0.0716551 0.0828784 0.00771635 0.0102238 0.0622087 
0.624149 0.011813 0.0921468 0.188896 0.00710405 0.0104222 0.0654695 
0.714204 0.0103192 0.0943106 0.0945685 0.00527887 0.00950833 0.0718103 
0.642642 0.0117735 0.0836627 0.192738 0.00980442 0.00702216 0.0523576 
0.736535 0.0104321 0.0801876 0.0943024 0.00848535 0.00616089 0.0638962 
0.760496 0.0129701 0.0722512 0.0273561 0.00695708 0.00556775 0.114402 
0.724422 0.0100731 0.0920133 0.0919028 0.0102844 0.00736283 0.0639414 
0.731067 0.0101448 0.0872718 0.0785167 0.0102205 0.00696964 0.0758095 
0.823139 0.0178756 0.0198373 0.0722714 0.0243157 0.0159193 0.0266419 
0.824586 0.0121145 0.0254419 0.0703578 0.0194214 0.0166533 0.0314248 
0.868806 0.00940058 0.0305529 0.0408515 0.0129326 0.00985156 0.0276048 
0.810335 0.0110409 0.025828 0.0876788 0.0261388 0.011521 0.0274572 
0.795363 0.0150375 0.0184226 0.090279 0.047561 0.0113944 0.021943 
0.848845 0.0170932 0.0215715 0.0532048 0.0171526 0.0154232 0.0267094 
0.809871 0.0189937 0.0213842 0.0789189 0.0210711 0.0152 0.034561 
0.76251 0.0184674 0.0199172 0.103506 0.0443894 0.0160134 0.0351966 
0.77626 0.0203062 0.0194612 0.0869873 0.0446397 0.0201655 0.0321804 
0.739195 0.017159 0.0220728 0.130354 0.0358906 0.0213072 0.0340211 
0.761697 0.0237077 0.0212585 0.0972852 0.0315524 0.0278097 0.0366895 
0.800656 0.0156526 0.0262261 0.0757532 0.0264497 0.0174595 0.0378027 
0.752915 0.0107361 0.0257669 0.133723 0.0369867 0.0131586 0.0267136 
0.817838 0.00996881 0.0311621 0.0762674 0.0158999 0.0181533 0.0307106 
0.763722 0.0116719 0.0330934 0.101706 0.0264261 0.0191308 0.0442503 
0.669878 0.0137377 0.0241256 0.215386 0.0281646 0.0246092 0.0240986 
0.74826 0.0129529 0.0284352 0.134389 0.0384959 0.0137035 0.0237634 
0.715708 0.0145731 0.0193216 0.206069 0.0236515 0.0107643 0.00991279 
0.787434 0.0141137 0.0246494 0.0902826 0.0388126 0.0137491 0.030959 
0.624944 0.0160641 0.0238929 0.25377 0.0309364 0.0242457 0.0261468 
0.760818 0.0226826 0.0215111 0.0979651 0.0259997 0.0339967 0.0370266 
0.686744 0.0167527 0.0215999 0.182814 0.0439911 0.0204929 0.0276051 
0.712274 0.0161447 0.0235862 0.144887 0.0354252 0.0210556 0.0466268 
0.79387 0.0191447 0.024307 0.0950246 0.0144688 0.0215893 0.0315953 
0.735448 0.0115661 0.0884103 0.0584953 0.00776852 0.00682529 0.0914861 
0.702769 0.0111198 0.110953 0.0654718 0.00537023 0.00760444 0.0967111 
0.729065 0.0118786 0.0908097 0.0424002 0.00551414 0.008728 0.111604 
0.76409 0.0107551 0.0855598 0.0410835 0.00464102 0.00783229 0.0860378 
0.789657 0.0130425 0.0734127 0.0556718 0.00809755 0.00602986 0.0540883 
0.750776 0.0145419 0.0716551 0.0828784 0.00771635 0.0102238 0.0622087 
0.624149 0.011813 0.0921468 0.188896 0.00710405 0.0104222 0.0654695 
0.714204 0.0103192 0.0943106 0.0945685 0.00527887 0.00950833 0.0718103 
0.642642 0.0117735 0.0836627 0.192738 0.00980442 0.00702216 0.0523576 
0.736535 0.0104321 0.0801876 0.0943024 0.00848535 0.00616089 0.0638962 
0.760496 0.0129701 0.0722512 0.0273561 0.00695708 0.00556775 0.114402 
0.724422 0.0100731 0.0920133 0.0919028 0.0102844 0.00736283 0.0639414 
0.731067 0.0101448 0.0872718 0.0785167 0.0102205 0.00696964 0.0758095 
0.3614 0.00748828 0.0149196 0.552588 0.0454392 0.00769698 0.0104678 
0.427084 0.0103042 0.0178105 0.440166 0.0778734 0.0101017 0.0166596 
0.277017 0.00637452 0.0138748 0.645735 0.0412311 0.00597193 0.00979595 
0.441355 0.00807163 0.02532 0.455323 0.0383743 0.0122215 0.0193344 
0.513034 0.00853943 0.0234661 0.397227 0.0360465 0.00708001 0.0146062 
0.493373 0.00880253 0.0194156 0.408951 0.0471536 0.00778176 0.0145229 
0.466653 0.00742048 0.0227788 0.419845 0.0561301 0.0089781 0.0181952 
0.466709 0.00600217 0.0262095 0.423379 0.0498046 0.00857226 0.0193239 
0.493973 0.00650676 0.0363592 0.406054 0.0271862 0.0114548 0.0184658 
0.596414 0.00676473 0.0460368 0.254726 0.046928 0.0124793 0.0366512 
0.6412 0.00650758 0.0413495 0.238025 0.0387711 0.00922745 0.0249193 
0.519148 0.00619248 0.0269131 0.372466 0.0476563 0.00989394 0.0177306 
0.587318 0.00980485 0.0226511 0.283208 0.0678337 0.00977158 0.0194118 
0.653203 0.0106702 0.0254407 0.20491 0.0743119 0.010689 0.0207751 
0.768435 0.0108963 0.0451438 0.0457251 0.0281688 0.0185088 0.0831223 
0.578755 0.0122022 0.0301583 0.296643 0.0178959 0.0343307 0.0300149 
0.708067 0.0119463 0.0292387 0.188972 0.0201208 0.0197458 0.0219093 
0.625701 0.0110532 0.0290112 0.27174 0.0217733 0.0199572 0.0207636 
0.501628 0.0113766 0.020717 0.425842 0.0188124 0.0129573 0.00866747 
0.523873 0.0104012 0.0204243 0.383714 0.0326779 0.0131413 0.015768 
0.515751 0.0122123 0.0154111 0.3496 0.0811119 0.0110276 0.0148853 
0.525589 0.0107472 0.0181065 0.329424 0.0879991 0.0109138 0.0172199 
0.598921 0.0100926 0.0250946 0.282915 0.0471612 0.0143752 0.0214401 
0.593213 0.0112282 0.0205464 0.285662 0.0533669 0.017428 0.0185557 
0.753048 0.0272885 0.0724006 0.0411124 0.0170281 0.00104073 0.0880821 
0.658592 0.0523686 0.0522835 0.0147794 0.0336757 0.00178755 0.186514 
0.682532 0.0511069 0.0489198 0.0207583 0.0443192 0.00173336 0.150631 
0.76109 0.0356421 0.0368335 0.0354412 0.0673892 0.00200488 0.0615993 
0.708274 0.0365159 0.028239 0.0407674 0.13668 0.00244372 0.0470794 
0.740001 0.0287456 0.0321368 0.0456891 0.108709 0.00235959 0.0423591 
0.776936 0.0373989 0.0323153 0.0596191 0.0521463 0.0019193 0.0396655 
0.789137 0.0337153 0.0351961 0.0713973 0.0330481 0.00161793 0.0358887 
0.803861 0.0395645 0.0360502 0.0604262 0.0271765 0.00148283 0.0314388 
0.698584 0.0521522 0.0662543 0.0223426 0.0175815 0.00122772 0.141857 
0.537685 0.0680802 0.0180457 0.324443 0.0381151 0.00203698 0.0115947 
0.78129 0.061507 0.0325312 0.0500997 0.02751 0.00169162 0.045371 
0.741846 0.0352551 0.0329671 0.120187 0.033539 0.00168898 0.0345163 
0.671197 0.0423923 0.0574066 0.0220965 0.0295842 0.0015752 0.175749 
0.780402 0.0121377 0.0715935 0.0767745 0.0125114 7.34904E-4 0.0458463 
0.74366 0.0245932 0.0837009 0.0367964 0.00831893 9.43672E-4 0.101987 
0.760391 0.0247613 0.0722565 0.0601649 0.0111854 9.12699E-4 0.0703282 
0.787051 0.02496 0.0451073 0.0683435 0.0204015 0.00107174 0.0530651 
0.799877 0.0262194 0.045714 0.0645871 0.0187013 0.00106969 0.0438318 
0.782106 0.0188374 0.0588658 0.0565677 0.0151491 9.24022E-4 0.0675502 
0.786581 0.01618 0.0652567 0.0667504 0.0118361 8.05158E-4 0.0525907 
0.787081 0.0193197 0.0604331 0.0580869 0.0150488 8.49334E-4 0.0591809 
0.785762 0.0281584 0.0631378 0.0336859 0.0138366 0.00118462 0.0742343 
0.813335 0.0227325 0.0492138 0.0434366 0.0220354 0.00111455 0.048132 
0.795583 0.0303561 0.0423102 0.0653239 0.0232934 0.00132848 0.0418053 
0.778378 0.0211194 0.0397245 0.118768 0.0172722 8.67437E-4 0.0238704 
0.808092 0.0253136 0.0365781 0.0781416 0.0212405 0.00120584 0.0294286 
0.82099 0.0359957 0.0422841 0.0542137 0.014851 0.0011875 0.0304784 
0.806214 0.0343845 0.036234 0.0726941 0.0202304 0.00119227 0.0290511 
0.484337 0.0126952 0.0244083 0.430933 0.0294285 0.00163962 0.0165591 
0.754627 0.0429845 0.0565684 0.0405783 0.0251907 0.00157017 0.0784814 
0.78393 0.0373905 0.0401816 0.0703552 0.0313556 0.00163515 0.0351523 
0.782888 0.0542807 0.0292751 0.0380738 0.0535991 0.00240637 0.0394768 
0.538018 0.022977 0.115852 0.00659591 0.00132656 0.00305853 0.312173 
0.584825 0.0223935 0.112767 0.00857861 0.00129937 0.00290861 0.267228 
0.488844 0.0199366 0.118708 0.00709086 0.00148903 0.00290305 0.361028 
0.300027 0.0237928 0.125884 0.00490582 0.00170428 0.00389628 0.53979 
0.65081 0.0216525 0.107201 0.0169175 0.00268569 0.00188032 0.198853 
0.555535 0.0180689 0.119012 0.010065 0.00207533 0.0026521 0.292591 
0.600196 0.0226228 0.107904 0.0151017 0.00276113 0.00196948 0.249444 
0.508171 0.0263055 0.115024 0.0121616 0.00222944 0.00225294 0.333855 
0.508269 0.023321 0.119674 0.0105262 0.00145333 0.00251609 0.334241 
0.623334 0.0121593 0.14186 0.0701287 0.00249694 0.00374654 0.146274 
0.665425 0.0171609 0.106013 0.0174557 0.00356571 0.00255598 0.187823 
0.571688 0.0128721 0.138417 0.0196575 0.00151345 0.00187971 0.253971 
0.64361 0.0145517 0.130309 0.0175674 0.00152714 0.00225364 0.190181 
0.523619 0.0172645 0.122415 0.00575991 0.00133403 0.00286005 0.326748 
0.59495 0.0120618 0.138342 0.0232363 0.00121836 0.00296461 0.227226 
0.683187 0.0151862 0.102612 0.0246685 0.00242523 0.00258808 0.169332 
0.695933 0.0136376 0.104403 0.0387084 0.00354922 0.00288819 0.14088 
0.658038 0.0167077 0.105721 0.0254388 0.00394616 0.00307897 0.18707 
0.54509 0.0167892 0.115555 0.00966905 0.00243237 0.00209266 0.308372 
0.6715 0.0182884 0.0993888 0.0110538 0.00222396 0.00197305 0.195572 
0.243815 0.0245057 0.15407 0.00545276 0.00187455 0.00385814 0.566424 
0.689722 0.0249848 0.0967075 0.079997 0.0057689 0.00255313 0.100267 
0.149026 0.037225 0.153824 0.00798495 0.00515923 0.00424025 0.642541 
0.232833 0.0156645 0.165787 0.00477109 0.00307582 0.0033582 0.57451 
0.531299 0.0113097 0.136108 0.0290936 0.00414111 0.00183012 0.286219 
0.683913 0.0131546 0.11629 0.0479588 0.00372788 0.00243262 0.132523 
0.649655 0.0212382 0.1022 0.016748 0.00411141 0.00288136 0.203166 
0.573026 0.0172627 0.129197 0.131 0.00616828 0.00270353 0.140644 
0.451181 0.0300472 0.145239 0.0190675 0.00193895 0.00268851 0.349837 
0.078361 0.0246952 0.205252 0.0058777 0.00255221 0.00566825 0.677594 
0.339314 0.0119632 0.167875 0.0104407 0.00205483 0.00333458 0.465018 
0.207457 0.0148683 0.167162 0.0069685 0.00222039 0.0031056 0.598218 
0.243815 0.0245057 0.15407 0.00545276 0.00187455 0.00385814 0.566424 
0.689722 0.0249848 0.0967075 0.079997 0.0057689 0.00255313 0.100267 
0.149026 0.037225 0.153824 0.00798495 0.00515923 0.00424025 0.642541 
0.232833 0.0156645 0.165787 0.00477109 0.00307582 0.0033582 0.57451 
0.531299 0.0113097 0.136108 0.0290936 0.00414111 0.00183012 0.286219 
0.683913 0.0131546 0.11629 0.0479588 0.00372788 0.00243262 0.132523 
0.649655 0.0212382 0.1022 0.016748 0.00411141 0.00288136 0.203166 
0.573026 0.0172627 0.129197 0.131 0.00616828 0.00270353 0.140644 
0.451181 0.0300472 0.145239 0.0190675 0.00193895 0.00268851 0.349837 
0.078361 0.0246952 0.205252 0.0058777 0.00255221 0.00566825 0.677594 
0.339314 0.0119632 0.167875 0.0104407 0.00205483 0.00333458 0.465018 
0.207457 0.0148683 0.167162 0.0069685 0.00222039 0.0031056 0.598218 
0.113558 0.0217298 0.256163 0.123602 0.0149298 0.0095966 0.46042 
0.0877964 0.0297543 0.284688 0.289498 0.0170997 0.016523 0.274641 
0.0820061 0.0317326 0.271348 0.25887 0.021274 0.0153012 0.319468 
0.063218 0.0238059 0.208332 0.202228 0.0168281 0.0112645 0.474323 
0.0597547 0.0227899 0.213269 0.126286 0.0123775 0.00802648 0.557496 
0.110172 0.0210911 0.2043 0.139698 0.0165872 0.00991803 0.498233 
0.131434 0.0280211 0.262819 0.189439 0.023558 0.0178642 0.346864 
0.0966216 0.018707 0.17993 0.100267 0.0127078 0.00807925 0.583687 
0.062887 0.015132 0.180495 0.10946 0.0104075 0.00826801 0.61335 
0.0644453 0.0201889 0.19973 0.494192 0.0220118 0.01372 0.185712 
0.0710523 0.0246027 0.228319 0.159454 0.0157183 0.0125128 0.488341 
0.0688303 0.022152 0.217746 0.152515 0.0143418 0.0112602 0.513155 
0.0628965 0.0263812 0.22328 0.102363 0.0101775 0.00832287 0.566579 
0.0931573 0.0267972 0.249128 0.154507 0.014827 0.011446 0.450138 
0.118064 0.0334863 0.271883 0.235915 0.022748 0.0161386 0.301765 
0.0870032 0.0263047 0.218942 0.155532 0.0156392 0.00968593 0.486893 
0.18564 0.0298659 0.244164 0.204947 0.0247618 0.0151138 0.295508 
0.175215 0.0258639 0.199724 0.280855 0.0260554 0.0130264 0.279259 
0.221521 0.0256326 0.216699 0.198157 0.0173567 0.0130233 0.307611 
0.231254 0.0288371 0.215096 0.203569 0.0174281 0.013265 0.290551 
0.171104 0.0311676 0.242431 0.274017 0.02388 0.0188275 0.238573 
0.154346 0.0317674 0.21269 0.301055 0.0243099 0.0175241 0.258308 
0.114943 0.0316768 0.214565 0.3793 0.021656 0.0157423 0.222116 
0.0695479 0.0231023 0.134874 0.111886 0.00952206 0.00615257 0.644914 
0.0914997 0.0289474 0.167334 0.142216 0.0102928 0.00832469 0.551385 
0.243815 0.0245057 0.15407 0.00545276 0.00187455 0.00385814 0.566424 
0.689722 0.0249848 0.0967075 0.079997 0.0057689 0.00255313 0.100267 
0.149026 0.037225 0.153824 0.00798495 0.00515923 0.00424025 0.642541 
0.232833 0.0156645 0.165787 0.00477109 0.00307582 0.0033582 0.57451 
0.531299 0.0113097 0.136108 0.0290936 0.00414111 0.00183012 0.286219 
0.683913 0.0131546 0.11629 0.0479588 0.00372788 0.00243262 0.132523 
0.649655 0.0212382 0.1022 0.016748 0.00411141 0.00288136 0.203166 
0.573026 0.0172627 0.129197 0.131 0.00616828 0.00270353 0.140644 
0.451181 0.0300472 0.145239 0.0190675 0.00193895 0.00268851 0.349837 
0.078361 0.0246952 0.205252 0.0058777 0.00255221 0.00566825 0.677594 
0.339314 0.0119632 0.167875 0.0104407 0.00205483 0.00333458 0.465018 
0.207457 0.0148683 0.167162 0.0069685 0.00222039 0.0031056 0.598218 
0.221996 0.0196332 0.145451 0.0104021 0.00229334 0.00354501 0.596679 
0.245571 0.0188358 0.154095 0.0112467 0.00234123 0.00358165 0.564328 
0.499111 0.0225649 0.10722 0.0178761 0.00231233 0.00257353 0.348342 
0.560449 0.0130769 0.130623 0.0350136 0.00195505 0.00297269 0.25591 
0.432565 0.0195626 0.0543762 0.43991 0.00938808 0.00223311 0.0419651 
0.456887 0.01579 0.133356 0.00801865 0.00167574 0.00187938 0.382394 
0.545411 0.0121135 0.132428 0.0199462 0.00194448 0.00214008 0.286017 
0.548167 0.0129368 0.134952 0.0508471 0.00266964 0.00244254 0.247985 
0.618423 0.0127789 0.138419 0.0589071 0.00273367 0.00204666 0.166692 
0.613925 0.0226024 0.0969305 0.0687886 0.00662515 0.00198396 0.189144 
0.642186 0.0266775 0.0857346 0.0675619 0.0103975 0.00243083 0.165012 
0.243815 0.0245057 0.15407 0.00545276 0.00187455 0.00385814 0.566424 
0.689722 0.0249848 0.0967075 0.079997 0.0057689 0.00255313 0.100267 
0.149026 0.037225 0.153824 0.00798495 0.00515923 0.00424025 0.642541 
0.232833 0.0156645 0.165787 0.00477109 0.00307582 0.0033582 0.57451 
0.531299 0.0113097 0.136108 0.0290936 0.00414111 0.00183012 0.286219 
0.683913 0.0131546 0.11629 0.0479588 0.00372788 0.00243262 0.132523 
0.649655 0.0212382 0.1022 0.016748 0.00411141 0.00288136 0.203166 
0.573026 0.0172627 0.129197 0.131 0.00616828 0.00270353 0.140644 
0.451181 0.0300472 0.145239 0.0190675 0.00193895 0.00268851 0.349837 
0.078361 0.0246952 0.205252 0.0058777 0.00255221 0.00566825 0.677594 
0.339314 0.0119632 0.167875 0.0104407 0.00205483 0.00333458 0.465018 
0.207457 0.0148683 0.167162 0.0069685 0.00222039 0.0031056 0.598218 
0.739373 0.0230683 0.0750377 0.0311111 0.03106 0.00271928 0.0976304 
0.619536 0.0182973 0.0601256 0.203509 0.0284597 0.00422652 0.0658466 
0.73316 0.0342035 0.0686348 0.0299432 0.0289776 0.00387846 0.101202 
0.764599 0.0436427 0.0529926 0.0369652 0.037924 0.00396457 0.0599123 
0.714536 0.0490674 0.0494978 0.0558965 0.0469331 0.00362663 0.0804429 
0.706932 0.0609602 0.044289 0.0447993 0.0590872 0.00465872 0.0792736 
0.739003 0.0557075 0.0404964 0.0464476 0.0443275 0.00353331 0.070485 
0.685923 0.0492999 0.0515213 0.0284794 0.0279972 0.00259523 0.154184 
0.695434 0.0482637 0.0502524 0.0302971 0.0307611 0.00282084 0.142171 
0.453344 0.0558502 0.063106 0.0118782 0.0203268 0.00424497 0.391249 
0.609137 0.0443941 0.0567175 0.0380194 0.0112403 0.00294876 0.237543 
0.094451 0.0463748 0.0772257 0.008365 0.0171594 0.0052373 0.751187 
0.710237 0.0254102 0.0444912 0.135039 0.0290643 0.00269797 0.0530605 
0.320392 0.0396827 0.0814937 0.00590049 0.00851924 0.00449596 0.539516 
0.679315 0.0293051 0.0727466 0.024766 0.0188585 0.00276841 0.172241 
0.68235 0.0351322 0.0639424 0.0264283 0.0195002 0.00235511 0.170292 
0.546834 0.0274601 0.0798856 0.014753 0.00868356 0.00325038 0.319133 
0.675935 0.0278256 0.0711726 0.0187977 0.0118172 0.00355689 0.190895 
0.625374 0.0439604 0.0640536 0.0136483 0.0161062 0.0030417 0.233816 
0.147661 0.0433256 0.0873597 0.00691584 0.00804793 0.00386216 0.702828 
0.407737 0.0331062 0.11306 0.00797609 0.00559097 0.00309114 0.429438 
0.720853 0.0404628 0.0816493 0.0651593 0.0104604 0.00239163 0.0790236 
0.398476 0.0368786 0.0902839 0.00819707 0.00818842 0.00302099 0.454955 
