0.684413 0.0126261 0.0148738 0.239382 0.00683473 0.00291845 0.0389515 
0.801265 0.0137875 0.0173692 0.0886238 0.0104087 0.00268084 0.0658654 
0.751835 0.0159808 0.0192478 0.0550534 0.0165229 0.00358439 0.137776 
0.81601 0.0140262 0.0169913 0.0617347 0.0118256 0.00308506 0.0763268 
0.810124 0.0154485 0.0137555 0.0968727 0.0136638 0.00278296 0.0473523 
0.764877 0.0197276 0.0134518 0.131839 0.00975988 0.00394023 0.0564047 
0.810177 0.0174283 0.0144788 0.0802671 0.0167236 0.0021694 0.0587561 
0.794084 0.0146065 0.0169271 0.0852923 0.0170189 0.00200463 0.0700664 
0.781141 0.0111941 0.0151941 0.104124 0.0178172 0.0022271 0.0683023 
0.74029 0.0115803 0.0177754 0.0890873 0.0264481 0.00251359 0.112305 
0.784977 0.0115607 0.015868 0.0878594 0.0240262 0.0033776 0.0723314 
0.811683 0.0142214 0.0149589 0.0822605 0.0163975 0.0019336 0.0585456 
0.765299 0.0150351 0.0121909 0.1448 0.0169424 0.00238835 0.0433443 
0.533825 0.0119162 0.0110617 0.380063 0.0116521 0.00135575 0.0501266 
0.716256 0.0143106 0.018304 0.149574 0.00923767 0.00272758 0.0895898 
0.743872 0.0167016 0.0199842 0.0643134 0.0179262 0.00469676 0.132506 
0.782056 0.0211519 0.0156039 0.0967091 0.00677721 0.00374868 0.0739534 
0.739102 0.0167323 0.0270762 0.107864 0.00499558 0.00211265 0.102117 
0.687731 0.013103 0.012141 0.231294 0.0106567 0.00207949 0.0429954 
0.699901 0.0119437 0.0172121 0.10777 0.0151052 0.00290314 0.145165 
0.606686 0.0161562 0.0218139 0.0375807 0.00997491 0.00642726 0.301361 
0.721101 0.0160719 0.023166 0.0168569 0.009192 0.00378966 0.209822 
0.604546 0.0200029 0.0263416 0.0132385 0.0101968 0.00906918 0.316605 
0.675253 0.0155918 0.0269765 0.0266779 0.050892 0.00670551 0.197903 
0.867402 0.0132708 0.0129781 0.0286132 0.0134984 0.00576036 0.0584773 
0.699166 0.0246324 0.0179022 0.0137619 0.0121416 0.0114395 0.220956 
0.755715 0.0348 0.0171046 0.0197313 0.0225754 0.00901947 0.141054 
0.82105 0.0179061 0.0136711 0.0376706 0.0329122 0.00429504 0.0724947 
0.558096 0.0174298 0.00907628 0.352062 0.0244537 0.00589755 0.0329849 
0.696818 0.0261782 0.0128645 0.159331 0.0182703 0.0126582 0.0738794 
0.815854 0.0175403 0.0152717 0.0841308 0.00874913 0.00497852 0.0534754 
0.849585 0.0185073 0.0220634 0.0393082 0.00250863 0.0101475 0.05788 
0.871731 0.040271 0.0134449 0.0224317 0.0103686 0.0042429 0.0375103 
0.879001 0.025044 0.0141955 0.0265144 0.0147906 0.00539193 0.0350624 
0.853937 0.0209446 0.014155 0.0353862 0.0166836 0.00553791 0.0533557 
0.863527 0.0308081 0.0109891 0.0386444 0.0248235 0.0035019 0.0277061 
0.708506 0.0223799 0.00890922 0.216779 0.0189187 0.00266353 0.0218436 
0.846912 0.0159241 0.0132047 0.0432917 0.031407 0.00547358 0.0437872 
0.781798 0.0328801 0.010944 0.0981392 0.0347582 0.00675055 0.0347304 
0.822856 0.0530821 0.011254 0.0359755 0.0334464 0.00941604 0.0339698 
0.857854 0.0356979 0.0124358 0.0341726 0.0140974 0.00540561 0.0403368 
0.798197 0.0283169 0.0130817 0.0825775 0.0221869 0.00487944 0.0507603 
0.798636 0.0228502 0.0105738 0.111342 0.023406 0.00307404 0.0301177 
0.798172 0.0451813 0.0102926 0.0879045 0.0295627 0.00757101 0.0213159 
0.794657 0.0596078 0.0130659 0.0377141 0.0112808 0.0210147 0.0626599 
0.823781 0.0391109 0.0147263 0.0273772 0.0127182 0.0101944 0.0720918 
0.851925 0.030325 0.0158083 0.0287408 0.00650516 0.00636443 0.0603318 
0.804269 0.0657674 0.0130062 0.0229296 0.0230816 0.0162492 0.0546974 
0.825871 0.0582611 0.0124881 0.0311771 0.019269 0.0110388 0.0418945 
0.83981 0.0576555 0.012278 0.026339 0.0265345 0.00711329 0.0302702 
0.752494 0.0336204 0.00995926 0.157993 0.0229999 0.0035465 0.019387 
0.768371 0.0277777 0.0129295 0.125782 0.0142636 0.0081729 0.0427032 
0.834634 0.054867 0.0125031 0.0347508 0.00889024 0.0169888 0.0373657 
0.829411 0.0534444 0.0121325 0.0333272 0.020281 0.0123632 0.0390408 
0.724728 0.044096 0.0112509 0.154387 0.0260696 0.00731353 0.0321544 
0.848446 0.0333582 0.011243 0.0709838 0.0129265 0.0050533 0.0179888 
0.841654 0.0324489 0.0108475 0.0546364 0.0235327 0.00802763 0.028853 
0.842251 0.0341175 0.0113965 0.0696488 0.0168139 0.00575839 0.0200143 
0.826864 0.0225203 0.0137792 0.058585 0.033487 0.00672118 0.0380435 
0.843718 0.0232097 0.0119122 0.0574614 0.0276894 0.0075054 0.028504 
0.864874 0.0213792 0.011996 0.0415899 0.0248904 0.00612915 0.0291416 
0.816189 0.0201156 0.0131069 0.0875541 0.019266 0.00619061 0.0375773 
0.84038 0.0286765 0.0125757 0.0662643 0.019624 0.00651017 0.0259695 
0.857393 0.0305243 0.0102375 0.0664123 0.0127455 0.00494664 0.0177411 
0.817518 0.028514 0.00960306 0.108616 0.0151186 0.00392601 0.0167042 
0.787506 0.0196666 0.0114066 0.154786 0.00906552 0.00242104 0.0151486 
0.838308 0.0274499 0.0125917 0.0758229 0.0105348 0.00502641 0.0302662 
0.846123 0.0226255 0.0114715 0.0713507 0.0196502 0.00420698 0.0245724 
0.809656 0.0219425 0.0160743 0.064991 0.0263552 0.0050262 0.0559544 
0.845361 0.0164809 0.013798 0.0548417 0.0181697 0.004237 0.0471113 
0.84289 0.0152593 0.0177571 0.0259943 0.0122062 0.00496847 0.0809248 
0.863669 0.0215352 0.0145118 0.0379038 0.00875176 0.00506021 0.0485686 
0.824476 0.0203139 0.0146491 0.0526814 0.0198805 0.0054394 0.0625592 
0.853177 0.0276646 0.0144712 0.0491199 0.0112059 0.00432355 0.0400377 
0.895026 0.0247602 0.0132189 0.0239843 0.00981599 0.00471836 0.0284762 
0.874535 0.0296179 0.0133881 0.0154441 0.0116797 0.00673233 0.0486029 
0.887396 0.0339322 0.0131835 0.0123385 0.012896 0.00605979 0.0341937 
0.885173 0.0329429 0.0153567 0.0118848 0.0143292 0.00704 0.0332739 
0.873189 0.0218906 0.0157984 0.0134276 0.0149774 0.00566485 0.0550523 
0.882974 0.0238261 0.0156475 0.0121519 0.00984014 0.00507716 0.0504834 
0.856653 0.0229285 0.0183685 0.0185819 0.0079106 0.00537265 0.070185 
0.846844 0.0208811 0.0180804 0.015077 0.0101805 0.00592208 0.083015 
0.761537 0.0215368 0.0278046 0.0174403 0.0140877 0.0165411 0.141052 
0.822299 0.0234633 0.0180646 0.0147702 0.0105491 0.0114369 0.0994165 
0.843398 0.0186369 0.0177069 0.0313146 0.00461516 0.00664945 0.0776791 
0.848375 0.0201265 0.0151562 0.0522356 0.00818619 0.00521315 0.0507069 
0.845896 0.0161843 0.0130694 0.0819676 0.0111473 0.00358068 0.0281547 
0.867689 0.0172572 0.0131751 0.0558281 0.0136071 0.00254098 0.0299027 
0.799887 0.0142274 0.0138727 0.118325 0.0149046 0.00472561 0.034058 
0.871291 0.0145777 0.0124639 0.0452101 0.0187838 0.00374425 0.0339295 
0.876057 0.0192695 0.0127607 0.0410797 0.0118815 0.00452195 0.0344294 
0.8478 0.0149032 0.0141884 0.0515108 0.0182637 0.00413075 0.0492026 
0.864523 0.016176 0.0125206 0.0476254 0.0185291 0.00423098 0.0363946 
0.847146 0.0157736 0.0132437 0.0726749 0.0167876 0.00477533 0.0295992 
0.836524 0.0157173 0.0136166 0.0711649 0.0266676 0.00349903 0.0328104 
0.87943 0.0140977 0.0122385 0.0575024 0.0121029 0.00263481 0.0219937 
0.832654 0.0186484 0.0115092 0.0933162 0.0188087 0.00341082 0.0216526 
0.855764 0.0160988 0.0121619 0.0706586 0.0122748 0.00339672 0.0296451 
0.859442 0.0198089 0.0122717 0.0767986 0.0081581 0.00297776 0.0205432 
0.859994 0.0163006 0.0130153 0.0572703 0.0144329 0.00419173 0.0347955 
0.883026 0.0238443 0.0106968 0.0436263 0.011828 0.00415751 0.0228211 
0.871053 0.0297082 0.0107759 0.0400251 0.0170997 0.00578797 0.0255506 
0.860174 0.0193663 0.011795 0.0446598 0.030555 0.00588435 0.0275658 
0.834169 0.031963 0.0104328 0.0715807 0.0235606 0.00522576 0.0230683 
0.823594 0.0240524 0.0109498 0.0848511 0.0174342 0.00668403 0.0324346 
0.821 0.0308608 0.0130874 0.0794567 0.0149721 0.00586261 0.0347604 
0.813473 0.0184646 0.0123963 0.083919 0.0319307 0.00563276 0.0341833 
0.846779 0.0137096 0.0152946 0.0692901 0.012128 0.00332364 0.0394755 
0.814339 0.0163555 0.0127429 0.0966532 0.0207867 0.00582076 0.0333018 
0.860768 0.0172931 0.010694 0.0756386 0.013055 0.00365441 0.0188969 
0.849759 0.0183882 0.0100239 0.0778832 0.0176438 0.00559615 0.0207061 
0.854082 0.0153569 0.0131039 0.073328 0.00832172 0.00560628 0.0302009 
0.872613 0.0146681 0.0121294 0.0504323 0.0154434 0.00508466 0.0296286 
0.831534 0.0164253 0.0128987 0.0991734 0.00914074 0.00515269 0.0256751 
0.872778 0.0149798 0.0136251 0.0482156 0.00700039 0.0061271 0.0372744 
0.816043 0.0128146 0.0129367 0.0965181 0.0229413 0.00521018 0.033536 
0.855899 0.0145818 0.0127353 0.0672976 0.0110959 0.00388472 0.0345055 
0.86211 0.017174 0.0137863 0.0300638 0.0197862 0.0042955 0.052784 
0.869171 0.0142882 0.0145453 0.043566 0.0164579 0.00301956 0.0389516 
0.850619 0.0121069 0.0141968 0.0651696 0.0195131 0.00316573 0.035229 
0.870597 0.016674 0.014021 0.0525171 0.0145652 0.00262836 0.0289979 
0.889354 0.0193493 0.0106458 0.044951 0.0144877 0.00259194 0.0186204 
0.863619 0.0116183 0.0123089 0.0697294 0.0137409 0.0027598 0.0262239 
0.822908 0.0174817 0.0114537 0.0786251 0.0408796 0.00352467 0.0251274 
0.868202 0.0181537 0.0152651 0.0409491 0.0165743 0.00342885 0.0374266 
0.849393 0.0281107 0.0157121 0.0333915 0.0120039 0.00339295 0.0579956 
0.834375 0.0179115 0.0161949 0.0659683 0.00891109 0.00330112 0.0533377 
0.867791 0.0147438 0.0154818 0.0628115 0.00618306 0.00381091 0.0291781 
0.834064 0.0202165 0.011223 0.083448 0.0118757 0.00579617 0.0333768 
0.80307 0.0123899 0.00936121 0.134613 0.0186471 0.00272664 0.0191926 
0.677819 0.0123829 0.0114178 0.265676 0.0118308 0.00365913 0.0172141 
0.803425 0.0228821 0.0133083 0.0908255 0.0102021 0.00777587 0.0515808 
0.837506 0.0176204 0.0122576 0.0533476 0.01821 0.00773069 0.0533276 
0.853345 0.0316957 0.0105328 0.0316609 0.0162381 0.00988217 0.0466455 
0.820849 0.0273571 0.0119079 0.0504608 0.0147179 0.0126654 0.0620422 
0.85552 0.019239 0.00966338 0.0693674 0.0170899 0.00456106 0.0245597 
0.843208 0.0254249 0.0116825 0.0592092 0.0110217 0.0054377 0.0440162 
0.839147 0.023075 0.00972861 0.0744794 0.0262761 0.00511193 0.0221819 
0.844687 0.0144483 0.012348 0.0663266 0.0190569 0.00321861 0.0399144 
0.779937 0.0136407 0.0100082 0.135734 0.0301583 0.00330688 0.027215 
0.790616 0.0176089 0.0117316 0.0976721 0.0373436 0.00684021 0.038188 
0.737604 0.0168699 0.0136407 0.158946 0.0189484 0.00505639 0.0489348 
0.785269 0.0175782 0.0136633 0.0862811 0.021804 0.00456294 0.0708413 
0.798026 0.0142059 0.0108779 0.109711 0.0233471 0.00343109 0.0404016 
0.720921 0.022195 0.0116754 0.153165 0.0295002 0.00741607 0.055127 
0.800934 0.0205388 0.009976 0.0971906 0.0139213 0.00626524 0.0511741 
0.698879 0.0131903 0.0131556 0.142312 0.0562903 0.00711964 0.0690538 
0.776679 0.0143068 0.0111741 0.0913156 0.029935 0.00480287 0.071787 
0.838557 0.0150871 0.0120082 0.0638553 0.0186176 0.00471389 0.047161 
0.815554 0.0174648 0.0103342 0.101399 0.0206899 0.00413438 0.030423 
0.836246 0.0142766 0.011169 0.0628621 0.0205445 0.0059664 0.0489358 
0.790275 0.0188389 0.0114899 0.112986 0.0107559 0.00695366 0.0487007 
0.78349 0.0172573 0.0109038 0.104567 0.0175236 0.00761989 0.0586385 
0.762757 0.0190525 0.0138079 0.0964219 0.0200754 0.00636225 0.0815233 
0.768837 0.0193792 0.0134067 0.0938172 0.0178181 0.00730995 0.0794323 
0.829972 0.0198117 0.0120513 0.0591211 0.0151708 0.00844009 0.0554326 
0.801677 0.0221347 0.0131647 0.0302586 0.023982 0.00788971 0.100893 
0.854142 0.018908 0.0097137 0.0566171 0.0160797 0.00814328 0.036396 
0.814828 0.0190793 0.0139912 0.0544714 0.00845581 0.0119453 0.0772289 
0.839621 0.0180341 0.0142587 0.0482801 0.00652576 0.00915241 0.0641278 
0.747669 0.0213638 0.0143072 0.0914839 0.0170781 0.0171154 0.0909828 
0.746054 0.0177379 0.0141252 0.111582 0.0195389 0.0147347 0.0762277 
0.792848 0.0281824 0.0117642 0.0770084 0.0214764 0.0143393 0.0543818 
0.809927 0.0185323 0.0148018 0.0602741 0.00841641 0.0138824 0.0741663 
0.805209 0.0242056 0.00972097 0.0975715 0.0147594 0.0193804 0.029153 
0.738332 0.0205817 0.0115599 0.136332 0.0298718 0.0194275 0.0438949 
0.750299 0.0243361 0.010052 0.161453 0.0145129 0.0124731 0.0268733 
0.848845 0.0189352 0.0130079 0.0465858 0.0129958 0.0140406 0.0455897 
0.659512 0.0249507 0.0223388 0.0190884 0.0168488 0.0294574 0.227804 
0.716149 0.0268838 0.0214683 0.0132749 0.0154176 0.0308301 0.175976 
0.811901 0.0251131 0.0158646 0.00925879 0.00658019 0.0171759 0.114107 
0.867526 0.0174795 0.0151302 0.0284247 0.00701222 0.00588747 0.05854 
0.804506 0.0188604 0.0179141 0.0500965 0.00956247 0.00914922 0.0899109 
0.851868 0.0235907 0.0132605 0.0583331 0.00751567 0.00746164 0.0379701 
0.821096 0.0178583 0.0181961 0.0374612 0.0107837 0.00826796 0.0863367 
0.776229 0.0182136 0.0200396 0.0900511 0.00581893 0.00641025 0.0832377 
0.779309 0.0217011 0.0157859 0.0979906 0.0128754 0.00586763 0.0664703 
0.844607 0.0143691 0.0126117 0.0557151 0.0199665 0.00614016 0.0465907 
0.78831 0.0230798 0.0131446 0.103733 0.0136962 0.00622505 0.0518114 
0.797643 0.0181422 0.0150957 0.0888753 0.016893 0.00607897 0.0572723 
0.837554 0.0196195 0.0135547 0.0776741 0.00810741 0.00599091 0.0374998 
0.833709 0.0260229 0.0152091 0.0371706 0.0270497 0.00712455 0.0537141 
0.858341 0.0267424 0.0134307 0.0371897 0.0141872 0.00590182 0.0442072 
0.822563 0.022572 0.0142218 0.0656295 0.0132411 0.00616618 0.055606 
0.82752 0.0152774 0.0171344 0.0750999 0.00597893 0.00489905 0.0540902 
0.860644 0.016535 0.0132843 0.0323373 0.0187118 0.00386689 0.054621 
0.773133 0.0148609 0.0223001 0.0492874 0.0355448 0.00690187 0.0979717 
0.842354 0.013824 0.012482 0.0719535 0.0203609 0.00347142 0.0355541 
0.831561 0.0150432 0.0163452 0.0750953 0.0100078 0.00536598 0.0465815 
0.874045 0.016154 0.0138847 0.0428682 0.0098178 0.0031149 0.0401159 
0.850004 0.0231828 0.0134667 0.0579609 0.0100186 0.00584112 0.0395258 
0.861479 0.0190831 0.0129428 0.0645584 0.00937483 0.00391934 0.0286425 
0.80817 0.0187586 0.0140247 0.0754043 0.0131587 0.00490481 0.0655791 
0.803445 0.0133113 0.0162476 0.0847653 0.0127761 0.00595612 0.0634987 
0.803132 0.0168332 0.0114897 0.138007 0.00824754 0.00278231 0.0195077 
0.694976 0.0128023 0.0172112 0.185616 0.0107409 0.00518175 0.073472 
0.814782 0.014137 0.0134223 0.124475 0.00728761 0.00531704 0.0205793 
0.828366 0.0178316 0.0155834 0.103424 0.00436594 0.0041179 0.0263107 
0.784087 0.0172714 0.0119322 0.144839 0.00936785 0.00310868 0.0293937 
0.855068 0.0150966 0.0125878 0.0844052 0.0103876 0.00376574 0.0186895 
0.78116 0.0172325 0.017461 0.1202 0.00506962 0.00421033 0.054667 
0.796302 0.0156023 0.0199891 0.0802605 0.00581144 0.00485861 0.0771756 
0.774731 0.0145832 0.0152699 0.13794 0.00728987 0.00429531 0.0458914 
0.752531 0.0183743 0.0135185 0.109987 0.0184305 0.00891673 0.0782419 
0.700307 0.0138481 0.0192849 0.0953688 0.0250052 0.00876258 0.137424 
0.789449 0.0167643 0.0124879 0.105862 0.0185597 0.00523915 0.0516384 
0.690893 0.015279 0.0139472 0.164859 0.0152784 0.00474026 0.0950036 
0.745896 0.0161645 0.0135534 0.106714 0.0425557 0.00776089 0.0673558 
0.76767 0.0138102 0.0132546 0.105227 0.0244019 0.00595043 0.0696861 
0.7869 0.0144734 0.0127685 0.0917077 0.0261543 0.00602684 0.0619688 
0.829897 0.0231149 0.0116041 0.0716832 0.0150623 0.0059196 0.0427189 
0.828936 0.0156952 0.0115249 0.0917488 0.0123029 0.00837421 0.0314181 
0.823749 0.0193823 0.0164563 0.0197863 0.0114489 0.00958865 0.0995884 
0.818371 0.0189199 0.0139098 0.0533096 0.0145253 0.00714059 0.0738237 
0.759933 0.0218276 0.0153254 0.119485 0.00828982 0.0062161 0.0689225 
0.609196 0.00967785 0.0154149 0.297225 0.0141798 0.00552371 0.0487826 
0.671522 0.0230586 0.0121493 0.22524 0.0126844 0.00946806 0.0458772 
0.762561 0.0180908 0.0119923 0.109534 0.0256339 0.0100375 0.0621514 
0.791553 0.019837 0.0121495 0.0939239 0.0146923 0.00639819 0.061446 
0.775281 0.0213939 0.0105603 0.118086 0.0301181 0.00745947 0.0371013 
0.727763 0.0198317 0.0114626 0.161343 0.0226959 0.00521684 0.0516866 
0.728143 0.0142653 0.0122513 0.160943 0.0258392 0.0040341 0.0545242 
0.678334 0.0127826 0.00981688 0.240354 0.019286 0.0038081 0.0356183 
0.821747 0.0149278 0.0104783 0.0851634 0.0172172 0.00361238 0.0468543 
0.763597 0.0116685 0.013965 0.10956 0.0266852 0.00529788 0.0692267 
0.830584 0.0174448 0.0106876 0.0818656 0.0175499 0.00558469 0.0362832 
0.797538 0.0139047 0.0118807 0.100755 0.0181684 0.00573242 0.0520206 
0.759766 0.019416 0.016459 0.041044 0.0251083 0.0137218 0.124485 
0.833555 0.0228802 0.012879 0.031091 0.0205019 0.0102981 0.0687944 
0.701194 0.02081 0.0176071 0.0492258 0.0249258 0.0236662 0.162571 
0.709134 0.0231508 0.0171314 0.0603946 0.0092808 0.0297553 0.151153 
0.785908 0.0239885 0.0117642 0.071184 0.0211381 0.0150311 0.0709864 
0.619322 0.0221523 0.0246226 0.0436767 0.0429524 0.0193253 0.227949 
0.748853 0.0220554 0.0151857 0.0571691 0.0161304 0.0125704 0.128036 
0.682634 0.0203987 0.0179701 0.0490835 0.027691 0.0164562 0.185767 
0.737729 0.0172344 0.0168008 0.0709113 0.0233368 0.0100265 0.123962 
0.74472 0.0126966 0.0177857 0.0612066 0.0188009 0.00734494 0.137445 
0.702193 0.0162214 0.0162808 0.120475 0.0293117 0.00767839 0.10784 
0.73134 0.0150196 0.0176863 0.088589 0.0162654 0.00964767 0.121452 
0.766313 0.0156931 0.0154089 0.0735685 0.0293396 0.00944366 0.0902332 
0.693827 0.0197979 0.0190709 0.0530945 0.02653 0.0136998 0.17398 
0.805332 0.0155248 0.0143014 0.0490202 0.0256159 0.00508424 0.0851216 
0.704482 0.0128321 0.0167168 0.111244 0.0502122 0.0077638 0.0967494 
0.693485 0.0177342 0.0162553 0.103988 0.0395175 0.00850501 0.120514 
0.776829 0.0183124 0.0118141 0.0975922 0.0220742 0.00608509 0.0672932 
0.801546 0.0190495 0.0132067 0.0569755 0.0250225 0.00848631 0.0757138 
0.80147 0.0168135 0.0157425 0.0596321 0.00953112 0.00558455 0.091226 
0.782607 0.0103911 0.0144648 0.115044 0.0183595 0.00555439 0.0535794 
0.82227 0.0178221 0.0129246 0.0770489 0.0180046 0.00574041 0.046189 
0.735921 0.0133204 0.0127018 0.158591 0.0209288 0.00489161 0.0536458 
0.82402 0.0246975 0.011727 0.0624544 0.0103686 0.00839253 0.0583403 
0.746769 0.0207673 0.0145541 0.0692504 0.0318928 0.0132481 0.103518 
0.768952 0.029977 0.0142049 0.0367628 0.0210633 0.00899085 0.120049 
0.741133 0.0160841 0.0169148 0.0612859 0.0289147 0.0100518 0.125616 
0.78059 0.0206751 0.0126429 0.106396 0.0143971 0.00975182 0.0555468 
0.830221 0.0192516 0.0127919 0.0449206 0.0245225 0.012378 0.0559145 
0.853376 0.0151084 0.0135272 0.0743654 0.02328 0.00274325 0.0176 
0.852337 0.0218896 0.0121315 0.0810507 0.0185151 0.00209969 0.0119765 
0.872857 0.0124296 0.0159634 0.0483328 0.0211887 0.00242766 0.0268004 
0.869428 0.0114346 0.0162445 0.0480826 0.0226589 0.00326982 0.0288812 
0.872705 0.0162017 0.0149309 0.0580315 0.0135711 0.00388532 0.0206744 
0.893364 0.0122321 0.0159265 0.0488053 0.0121789 0.00248428 0.0150088 
0.818244 0.0213327 0.0135641 0.105811 0.0218931 0.00295085 0.0162042 
0.821741 0.0122076 0.0158311 0.102887 0.0211186 0.0022517 0.0239633 
0.860274 0.0134806 0.0171136 0.0534105 0.0195919 0.00364973 0.0324796 
0.86369 0.00850299 0.016367 0.0587665 0.0223474 0.00240384 0.0279222 
0.846958 0.00944336 0.0129976 0.0862858 0.0192072 0.00212688 0.0229815 
0.811912 0.0110466 0.012901 0.104256 0.0293302 0.00277243 0.0277827 
0.750462 0.00886883 0.0129518 0.168446 0.0320799 0.00244884 0.0247429 
0.834213 0.0123705 0.0135821 0.10379 0.0131166 0.00249623 0.0204315 
0.808333 0.00818556 0.0157593 0.102259 0.0337976 0.00188971 0.0297758 
0.804747 0.0103115 0.0151712 0.0883159 0.0354918 0.00213243 0.0438299 
0.834472 0.01234 0.0163886 0.0551789 0.0217246 0.00292599 0.0569697 
0.815186 0.0107022 0.0157125 0.0770888 0.0351829 0.00281307 0.0433149 
0.799035 0.0102111 0.0146036 0.107686 0.0227699 0.00353726 0.042157 
0.817417 0.00826985 0.017066 0.104533 0.0124692 0.00245998 0.0377853 
0.840074 0.0110056 0.0153784 0.0650456 0.0292696 0.00381312 0.0354134 
0.822214 0.00992599 0.0139393 0.117051 0.0125854 0.00276044 0.0215247 
0.873028 0.0197159 0.0136269 0.0594658 0.0102629 0.00463938 0.0192615 
0.822056 0.0178792 0.0256095 0.00714882 0.0166874 0.0160778 0.0945413 
0.701016 0.023415 0.0336921 0.00725362 0.0211803 0.030282 0.183161 
0.765694 0.0267178 0.0244585 0.00817153 0.0358808 0.0146739 0.124403 
0.356609 0.0229566 0.0648293 0.0142575 0.0239848 0.0751884 0.442175 
0.178197 0.0407229 0.0300199 0.308292 0.00711977 0.112824 0.322824 
0.222893 0.138273 0.0332438 0.426573 0.0133588 0.068613 0.0970455 
0.751144 0.0732905 0.0109415 0.102091 0.00329883 0.00891357 0.0503199 
0.388299 0.0574378 0.0234294 0.45307 0.00244612 0.00204025 0.0732771 
0.652218 0.13809 0.0059711 0.145134 0.0190103 0.00176806 0.0378082 
0.678071 0.0693819 0.00546765 0.20357 0.0173222 0.00209735 0.0240896 
0.448218 0.106453 0.00502691 0.418224 0.0118489 0.00284366 0.00738552 
0.563193 0.0595367 0.00741864 0.355678 0.00752135 0.0018497 0.00480208 
0.713424 0.0345081 0.00856045 0.2284 0.00542741 0.00226469 0.0074152 
0.73686 0.04306 0.00973764 0.186589 0.00329971 0.00557779 0.0148754 
0.885042 0.0220113 0.00866627 0.0653741 0.00691247 0.00249943 0.00949433 
0.702141 0.030297 0.00915507 0.245562 0.00671997 0.00111145 0.00501314 
0.598067 0.0369132 0.00803716 0.3413 0.0071409 0.00158106 0.00696057 
0.614611 0.0488872 0.00902917 0.306442 0.00813801 0.00261674 0.0102758 
0.606442 0.0569375 0.00902857 0.307934 0.00757349 0.00263152 0.00945259 
0.838109 0.0551295 0.00764443 0.0676466 0.016414 0.00343259 0.011624 
0.844965 0.0718022 0.00907825 0.0304011 0.0143381 0.00750246 0.0219125 
0.854924 0.0534775 0.00970789 0.0616739 0.00892976 0.00327452 0.00801272 
0.801545 0.0312297 0.0088896 0.13304 0.0128867 0.00227369 0.0101349 
0.854195 0.0330039 0.00973696 0.0827373 0.00913941 0.0028608 0.0083262 
0.83848 0.0547139 0.00954871 0.0694981 0.0126688 0.00334457 0.011746 
0.802084 0.044328 0.00790193 0.116121 0.0173117 0.00249089 0.00976267 
0.813231 0.0347486 0.0079542 0.118303 0.0176145 0.00109831 0.00705098 
0.766475 0.185634 0.0100411 0.00878317 0.00481687 0.00614257 0.0181066 
0.162844 0.542152 0.00652403 0.00797662 0.248372 0.022221 0.00991138 
0.153582 0.570517 0.00970551 0.0134327 0.198357 0.0420334 0.0123721 
0.187729 0.727708 0.0101853 0.00168571 0.0085176 0.0363857 0.0277882 
0.105962 0.845437 0.00432007 0.00113851 0.0180799 0.00750554 0.0175567 
0.428451 0.512918 0.00923616 0.00752563 0.0229193 0.00771644 0.0112329 
0.506539 0.460341 0.00699777 0.00459099 0.00985807 0.00533617 0.00633732 
0.725928 0.220388 0.0214507 0.00758756 0.00417048 0.00326378 0.0172115 
0.814094 0.0603314 0.0874801 0.0211854 8.85579E-4 9.8306E-4 0.0150404 
0.864228 0.0154233 0.0733376 0.00708813 0.00170874 0.00142435 0.0367897 
0.517839 0.0147523 0.0862218 0.33976 0.00249938 0.00126736 0.0376608 
0.563593 0.0211173 0.0205174 0.364228 0.00856804 0.00372085 0.0182551 
0.420639 0.0204317 0.0255435 0.519156 0.00146076 0.00333922 0.00942994 
0.584345 0.0345064 0.0243207 0.344367 0.00187609 0.00149499 0.00908991 
0.474822 0.0661533 0.0129887 0.432009 0.00367707 0.00216336 0.00818691 
0.815038 0.0340685 0.0144933 0.118234 0.00423648 0.00267625 0.0112534 
0.844795 0.0339344 0.0190451 0.074137 0.00279252 0.00314192 0.0221541 
0.793006 0.0275519 0.0129674 0.138774 0.00767358 0.00318129 0.0168463 
0.808006 0.0222556 0.0134382 0.134825 0.0054804 0.00195548 0.0140397 
0.778621 0.043758 0.0106751 0.140384 0.0114484 0.00219255 0.012921 
0.826595 0.0266641 0.00964719 0.0967143 0.0256959 0.00339778 0.0112859 
0.645394 0.095165 0.0114611 0.215004 0.0184964 0.00313379 0.0113458 
0.716899 0.0496642 0.0100099 0.173793 0.0333751 0.00267438 0.0135843 
0.76792 0.0526681 0.0110741 0.120401 0.0275944 0.0035582 0.0167835 
0.801657 0.0622673 0.0108763 0.0908677 0.0151659 0.00349415 0.0156713 
0.856888 0.0616687 0.0112525 0.0336461 0.0102229 0.00798885 0.018333 
0.846804 0.0773145 0.0112874 0.0198396 0.0143739 0.00920575 0.021175 
0.816578 0.0884716 0.0124922 0.0397926 0.0163578 0.00802633 0.0182819 
0.764132 0.0729136 0.011906 0.110562 0.022322 0.00481813 0.0133465 
0.738126 0.0628884 0.0101682 0.147387 0.0283616 0.00242251 0.0106464 
0.709561 0.0775778 0.0107218 0.16055 0.0286946 0.00318004 0.00971525 
0.765374 0.0833278 0.0116623 0.0991693 0.023565 0.00326114 0.0136404 
0.746495 0.0900978 0.0121201 0.118441 0.0152925 0.0045657 0.0129871 
0.733599 0.0616336 0.00978482 0.16613 0.016244 0.00444568 0.00816284 
0.735314 0.07269 0.00985791 0.156733 0.0140425 0.00416021 0.00720213 
0.799079 0.0158201 0.0329343 0.0082659 0.00406045 0.0030121 0.136828 
0.875822 0.0127062 0.0209279 0.0200867 0.0132333 0.00450701 0.0527172 
0.87193 0.0107862 0.0194767 0.0225279 0.025015 0.00380637 0.0464577 
0.862459 0.0118396 0.0271294 0.00731566 0.00411967 0.00589446 0.0812418 
0.868055 0.0147306 0.0198151 0.0436244 0.0122103 0.00352159 0.0380431 
0.825074 0.0109917 0.0177537 0.100879 0.0135066 0.00548756 0.0263072 
0.846072 0.0108279 0.0148456 0.095006 0.013865 0.00513984 0.0142438 
0.826932 0.0106811 0.0154853 0.096549 0.015907 0.00593386 0.0285116 
0.858665 0.00931005 0.0165197 0.079198 0.0111965 0.00489603 0.0202145 
0.873433 0.00877499 0.0218692 0.0425065 0.00884477 0.00523453 0.0393373 
0.835786 0.0140448 0.0194349 0.0290045 0.0139005 0.00954126 0.0782876 
0.791574 0.010826 0.0205177 0.121569 0.0061046 0.00324212 0.0461668 
0.787709 0.0111842 0.0145197 0.149098 0.0101965 0.00305519 0.0242378 
0.809097 0.0133387 0.012455 0.099246 0.0269935 0.00418161 0.0346879 
0.808435 0.00933902 0.0180076 0.108978 0.00863373 0.00383928 0.0427677 
0.816034 0.0114176 0.0185045 0.084575 0.00825616 0.00425883 0.0569536 
0.797564 0.0142812 0.0144639 0.106423 0.00975859 0.00402262 0.0534864 
0.72862 0.0153408 0.00946541 0.192195 0.0259369 0.00448998 0.0239523 
0.841296 0.0165709 0.00940566 0.0770295 0.02767 0.00325426 0.0247741 
0.805022 0.0167622 0.0108813 0.0961547 0.0288895 0.00315126 0.0391385 
0.824592 0.0153493 0.0115049 0.0775564 0.0348298 0.00277704 0.0333902 
0.859903 0.0212663 0.00993622 0.0627137 0.0221428 0.00243188 0.0216065 
0.871027 0.0199642 0.0106824 0.0592565 0.0140275 0.00269299 0.0223497 
0.875441 0.0246181 0.0104019 0.0408155 0.0123738 0.00326871 0.0330809 
0.898405 0.0153901 0.0109483 0.0384552 0.0147214 0.00234505 0.0197344 
0.822685 0.0148746 0.0108087 0.0906223 0.0181437 0.00335532 0.0395104 
0.816905 0.0164762 0.0126954 0.0622681 0.0236181 0.00424456 0.0637921 
0.809017 0.0238297 0.0174734 0.00791398 0.0109669 0.010725 0.120074 
0.874849 0.0251835 0.0147998 0.00818862 0.00921325 0.00662848 0.061137 
0.908059 0.035354 0.0126922 0.00974981 0.00482109 0.00422148 0.0251027 
0.912191 0.0372 0.0126661 0.00912515 0.0040539 0.00529854 0.0194655 
0.896379 0.0401058 0.0096729 0.0115472 0.0134845 0.00285311 0.0259575 
0.879292 0.0289365 0.0140763 0.008658 0.00808845 0.00371607 0.0572328 
0.900281 0.0423222 0.00985344 0.0152026 0.0126706 0.00371267 0.0159571 
0.9117 0.0278943 0.0114548 0.0186365 0.00685177 0.003109 0.0203534 
0.864715 0.0593091 0.0107318 0.0103368 0.00934383 0.00561441 0.0399489 
0.84017 0.0629992 0.0111353 0.0451677 0.00603429 0.0046321 0.0298616 
0.824423 0.0422954 0.012894 0.0503069 0.00493478 0.00532243 0.0598232 
0.822753 0.0381627 0.010538 0.0650814 0.0235988 0.0034406 0.0364256 
0.761023 0.0442968 0.00976928 0.166051 0.00481962 0.00249682 0.0115431 
0.820951 0.0393484 0.00908592 0.104137 0.00896412 0.00187996 0.0156333 
0.687841 0.0457253 0.00856293 0.235761 0.011996 0.00133197 0.00878167 
0.421267 0.051746 0.00857886 0.500729 0.00757022 0.00169211 0.00841678 
0.219014 0.0183617 0.0048479 0.748932 0.00430415 9.72654E-4 0.00356763 
0.344655 0.0511925 0.0102554 0.578619 0.00440698 0.00269442 0.00817696 
0.425119 0.062092 0.0106425 0.472462 0.0118274 0.0043211 0.0135353 
0.765224 0.0526366 0.0091105 0.130129 0.0181584 0.00424254 0.0204991 
0.512665 0.0423875 0.00752027 0.415434 0.0113791 0.00294851 0.00766544 
0.595446 0.0468157 0.00993417 0.322284 0.0045563 0.00410515 0.0168587 
0.303303 0.0500399 0.00743936 0.621897 0.00687639 0.00175083 0.00869362 
0.344201 0.0793421 0.00843607 0.538922 0.0151634 0.0022521 0.011684 
0.557584 0.05932 0.00906799 0.353693 0.00901307 0.00248432 0.0088378 
0.527136 0.042106 0.00598613 0.388227 0.0253538 0.00223648 0.00895415 
0.39114 0.0380722 0.00649239 0.53909 0.0164705 0.00149406 0.00724046 
0.551677 0.025194 0.00637138 0.387569 0.0193469 0.00208573 0.00775655 
0.705482 0.0358218 0.00844616 0.205138 0.0218015 0.00296941 0.0203408 
0.733423 0.026048 0.00840707 0.211075 0.00545242 0.00288008 0.012714 
0.787757 0.0182776 0.0139083 0.103485 0.00890125 0.0144154 0.0532561 
0.68159 0.0193244 0.0177817 0.185378 0.00918291 0.0127016 0.0740414 
0.803649 0.0123886 0.0172446 0.0815911 0.00758603 0.00811098 0.0694297 
0.75067 0.0164565 0.0122208 0.10691 0.0309877 0.00804328 0.0747113 
0.674444 0.0205533 0.0191942 0.131156 0.00904433 0.0121233 0.133484 
0.727625 0.0178509 0.0130669 0.147219 0.0109031 0.00767955 0.0756558 
0.789679 0.0220827 0.0120056 0.112113 0.00679557 0.00839432 0.0489294 
0.778908 0.0255113 0.0102857 0.131857 0.0211827 0.00408305 0.0281724 
0.864183 0.0167976 0.0129914 0.0800696 0.00654416 0.00127513 0.0181386 
0.859898 0.0177818 0.0148385 0.0301566 0.0209622 0.00226644 0.0540968 
0.888605 0.0155404 0.009485 0.0538976 0.0143696 0.00102879 0.0170734 
0.646115 0.0226021 0.00942095 0.271703 0.0245758 0.00344333 0.0221403 
0.825253 0.010642 0.0118497 0.0836627 0.0168762 0.00236486 0.0493515 
0.779904 0.0141972 0.0116139 0.138889 0.0107481 0.00465905 0.039989 
0.849881 0.0104964 0.0148028 0.0771011 0.00614547 0.00240294 0.0391702 
0.752435 0.0150234 0.0174051 0.109671 0.0112915 0.00572032 0.0884534 
0.879317 0.0134213 0.0184845 0.0291606 0.00673786 0.00228977 0.0505891 
0.839371 0.0165064 0.020349 0.0198032 0.0110263 0.0027339 0.09021 
0.681521 0.0187421 0.0308431 0.00913762 0.0143798 0.00858716 0.236789 
0.726837 0.0266017 0.0240893 0.0115962 0.013696 0.0120257 0.185154 
0.881683 0.0262072 0.0150656 0.0152548 0.00901012 0.0033036 0.0494754 
0.877243 0.0118827 0.0169354 0.0254592 0.0128831 0.00308231 0.052514 
0.871945 0.0169598 0.0145709 0.051411 0.00674565 0.00308879 0.0352786 
0.842851 0.0126279 0.0152956 0.0859798 0.00708722 0.00209766 0.0340611 
0.795034 0.0119457 0.0146718 0.110002 0.013827 0.00216754 0.0523518 
0.830133 0.0199366 0.0188137 0.014678 0.00912135 0.00454994 0.102767 
0.807084 0.0316466 0.0196611 0.00919281 0.00841423 0.0109472 0.113054 
0.840265 0.0248133 0.0168179 0.0301292 0.00446943 0.00622474 0.0772806 
0.857533 0.020773 0.0154581 0.0541263 0.00565108 0.00428033 0.0421778 
0.856804 0.0123023 0.0222877 0.0356218 0.0063746 0.0061572 0.0604521 
0.767259 0.0222333 0.012424 0.162961 0.0108576 0.00555766 0.0187067 
0.780201 0.0143653 0.0154972 0.142746 0.0122694 0.00491713 0.0300042 
0.787643 0.0158572 0.015134 0.105684 0.00982272 0.00692868 0.0589304 
0.772543 0.0144771 0.0234001 0.128352 0.00286208 0.00921077 0.0491548 
0.862424 0.0279876 0.0149286 0.0190173 0.00556092 0.0230729 0.0470084 
0.780706 0.0279652 0.0198114 0.014616 0.00682958 0.0497013 0.100371 
0.812501 0.031366 0.0164314 0.0103353 0.00712026 0.0185319 0.103715 
0.83152 0.0192427 0.0165887 0.0650594 0.00521295 0.0187562 0.0436201 
0.806129 0.0237563 0.0194728 0.0364644 0.00374729 0.0223422 0.0880878 
0.85302 0.0198357 0.0143912 0.0629864 0.00831179 0.0090744 0.0323805 
0.814501 0.0207742 0.014652 0.104121 0.00596063 0.00538414 0.0346074 
0.87877 0.0247252 0.0138751 0.0419335 0.00416239 0.00327246 0.0332614 
0.840476 0.036689 0.0120623 0.0809201 0.00444622 0.0050982 0.0203077 
0.79368 0.0306228 0.00982111 0.135645 0.00973108 0.00373418 0.0167663 
0.567588 0.0352805 0.00821763 0.353565 0.0175677 0.00357304 0.0142089 
0.601913 0.0272056 0.00821282 0.335158 0.0108509 0.00308053 0.0135799 
0.800046 0.0248466 0.00937462 0.129926 0.0185308 0.00234927 0.0149272 
0.670756 0.0154747 0.0077458 0.262015 0.0272905 0.00209027 0.0146276 
0.743085 0.0261155 0.0113047 0.188689 0.005527 0.00278034 0.0224986 
0.804189 0.0262734 0.00955464 0.120927 0.0143914 0.00227794 0.0223871 
0.764779 0.029593 0.00907331 0.159834 0.0102187 0.00361921 0.0228828 
0.71581 0.0261693 0.0106428 0.21832 0.00469948 0.00251823 0.0218408 
0.82172 0.0207581 0.0108039 0.116802 0.00924188 0.0025064 0.018168 
0.831491 0.0188586 0.0154511 0.071308 0.0092741 0.00253449 0.0510828 
0.773975 0.0134214 0.0140258 0.134224 0.0115402 0.00216627 0.0506473 
0.703953 0.00979243 0.0126047 0.23692 0.0105575 0.00169122 0.0244815 
0.871083 0.0173144 0.0170881 0.0294191 0.00683318 0.00459185 0.0536706 
0.826788 0.0239261 0.0143688 0.0916381 0.00743509 0.00328179 0.0325622 
0.85542 0.0136744 0.0180179 0.0534218 0.00612989 0.00294033 0.0503956 
0.858499 0.0181886 0.0115744 0.0825117 0.010173 0.00214095 0.0169121 
0.780641 0.0147785 0.0170585 0.0696544 0.0129843 0.00536711 0.0995159 
0.878661 0.0139172 0.0117347 0.0498856 0.00965857 0.00307468 0.0330683 
0.734053 0.0193231 0.0119173 0.163449 0.015992 0.00409305 0.0511719 
0.867782 0.0202472 0.0156594 0.0189562 0.0120105 0.00388878 0.0614563 
0.85764 0.0158683 0.0120913 0.0638343 0.0107552 0.00252844 0.0372823 
0.850239 0.0343684 0.0146285 0.0109375 0.0051746 0.0104744 0.0741774 
0.887668 0.0328667 0.0108697 0.0273545 0.0099471 0.00508812 0.0262063 
0.832471 0.0360021 0.010818 0.0699331 0.0142331 0.005485 0.031058 
0.837844 0.0262887 0.0115966 0.0808316 0.00625225 0.00570914 0.0314779 
0.773052 0.0421385 0.00896016 0.142039 0.0122023 0.00440203 0.0172061 
0.864483 0.0454336 0.0111012 0.0453827 0.00512604 0.00362552 0.0248474 
0.852988 0.0382883 0.0103973 0.0737184 0.00606015 0.00309945 0.0154479 
0.821834 0.0280566 0.00831431 0.114333 0.0119174 0.00205033 0.0134948 
0.833997 0.0281008 0.00935416 0.097901 0.00784173 0.00271464 0.0200904 
0.809876 0.031018 0.0106898 0.121562 0.00619292 0.00215378 0.0185072 
0.835623 0.0333613 0.00913714 0.0871054 0.0109794 0.00468095 0.0191124 
0.861664 0.0503176 0.00870095 0.0309257 0.0148384 0.0108536 0.0227003 
0.811408 0.0521158 0.0105287 0.0482466 0.0325147 0.0155657 0.0296206 
0.852859 0.0472565 0.00754484 0.040225 0.0261849 0.00681135 0.0191182 
0.810461 0.0453232 0.0110157 0.0290565 0.0525655 0.0135563 0.0380218 
0.843192 0.0582982 0.00913123 0.0281991 0.0260263 0.0061891 0.0289637 
0.841752 0.0550578 0.0101464 0.0256589 0.0196559 0.00817452 0.0395544 
0.849191 0.0707418 0.0093426 0.0243241 0.012405 0.0077923 0.0262036 
0.841698 0.0530467 0.00995387 0.0293872 0.0132873 0.00837373 0.0442527 
0.827219 0.0599702 0.00988504 0.0188883 0.0270269 0.0113145 0.0456959 
0.864557 0.0357508 0.0113161 0.0361524 0.00739513 0.00837616 0.0364524 
0.873522 0.0329922 0.0100596 0.0291309 0.00938556 0.00467824 0.0402319 
0.858257 0.0530832 0.00817588 0.0442382 0.0160878 0.00497187 0.015186 
0.845944 0.0499603 0.0082954 0.0456005 0.0317874 0.00383153 0.0145807 
0.794473 0.0463948 0.00921958 0.0484008 0.0655429 0.00698081 0.0289879 
0.854747 0.0296669 0.00956954 0.0429866 0.031439 0.00480951 0.0267815 
0.851675 0.0410404 0.00853976 0.0539656 0.0166484 0.00737625 0.0207546 
0.806217 0.0566645 0.0114814 0.0786317 0.00810834 0.0103355 0.0285611 
0.858243 0.041202 0.0100127 0.0303795 0.0118817 0.0115357 0.0367455 
0.887208 0.0376279 0.010116 0.0236768 0.00563116 0.00588356 0.0298566 
0.877624 0.0434097 0.011683 0.0174541 0.00510437 0.00867549 0.0360489 
0.867756 0.0426187 0.010994 0.0183582 0.00521643 0.00783943 0.0472176 
0.858639 0.0350762 0.00951437 0.036686 0.0161847 0.00627325 0.0376268 
0.868298 0.0453177 0.00883598 0.0361244 0.00694268 0.00789034 0.0265911 
0.885885 0.0404046 0.0101862 0.0106721 0.00530695 0.0103317 0.0372133 
0.855381 0.040559 0.0116378 0.0145251 0.00869534 0.0120407 0.0571611 
0.848069 0.0414215 0.00931112 0.0420753 0.0177574 0.00591742 0.0354479 
0.859007 0.0483568 0.00851415 0.0340472 0.013091 0.00787385 0.0291096 
0.882782 0.0279838 0.0103993 0.0557188 0.00358674 0.0032099 0.0163191 
0.865593 0.0277075 0.0122679 0.0687145 0.00336659 0.0024334 0.0199171 
0.75137 0.0369505 0.00945238 0.180531 0.0075796 0.00294684 0.0111693 
0.71792 0.0378012 0.00978585 0.215049 0.00585796 0.00297614 0.0106099 
0.767845 0.0268538 0.0102293 0.161723 0.00641737 0.00236482 0.0245661 
0.850316 0.0362806 0.00798377 0.0765909 0.00976334 0.00287775 0.0161875 
0.865094 0.0387592 0.00834135 0.0653802 0.00712179 0.00276398 0.0125392 
0.773778 0.0410409 0.00857892 0.155804 0.00758773 0.00229504 0.0109154 
0.848499 0.037408 0.0093339 0.0791231 0.00655963 0.00314171 0.0159348 
0.889597 0.0331682 0.0130144 0.0184273 0.00567426 0.00447769 0.0356411 
0.8317 0.0442353 0.0121447 0.0512199 0.0219911 0.00617061 0.0325389 
0.844261 0.0285024 0.0113543 0.066958 0.021336 0.00386527 0.0237231 
0.779414 0.055671 0.0100557 0.106165 0.0288805 0.00327503 0.0165391 
0.832265 0.0433211 0.0103723 0.0803285 0.0115455 0.00202091 0.0201465 
0.869668 0.0342987 0.0107703 0.0552562 0.00759216 0.00330216 0.0191121 
0.828125 0.0768205 0.0108081 0.0323585 0.00917781 0.012625 0.0300851 
0.824974 0.0825827 0.0121626 0.0146032 0.0118973 0.011877 0.0419035 
0.634817 0.0168386 0.0254411 0.205699 0.00255147 0.0026467 0.112007 
0.742068 0.0111467 0.0260831 0.0880514 0.00452232 0.00239393 0.125735 
0.71507 0.0100677 0.0313129 0.118791 0.00416355 0.00228585 0.118309 
0.743465 0.014142 0.0331183 0.107106 0.00275722 0.0013246 0.0980871 
0.749131 0.0129238 0.0154099 0.157851 0.00629201 0.00197449 0.0564178 
0.729743 0.0129462 0.0171422 0.152334 0.0098416 0.0018966 0.0760962 
0.790847 0.0187288 0.00933686 0.122644 0.020596 0.00173554 0.0361119 
0.719343 0.0148871 0.0256801 0.0922957 0.00451523 0.00408931 0.13919 
0.480719 0.00685688 0.0164589 0.446872 0.00572164 0.00137216 0.0419997 
0.721312 0.0107751 0.021834 0.172766 0.0069992 0.00185369 0.0644602 
0.647031 0.00721981 0.0180956 0.26135 0.00904869 0.00169223 0.0555623 
0.766356 0.0134182 0.0287958 0.0159956 0.00251146 0.00684443 0.166078 
0.75109 0.0154198 0.0281358 0.0344179 0.00389706 0.00611726 0.160922 
0.649745 0.0160362 0.0334825 0.152779 0.00175141 0.00328152 0.142925 
0.67503 0.013863 0.0329087 0.110293 0.00194735 0.00312633 0.162832 
0.683474 0.0118548 0.0362035 0.0520745 0.0020848 0.00539197 0.208916 
0.688094 0.0147476 0.0255221 0.145099 0.00368941 0.00428514 0.118563 
0.768828 0.0146624 0.0182458 0.138063 0.00549296 0.00250037 0.0522072 
0.772424 0.00969133 0.0195828 0.0988345 0.0167847 0.00376338 0.0789188 
0.66865 0.012624 0.01379 0.248925 0.0194674 0.00429257 0.0322516 
0.706153 0.0188743 0.0184158 0.193341 0.00593137 0.00748308 0.0498012 
0.630426 0.0211976 0.0201559 0.224622 0.00351351 0.0145625 0.0855227 
0.769919 0.0157846 0.0219312 0.104041 0.00349673 0.00987874 0.0749482 
0.831552 0.0121093 0.0281445 0.0114763 0.00651218 0.00860091 0.101605 
0.858739 0.0107479 0.0188328 0.0540729 0.0103288 0.00980629 0.0374723 
0.817204 0.0194002 0.0252847 0.0137655 0.00508699 0.0116428 0.107615 
0.793199 0.0210795 0.029778 0.0033025 0.00525224 0.0547366 0.0926521 
0.799571 0.0327341 0.0279403 0.00482073 0.0174192 0.0567517 0.0607634 
0.79119 0.0261744 0.0250211 0.0173287 0.0252825 0.0652066 0.0497969 
0.75522 0.0159602 0.0351348 0.0174005 0.00393002 0.0906996 0.0816549 
0.741295 0.0118808 0.0492318 0.00299329 0.0036932 0.0747063 0.1162 
0.857916 0.0204532 0.0278282 0.0156083 0.00630179 0.0419008 0.0299923 
0.808686 0.0321913 0.0280958 0.00593462 0.00895628 0.0798754 0.0362606 
0.724476 0.0229393 0.0375648 0.0031472 0.00930205 0.127293 0.0752771 
0.642195 0.0211188 0.0419236 0.00516566 0.0135935 0.183317 0.0926861 
0.726473 0.0131463 0.0520762 0.00594544 0.0190743 0.0516982 0.131587 
0.609609 0.0143462 0.0668348 0.00399829 0.0112149 0.0517658 0.242231 
0.766147 0.0129316 0.0491599 0.00670437 0.00935862 0.0285717 0.127127 
0.828751 0.0123631 0.0450316 0.00662236 0.00550257 0.0179064 0.0838231 
0.888301 0.0136881 0.0340365 0.00351617 0.00353627 0.0207614 0.036161 
0.594146 0.0696268 0.036059 0.00707567 0.0301987 0.226375 0.0365193 
0.736774 0.0420952 0.0431067 0.00756968 0.0182385 0.115962 0.0362532 
0.716856 0.0362967 0.0487537 0.00658906 0.0249462 0.103638 0.0629206 
0.644178 0.0252102 0.0694356 0.00659172 0.025428 0.108172 0.120985 
0.634817 0.0168386 0.0254411 0.205699 0.00255147 0.0026467 0.112007 
0.742068 0.0111467 0.0260831 0.0880514 0.00452232 0.00239393 0.125735 
0.71507 0.0100677 0.0313129 0.118791 0.00416355 0.00228585 0.118309 
0.743465 0.014142 0.0331183 0.107106 0.00275722 0.0013246 0.0980871 
0.749131 0.0129238 0.0154099 0.157851 0.00629201 0.00197449 0.0564178 
0.729743 0.0129462 0.0171422 0.152334 0.0098416 0.0018966 0.0760962 
0.790847 0.0187288 0.00933686 0.122644 0.020596 0.00173554 0.0361119 
0.719343 0.0148871 0.0256801 0.0922957 0.00451523 0.00408931 0.13919 
0.480719 0.00685688 0.0164589 0.446872 0.00572164 0.00137216 0.0419997 
0.721312 0.0107751 0.021834 0.172766 0.0069992 0.00185369 0.0644602 
0.647031 0.00721981 0.0180956 0.26135 0.00904869 0.00169223 0.0555623 
0.766356 0.0134182 0.0287958 0.0159956 0.00251146 0.00684443 0.166078 
0.75109 0.0154198 0.0281358 0.0344179 0.00389706 0.00611726 0.160922 
0.649745 0.0160362 0.0334825 0.152779 0.00175141 0.00328152 0.142925 
0.67503 0.013863 0.0329087 0.110293 0.00194735 0.00312633 0.162832 
0.683474 0.0118548 0.0362035 0.0520745 0.0020848 0.00539197 0.208916 
0.688094 0.0147476 0.0255221 0.145099 0.00368941 0.00428514 0.118563 
0.768828 0.0146624 0.0182458 0.138063 0.00549296 0.00250037 0.0522072 
0.772424 0.00969133 0.0195828 0.0988345 0.0167847 0.00376338 0.0789188 
0.66865 0.012624 0.01379 0.248925 0.0194674 0.00429257 0.0322516 
0.706153 0.0188743 0.0184158 0.193341 0.00593137 0.00748308 0.0498012 
0.630426 0.0211976 0.0201559 0.224622 0.00351351 0.0145625 0.0855227 
0.769919 0.0157846 0.0219312 0.104041 0.00349673 0.00987874 0.0749482 
0.831552 0.0121093 0.0281445 0.0114763 0.00651218 0.00860091 0.101605 
0.858739 0.0107479 0.0188328 0.0540729 0.0103288 0.00980629 0.0374723 
0.817204 0.0194002 0.0252847 0.0137655 0.00508699 0.0116428 0.107615 
0.793199 0.0210795 0.029778 0.0033025 0.00525224 0.0547366 0.0926521 
0.799571 0.0327341 0.0279403 0.00482073 0.0174192 0.0567517 0.0607634 
0.79119 0.0261744 0.0250211 0.0173287 0.0252825 0.0652066 0.0497969 
0.75522 0.0159602 0.0351348 0.0174005 0.00393002 0.0906996 0.0816549 
0.741295 0.0118808 0.0492318 0.00299329 0.0036932 0.0747063 0.1162 
0.857916 0.0204532 0.0278282 0.0156083 0.00630179 0.0419008 0.0299923 
0.808686 0.0321913 0.0280958 0.00593462 0.00895628 0.0798754 0.0362606 
0.724476 0.0229393 0.0375648 0.0031472 0.00930205 0.127293 0.0752771 
0.642195 0.0211188 0.0419236 0.00516566 0.0135935 0.183317 0.0926861 
0.726473 0.0131463 0.0520762 0.00594544 0.0190743 0.0516982 0.131587 
0.609609 0.0143462 0.0668348 0.00399829 0.0112149 0.0517658 0.242231 
0.766147 0.0129316 0.0491599 0.00670437 0.00935862 0.0285717 0.127127 
0.828751 0.0123631 0.0450316 0.00662236 0.00550257 0.0179064 0.0838231 
0.888301 0.0136881 0.0340365 0.00351617 0.00353627 0.0207614 0.036161 
0.594146 0.0696268 0.036059 0.00707567 0.0301987 0.226375 0.0365193 
0.736774 0.0420952 0.0431067 0.00756968 0.0182385 0.115962 0.0362532 
0.716856 0.0362967 0.0487537 0.00658906 0.0249462 0.103638 0.0629206 
0.644178 0.0252102 0.0694356 0.00659172 0.025428 0.108172 0.120985 
0.515162 0.0190609 0.00843891 0.439723 0.00463889 0.00251974 0.0104569 
0.541985 0.0146482 0.0134709 0.4109 0.00232317 0.00227683 0.0143964 
0.391779 0.0214088 0.00825468 0.564429 0.00236667 0.00228236 0.00947941 
0.544467 0.0179942 0.00936334 0.41208 0.00263815 0.00202664 0.0114305 
0.460741 0.0303684 0.0111325 0.482741 0.00187939 0.00241122 0.0107262 
0.538052 0.0213148 0.0113765 0.406412 0.00260475 0.00192842 0.0183109 
0.656731 0.0281173 0.00979501 0.276487 0.00574851 0.00200187 0.0211193 
0.680519 0.0249949 0.0122906 0.241973 0.00334252 0.00425065 0.0326301 
0.765499 0.0313872 0.0141199 0.0732412 0.00568365 0.012748 0.0973207 
0.764437 0.0289981 0.0137228 0.0879127 0.00392743 0.0158812 0.0851206 
0.784511 0.0240996 0.0155318 0.0378869 0.00391953 0.0193465 0.114705 
0.826279 0.0260467 0.0124251 0.0518826 0.00426585 0.0131853 0.0659159 
0.790908 0.0305684 0.0141962 0.0935911 0.00433782 0.00843043 0.0579685 
0.792439 0.0299778 0.0122791 0.0948807 0.00746783 0.0054673 0.0574888 
0.752826 0.0198583 0.0124539 0.175563 0.00687985 0.00270592 0.0297126 
0.794844 0.0241443 0.0116844 0.119427 0.00703637 0.00436453 0.0384993 
0.827769 0.0217945 0.0130349 0.059495 0.00739213 0.00820743 0.0623074 
0.780004 0.014554 0.0190406 0.127276 0.002638 0.00716886 0.0493182 
0.888821 0.0150682 0.0118413 0.036611 0.004889 0.00619971 0.0365698 
0.719339 0.0172116 0.0161373 0.196086 0.00311864 0.00665914 0.0414485 
0.747023 0.0183039 0.0148005 0.172769 0.00294314 0.00551433 0.0386467 
0.711568 0.0202575 0.0141928 0.206239 0.00323394 0.00525359 0.0392549 
0.759614 0.0198541 0.0143923 0.128229 0.00507868 0.00723503 0.0655969 
0.772517 0.0216552 0.00922529 0.151786 0.00782986 0.00833245 0.0286549 
0.772087 0.0313926 0.00914582 0.160597 0.00532019 0.00469698 0.0167603 
0.630486 0.0193218 0.0137566 0.297369 0.00328485 0.00386221 0.0319196 
0.771551 0.0241401 0.0119704 0.157679 0.00363323 0.00476152 0.026265 
0.753417 0.0268485 0.0109465 0.177996 0.0039234 0.0031649 0.0237039 
0.717593 0.0329999 0.00935148 0.209938 0.010477 0.00248927 0.0171507 
0.580042 0.0181631 0.00918712 0.357829 0.00988588 0.00280091 0.0220923 
0.577402 0.0151406 0.0129916 0.342772 0.00589157 0.00294834 0.0428536 
0.641743 0.0206901 0.0103478 0.295106 0.00770054 0.00263424 0.0217782 
0.713529 0.0202172 0.00926075 0.219333 0.0131932 0.00295225 0.0215146 
0.677075 0.0220687 0.0106706 0.24847 0.0102126 0.00316689 0.0283356 
0.665437 0.033662 0.00939707 0.247557 0.0216464 0.00375838 0.0185425 
0.595618 0.0247175 0.00959526 0.331439 0.0120601 0.00321729 0.0233525 
0.588057 0.0241201 0.00999437 0.320248 0.0189861 0.00403266 0.0345624 
0.438332 0.0149049 0.00831447 0.516582 0.00575284 0.00218949 0.0139243 
0.412811 0.0203366 0.0072898 0.527163 0.00961169 0.00302564 0.0197627 
0.459122 0.0146883 0.00873454 0.496012 0.00552289 0.00153062 0.0143896 
0.724217 0.0183194 0.0117034 0.213566 0.00878352 0.00168577 0.0217252 
0.782553 0.0195782 0.0104562 0.153274 0.00961699 0.00218999 0.0223317 
0.749724 0.0193986 0.0127079 0.193257 0.00707576 0.00108833 0.0167478 
0.70665 0.0259924 0.0098325 0.231095 0.00924707 0.00179347 0.0153903 
0.733353 0.0174482 0.0103116 0.181908 0.0227565 0.00300234 0.0312197 
0.753613 0.0202048 0.0100874 0.166453 0.0217304 0.00287936 0.0250321 
0.701826 0.0272726 0.0102774 0.203124 0.0222707 0.00303541 0.0321934 
0.684134 0.0260413 0.00981078 0.233761 0.0203625 0.00270041 0.02319 
0.690428 0.0159761 0.00899366 0.249807 0.013606 0.00244219 0.0187469 
0.698577 0.0230471 0.00796897 0.23922 0.0172457 0.0023022 0.0116387 
0.429907 0.019136 0.00936359 0.518094 0.00355833 0.00328349 0.0166583 
0.550955 0.0256609 0.0108146 0.391653 0.00267014 0.00242154 0.0158241 
0.691228 0.0297042 0.0108462 0.230661 0.00463529 0.00366613 0.0292596 
0.728685 0.0293293 0.0107288 0.200626 0.00481557 0.00263194 0.0231841 
0.49271 0.0207121 0.00859087 0.446764 0.00688021 0.00288143 0.0214614 
0.363795 0.0216159 0.00588412 0.584374 0.012527 0.00283491 0.00896939 
0.644956 0.0239099 0.00808437 0.290482 0.00945483 0.00464481 0.0184684 
0.609635 0.0228816 0.00849615 0.326444 0.0143003 0.00256489 0.0156774 
0.418018 0.0155624 0.00641191 0.532986 0.0127219 0.00194822 0.0123515 
0.60391 0.0192074 0.010504 0.303875 0.0151569 0.00455284 0.0427932 
0.417838 0.0181128 0.00830465 0.515166 0.0108137 0.00383862 0.025927 
0.480154 0.0223378 0.00918762 0.439581 0.0105584 0.00581524 0.0323666 
0.506414 0.0196407 0.0114083 0.378042 0.0161138 0.00697955 0.0614017 
0.515843 0.0218536 0.00971404 0.377967 0.0264349 0.00765938 0.0405278 
0.407224 0.0178463 0.00750798 0.529488 0.0133623 0.0030113 0.0215598 
0.434847 0.0115964 0.00855643 0.487613 0.0134458 0.00418373 0.0397571 
0.596695 0.0210017 0.0117613 0.305508 0.0100259 0.00619568 0.0488121 
0.461186 0.0213438 0.0122626 0.454294 0.00596915 0.00344036 0.0415044 
0.659402 0.0281918 0.0147166 0.26486 0.00279483 0.00435982 0.0256749 
0.577237 0.0213232 0.0094316 0.36515 0.00990044 0.00329352 0.0136641 
0.679868 0.024942 0.0100293 0.256831 0.00608267 0.00452041 0.017727 
0.491211 0.0382686 0.00837241 0.435197 0.0113362 0.00430062 0.0113144 
0.36492 0.0309433 0.00948718 0.569309 0.0043399 0.00459166 0.0164094 
0.368274 0.0277345 0.0103404 0.578837 0.00256421 0.00268643 0.00956406 
0.278645 0.0235705 0.00845219 0.679282 0.00278528 0.00128131 0.00598394 
0.456441 0.0551701 0.0111166 0.455451 0.00728743 0.0033899 0.0111432 
0.678623 0.0318429 0.0090429 0.246627 0.0202409 0.00222765 0.0113961 
0.637178 0.0293009 0.00870408 0.296148 0.0188765 0.0013383 0.00845391 
0.701828 0.0552175 0.010928 0.205026 0.0138425 0.00160025 0.0115578 
0.789905 0.0412865 0.0117181 0.133928 0.00748458 0.00149262 0.0141855 
0.786426 0.0752248 0.0133227 0.098012 0.00528401 0.00169155 0.0200387 
0.757308 0.0478249 0.0121962 0.153962 0.00584542 0.00173296 0.0211306 
0.748535 0.0297982 0.0109742 0.191156 0.0061271 0.00170337 0.0117063 
0.675224 0.0379125 0.0117788 0.247186 0.00742605 0.00241882 0.0180536 
0.724652 0.0371274 0.0132307 0.195259 0.00626461 0.0018289 0.0216375 
0.750517 0.0421005 0.0123141 0.163489 0.00949764 0.00191955 0.0201619 
0.775883 0.037359 0.0121032 0.139175 0.012371 0.00193341 0.0211755 
0.710377 0.0151484 0.0187458 0.222513 0.00351157 0.00107053 0.0286333 
0.80752 0.0286454 0.0170773 0.0901933 0.00471198 0.00167403 0.0501783 
0.75809 0.0359066 0.0139913 0.162888 0.00459223 0.00212714 0.0224054 
0.78181 0.0287098 0.0136742 0.139173 0.00648564 0.00201611 0.028131 
0.70086 0.0193403 0.0194309 0.210306 0.00392462 0.00151312 0.0446254 
0.525918 0.0261643 0.0102352 0.410716 0.0142817 0.00105397 0.0116309 
0.769164 0.0213068 0.013503 0.166807 0.00864895 0.00140944 0.0191609 
0.715585 0.0131707 0.0110853 0.226694 0.0194938 0.00101262 0.0129585 
0.675695 0.0182258 0.0101205 0.274102 0.0130706 9.86636E-4 0.00779972 
0.697657 0.0170314 0.013996 0.255215 0.00590056 9.87458E-4 0.00921328 
0.734769 0.029144 0.0110623 0.199524 0.0107491 0.00119471 0.0135572 
0.869272 0.0271411 0.0158975 0.0702914 0.00333608 0.00163379 0.0124278 
0.796757 0.0406382 0.0125079 0.128008 0.00384018 0.00337076 0.0148776 
0.801969 0.0387749 0.00997988 0.119784 0.0126099 0.00328138 0.0136011 
0.631084 0.0299315 0.00905008 0.312062 0.00559953 0.00147614 0.0107965 
0.744058 0.0546256 0.0102322 0.169931 0.00558277 0.00232449 0.0132455 
0.753271 0.0241542 0.0100916 0.189879 0.00730046 0.0013313 0.0139727 
0.791394 0.0272743 0.00857223 0.144557 0.0143131 0.00177606 0.0121131 
0.627249 0.0408646 0.00951594 0.299349 0.00705153 0.00349942 0.0124709 
0.781634 0.0369 0.00831935 0.15128 0.0100308 0.00210786 0.00972762 
0.772062 0.0333223 0.00883371 0.157276 0.00910904 0.00257234 0.016824 
0.753064 0.025547 0.00818838 0.18521 0.0134137 0.00253986 0.0120374 
0.747423 0.024488 0.00785232 0.187959 0.0155556 0.0031074 0.013614 
0.846402 0.0308099 0.00810136 0.0723033 0.018546 0.00429339 0.0195438 
0.844913 0.0237385 0.00949698 0.0721984 0.0152972 0.00406614 0.0302894 
0.864539 0.0269732 0.00829045 0.0692684 0.0104763 0.00300067 0.0174525 
0.804263 0.0389951 0.0084053 0.098867 0.0301159 0.00453382 0.0148196 
0.774621 0.0342929 0.00839313 0.145275 0.0171467 0.00347149 0.0167996 
0.71923 0.0303171 0.0129295 0.205303 0.00482705 0.00176843 0.0256248 
0.770219 0.0241961 0.0150838 0.150137 0.00366065 0.00159822 0.0351052 
0.753259 0.0251712 0.019724 0.141337 0.00253631 0.00192345 0.0560493 
0.764485 0.0195994 0.0188498 0.139405 0.00304839 0.00185229 0.0527604 
0.726134 0.0204522 0.0181908 0.154987 0.00579751 0.00207079 0.0723682 
0.715665 0.0210855 0.0212782 0.188333 0.00243465 0.00132012 0.0498841 
0.692879 0.0130463 0.0156788 0.220986 0.0054514 0.00138464 0.0505735 
0.752344 0.0134026 0.0155086 0.176894 0.00432192 0.00116988 0.0363589 
0.67709 0.0113367 0.0186907 0.223151 0.00470597 0.00164331 0.063382 
0.680824 0.0197947 0.0148204 0.222852 0.00474552 0.00151773 0.0554449 
0.422651 0.0107059 0.0124082 0.529116 0.00398411 8.20569E-4 0.0203141 
0.529078 0.0120207 0.0208299 0.398494 0.00278369 8.42412E-4 0.0359515 
0.477821 0.0137577 0.0240208 0.468163 0.0012702 7.94151E-4 0.0141728 
0.556065 0.016349 0.0173365 0.358778 0.0021641 0.001993 0.0473142 
0.782108 0.0196452 0.023237 0.071205 0.00167573 0.00524691 0.0968824 
0.843289 0.0205052 0.020803 0.0341425 0.00173097 0.00545093 0.0740779 
0.675695 0.0202801 0.023494 0.126514 0.00271186 0.00626337 0.145041 
0.730976 0.0148787 0.0264905 0.169309 0.00162051 0.00222777 0.0544976 
0.682451 0.0156428 0.0118884 0.241595 0.00785776 0.00186186 0.0387026 
0.625506 0.0212442 0.0154177 0.304698 0.00303311 0.00199793 0.0281032 
0.55826 0.0189498 0.0161293 0.327534 0.00366841 0.00143294 0.0740256 
0.635953 0.0195096 0.0118492 0.283154 0.00613294 0.00179404 0.0416075 
0.729021 0.0225421 0.0143372 0.156588 0.005539 0.00228008 0.0696932 
0.757821 0.0147154 0.0155215 0.155731 0.00506816 0.0029836 0.0481592 
0.608837 0.011406 0.0155995 0.330214 0.0041065 0.00121622 0.028621 
0.801328 0.0271917 0.015056 0.0866006 0.00421458 0.006125 0.0594838 
0.871442 0.0210129 0.0160063 0.0221857 0.00357924 0.00432576 0.0614485 
0.853946 0.018507 0.0173934 0.0412663 0.00248561 0.00463589 0.0617658 
0.804466 0.0235597 0.0123355 0.121466 0.00450935 0.00375529 0.0299082 
0.760716 0.0187845 0.0129382 0.174637 0.00398547 0.00315768 0.025782 
0.79653 0.0178155 0.0174024 0.070344 0.0043651 0.0033853 0.0901581 
0.64038 0.0210018 0.00960648 0.28849 0.00966778 0.00269539 0.0281588 
0.825906 0.0119266 0.0184876 0.101611 0.00841592 0.00225394 0.0313995 
0.733219 0.0634558 0.0246611 0.00157762 0.00832104 0.016591 0.152175 
0.293229 0.234505 0.0365677 0.00446342 0.0182384 0.0299444 0.383052 
0.76849 0.0943917 0.0193427 0.00378323 0.0032663 0.0591151 0.0516111 
0.903562 0.0275264 0.0196565 0.0215087 0.00340842 0.00571984 0.0186182 
0.907445 0.0324373 0.0136166 0.0262404 0.00786518 0.00239452 0.0100011 
0.778181 0.0218556 0.0103903 0.159582 0.0146992 0.00391621 0.0113753 
0.840902 0.0387568 0.00925271 0.0420256 0.0398182 0.00392361 0.0253207 
0.841745 0.025867 0.0145731 0.0568226 0.0142009 0.0021505 0.044641 
0.846375 0.0146485 0.0212011 0.0178332 0.0274203 0.00320466 0.0693177 
0.831642 0.0123631 0.0277133 0.0292093 0.0222188 0.00455251 0.0723014 
0.809248 0.026631 0.0153153 0.0475128 0.0245155 0.00588309 0.0708946 
0.771574 0.0390779 0.0133733 0.0369125 0.0575662 0.0080036 0.0734926 
0.876808 0.0220035 0.0158393 0.024833 0.00483024 0.0101596 0.0455267 
0.899333 0.02614 0.00919207 0.0222474 0.015039 0.00676603 0.0212824 
0.903382 0.0347015 0.0130874 0.0191859 0.00514604 0.00331703 0.02118 
0.339159 0.026254 0.0185589 0.593677 0.00106851 0.00509545 0.0161869 
0.402956 0.0254083 0.0148074 0.534575 0.00157959 0.00412047 0.0165528 
0.245763 0.0154445 0.00789569 0.707544 0.00250986 0.00269036 0.0181528 
0.288834 0.0161803 0.0106917 0.659522 0.00204487 0.00259054 0.0201361 
0.576025 0.0184503 0.0179875 0.346625 0.00236328 0.00290513 0.0356441 
0.594435 0.0196917 0.0108307 0.353595 0.00509862 0.00181365 0.0145348 
0.636348 0.0169206 0.0133283 0.303354 0.00371953 0.00402784 0.0223017 
0.377533 0.0143048 0.0187557 0.572394 0.00118629 0.00298621 0.0128401 
0.614378 0.0182828 0.0113611 0.332588 0.00480807 0.00273735 0.015845 
0.408013 0.0217876 0.0152444 0.523165 0.00182642 0.00503398 0.0249294 
0.459641 0.0285468 0.0116814 0.460347 0.00322327 0.00765937 0.0289013 
0.449774 0.0372911 0.0091485 0.476228 0.00506772 0.00645114 0.016039 
0.540823 0.0277285 0.0112871 0.386148 0.00409367 0.00750076 0.0224196 
0.786141 0.0250945 0.0103687 0.144943 0.00909553 0.00473666 0.0196202 
0.894288 0.0191365 0.0144472 0.0329639 0.00467692 0.00399901 0.0304882 
0.842388 0.0305076 0.0128474 0.0224275 0.00834991 0.0120453 0.0714346 
0.854854 0.0361258 0.0105195 0.044598 0.0102752 0.0109429 0.032685 
0.835727 0.0353616 0.00963413 0.084299 0.0122753 0.00652645 0.016176 
0.847273 0.0401072 0.00945253 0.0669741 0.0161599 0.00535865 0.0146742 
0.846322 0.0485632 0.011612 0.0562247 0.006518 0.0110211 0.019739 
0.868804 0.0202001 0.0287648 0.00776056 0.00340698 0.0492021 0.0218617 
0.646609 0.110955 0.0540853 0.00242145 0.0110108 0.156516 0.0184026 
0.809137 0.0211774 0.0532668 0.00197656 0.00587463 0.0944166 0.0141507 
0.8375 0.0299924 0.028752 0.00299817 0.0105056 0.0664037 0.0238479 
0.83626 0.0274845 0.0368587 0.0069809 0.00986492 0.0621994 0.0203518 
0.875924 0.0257937 0.0323435 0.00917385 0.007737 0.035365 0.0136627 
0.843563 0.0218514 0.0204853 0.0657301 0.016362 0.0150125 0.016996 
0.709018 0.023317 0.0190814 0.139875 0.0637184 0.0206267 0.0243633 
0.810393 0.0406376 0.020443 0.0268977 0.0599709 0.0229432 0.0187143 
0.88113 0.0220371 0.0246803 0.0109884 0.0113528 0.0247155 0.0250958 
0.862619 0.0186983 0.0259348 0.0182336 0.0164679 0.0266067 0.0314401 
0.882736 0.024313 0.015804 0.0285076 0.0198719 0.0088091 0.0199583 
0.883229 0.0222331 0.0172532 0.0436732 0.0100982 0.0081741 0.0153394 
0.878123 0.0133281 0.0258132 0.0132372 0.00908643 0.0113286 0.0490837 
0.865756 0.0313936 0.014856 0.0333069 0.0231259 0.0143862 0.0171754 
0.878975 0.0156996 0.0197481 0.0451881 0.0111902 0.00849532 0.0207041 
0.825744 0.019459 0.0201376 0.0646785 0.0267063 0.0134722 0.0298029 
0.844992 0.0172111 0.0231002 0.0674067 0.00810958 0.0120908 0.02709 
0.868074 0.0186591 0.017931 0.0533761 0.0170697 0.00972081 0.0151695 
0.835295 0.0102589 0.0226636 0.0599605 0.0408523 0.0085123 0.0224577 
0.772292 0.0103514 0.0228714 0.134141 0.0150608 0.0119424 0.0333414 
0.885574 0.0146368 0.0188519 0.0424195 0.0103402 0.00753281 0.0206449 
0.880618 0.0179813 0.0169702 0.0424575 0.00957104 0.014764 0.0176379 
0.851764 0.0218596 0.0136047 0.0691923 0.00793779 0.0140345 0.0216074 
0.862597 0.021497 0.0103733 0.0752595 0.00830246 0.00797782 0.0139932 
0.790159 0.0156319 0.0193864 0.141811 0.00314586 0.00648101 0.0233854 
0.718485 0.0142729 0.0231505 0.18328 0.00672732 0.00466499 0.0494194 
0.725878 0.012094 0.0241794 0.192329 0.00683065 0.00408163 0.0346069 
0.765766 0.014874 0.0266307 0.137934 0.00620842 0.00784551 0.0407421 
0.836827 0.0110273 0.0312385 0.056169 0.00501772 0.00644043 0.0532802 
0.803479 0.0147885 0.0198358 0.10417 0.00697153 0.0123875 0.0383675 
0.787777 0.0114974 0.0264274 0.112143 0.00632471 0.00684211 0.0489883 
0.775401 0.00918429 0.0248215 0.155053 0.00846733 0.00633956 0.0207331 
0.57563 0.00882629 0.0246638 0.351103 0.00656761 0.0078098 0.0254 
0.715927 0.0104824 0.0184144 0.224371 0.0103518 0.00597493 0.0144782 
0.747213 0.0102169 0.0217042 0.167726 0.0121265 0.00693777 0.0340755 
0.789121 0.0115693 0.0212281 0.12204 0.0107561 0.0086918 0.0365933 
0.792759 0.0107079 0.0244257 0.106478 0.00672487 0.0140828 0.0448221 
0.771855 0.0109897 0.0275956 0.106771 0.00702083 0.0135224 0.0622456 
0.7766 0.0117221 0.0267872 0.0876324 0.00834187 0.0164121 0.072504 
0.75092 0.00991719 0.0313457 0.114414 0.00614311 0.0121627 0.0750967 
0.698854 0.0157157 0.0195102 0.197948 0.0109719 0.0123858 0.0446151 
0.67204 0.0130401 0.0177069 0.255981 0.00889612 0.00687659 0.025459 
0.687052 0.0161733 0.0159495 0.2372 0.00948061 0.00700288 0.0271413 
0.740978 0.0175176 0.0139966 0.176662 0.0139344 0.00778673 0.0291247 
0.697093 0.0141915 0.0158846 0.235322 0.00910295 0.00473591 0.0236701 
0.714336 0.0121358 0.016227 0.223605 0.00878899 0.00502748 0.0198803 
0.771381 0.0133591 0.0161383 0.149968 0.0119792 0.0110598 0.0261142 
0.70433 0.0111942 0.0273656 0.196869 0.00532359 0.0105577 0.0443599 
0.755723 0.0116405 0.0253481 0.148014 0.00620291 0.0130097 0.0400619 
0.614906 0.010446 0.0247079 0.276704 0.0112302 0.01012 0.0518851 
0.592918 0.0380444 0.00827876 0.332508 0.0161275 0.00382368 0.00829918 
0.594485 0.0539676 0.00927728 0.299613 0.0247947 0.00647205 0.0113909 
0.677005 0.0402084 0.00861963 0.219044 0.0393998 0.00469232 0.0110313 
0.679479 0.0409502 0.0107186 0.24068 0.01315 0.00164622 0.0133756 
0.746203 0.0368091 0.00995734 0.177905 0.0154808 0.00161127 0.012033 
0.77864 0.052167 0.0112751 0.122713 0.0151364 0.00216818 0.0179008 
0.778877 0.0317841 0.011135 0.134225 0.0152777 0.00196028 0.0267404 
0.699344 0.028853 0.00938112 0.229293 0.0179963 0.00177338 0.0133593 
0.754896 0.0462916 0.0103791 0.143627 0.0180967 0.00352733 0.023183 
0.744754 0.0300364 0.00996764 0.178713 0.0173116 0.00303438 0.016183 
0.740541 0.0279181 0.0112856 0.181977 0.0088536 0.00321428 0.0262109 
0.65238 0.0257981 0.00981514 0.285551 0.0107619 0.00228827 0.0134053 
0.562768 0.0218983 0.00914256 0.38928 0.00788495 0.00134735 0.00767871 
0.560421 0.0220631 0.00921054 0.387335 0.00990997 0.00101815 0.0100428 
0.632102 0.0303901 0.00999363 0.305678 0.00895646 0.00138884 0.0114907 
0.752552 0.0279995 0.00942804 0.178575 0.014191 0.00227923 0.0149749 
0.774433 0.0302444 0.00945012 0.123738 0.0350973 0.00455949 0.0224773 
0.705328 0.0412461 0.00865537 0.210681 0.021013 0.00208869 0.0109878 
0.725443 0.0423374 0.00939021 0.191564 0.0144886 0.00294032 0.0138365 
0.803089 0.042172 0.00984996 0.108346 0.0175952 0.0024041 0.0165432 
0.763345 0.0520857 0.0103819 0.134972 0.0186625 0.00323094 0.017322 
0.715482 0.0502568 0.00952295 0.1921 0.0185189 0.00280866 0.0113113 
0.739101 0.0308585 0.00982258 0.181974 0.023016 0.00215718 0.0130708 
0.841317 0.0317509 0.0113127 0.0643074 0.0203213 0.00282226 0.0281686 
0.859163 0.0289294 0.0120671 0.0589504 0.00878038 0.00267434 0.0294356 
0.846672 0.0400494 0.0124809 0.0575941 0.012576 0.00285261 0.0277753 
0.82756 0.042575 0.0112873 0.0768561 0.0169014 0.00272849 0.0220918 
0.814631 0.0381409 0.0138914 0.0930617 0.00814145 0.00212946 0.0300046 
0.817486 0.045659 0.0142038 0.0738473 0.00810271 0.00195421 0.0387472 
0.82781 0.0507333 0.0133499 0.0742261 0.00634272 0.00193141 0.025607 
0.763114 0.0597011 0.0106201 0.119541 0.020262 0.00320804 0.0235537 
0.78654 0.0426367 0.0110501 0.12712 0.0122709 0.0023142 0.0180684 
0.708539 0.0604989 0.00999719 0.184808 0.0182558 0.00264518 0.0152563 
0.783026 0.0370511 0.00819687 0.105996 0.0470614 0.00318765 0.015481 
0.791306 0.0350066 0.00978704 0.127089 0.0209263 0.00262891 0.0132564 
0.766758 0.0292195 0.00825065 0.128708 0.0513378 0.00209101 0.013635 
0.748492 0.0271628 0.00798072 0.173935 0.0301347 0.00291071 0.00938433 
0.647026 0.0289563 0.00873508 0.274249 0.0257813 0.00258485 0.0126675 
0.701175 0.0207682 0.00905707 0.219664 0.029608 0.00324186 0.0164856 
0.787742 0.0224409 0.00963988 0.135911 0.0226203 0.0031483 0.0184976 
0.811995 0.034513 0.00881417 0.0931825 0.028937 0.00448376 0.018075 
0.67019 0.0288048 0.00845401 0.250183 0.0248075 0.00396858 0.0135923 
0.799175 0.0321715 0.00928002 0.11345 0.0197994 0.00728455 0.0188396 
0.79151 0.0525942 0.00935187 0.0835783 0.0331239 0.0064491 0.0233932 
0.826682 0.0313801 0.00957693 0.0838998 0.0191174 0.00470744 0.0246363 
0.763052 0.0440519 0.00912348 0.131139 0.0301331 0.00365322 0.0188476 
0.666906 0.0325102 0.00953747 0.262398 0.00990294 0.00406295 0.014683 
0.625683 0.0491727 0.00944464 0.269115 0.0292245 0.00317858 0.0141816 
0.566514 0.0502978 0.00879798 0.34681 0.0140864 0.00240381 0.0110893 
0.529775 0.0455748 0.00836009 0.383092 0.0197209 0.00320713 0.0102697 
0.612468 0.0283935 0.00937166 0.312529 0.0220339 0.00290853 0.0122959 
0.65646 0.0189073 0.00996399 0.274414 0.0250292 0.00224394 0.0129817 
0.665302 0.0250299 0.0104444 0.260594 0.0166945 0.00243872 0.0194972 
0.600932 0.0265833 0.00886639 0.305034 0.0431475 0.00370565 0.0117311 
0.629114 0.0267127 0.00886249 0.281756 0.0332042 0.00336031 0.0169908 
0.689637 0.0334531 0.00852977 0.221267 0.0316404 0.00333291 0.012139 
0.72701 0.0396153 0.00892692 0.188728 0.0205128 0.00246998 0.0127369 
0.690844 0.0213431 0.00932328 0.233511 0.0278189 0.00236642 0.0147926 
0.586471 0.0293166 0.009047 0.347101 0.014687 0.0022486 0.011129 
0.65159 0.0223895 0.00876647 0.266576 0.0305157 0.00324049 0.0169227 
0.765988 0.0315258 0.00949931 0.13059 0.0393054 0.00426381 0.018827 
0.5266 0.0279477 0.00828465 0.406422 0.0176707 0.00247878 0.0105958 
0.64306 0.0306566 0.00844877 0.289674 0.01798 0.00217723 0.00800337 
0.609633 0.0409249 0.00865506 0.32042 0.00914738 0.00193314 0.0092869 
0.769403 0.0478089 0.00884925 0.136629 0.020714 0.00424344 0.0123523 
0.69561 0.0434344 0.008235 0.21518 0.0245171 0.00339065 0.00963317 
0.557796 0.0171058 0.00851457 0.391032 0.0137497 0.00156289 0.0102386 
0.710642 0.0303504 0.00849936 0.218556 0.021434 0.00177307 0.00874505 
0.724296 0.024523 0.00942822 0.2022 0.0217972 0.00257516 0.0151803 
0.750008 0.0259126 0.009865 0.180845 0.0143915 0.00297754 0.0160004 
0.713756 0.0199932 0.00963741 0.218401 0.0161118 0.00323086 0.0188702 
0.507611 0.0114837 0.0275264 0.282016 0.151065 0.00172536 0.0185729 
0.715927 0.0132937 0.0351957 0.101474 0.0989917 0.00188499 0.0332335 
0.72698 0.0125059 0.0330551 0.115155 0.0687643 0.00281597 0.0407237 
0.799106 0.0143816 0.0290426 0.0684377 0.035639 0.00381605 0.0495767 
0.777887 0.0295219 0.0192877 0.0947042 0.0529261 0.002489 0.0231838 
0.793482 0.0208966 0.0248207 0.068223 0.0398581 0.00299811 0.0497217 
0.783724 0.0242302 0.0235724 0.0672392 0.0349453 0.0034936 0.0627951 
0.775197 0.021299 0.0247589 0.0754648 0.0230222 0.00321008 0.0770478 
0.79465 0.0281467 0.019546 0.0732801 0.0288211 0.00340996 0.0521465 
0.721299 0.0203939 0.0276779 0.0937471 0.030616 0.00394801 0.102318 
0.723392 0.0195758 0.0295346 0.0668653 0.0248177 0.00378146 0.132033 
0.744273 0.0196214 0.0334274 0.0279808 0.0187539 0.00578833 0.150155 
0.768731 0.0267363 0.0279991 0.0211943 0.0156022 0.00802006 0.131718 
0.755044 0.0193104 0.0343393 0.0310287 0.015879 0.00450264 0.139896 
0.764975 0.0246651 0.031603 0.0240669 0.0132164 0.00830095 0.133172 
0.786317 0.0302343 0.028296 0.0319825 0.0156529 0.00699252 0.100524 
0.780306 0.0221228 0.0298949 0.0549488 0.0271244 0.00558289 0.0800207 
0.773954 0.0196531 0.0351176 0.0343122 0.018596 0.00380768 0.11456 
0.802557 0.0262007 0.023412 0.0572778 0.0192102 0.00438041 0.0669615 
0.780725 0.0191761 0.0238302 0.084434 0.0263544 0.0041098 0.0613707 
0.805549 0.0321294 0.0193223 0.0722049 0.0184418 0.0031002 0.0492525 
0.797086 0.0264076 0.0285467 0.042112 0.00905093 0.00384314 0.0929532 
0.770791 0.0233861 0.0309626 0.0628846 0.0228904 0.00604748 0.0830377 
0.790624 0.0155731 0.0262375 0.0652873 0.0369203 0.00338095 0.061977 
0.785572 0.0201154 0.0251932 0.0666113 0.028922 0.00462806 0.0689579 
0.793694 0.0162681 0.0202663 0.0773339 0.0427773 0.00429656 0.0453641 
0.818635 0.0212511 0.0216328 0.0522296 0.0222373 0.00678856 0.0572257 
0.803042 0.021056 0.0283661 0.0374094 0.0245068 0.00530955 0.0803105 
0.80285 0.0182255 0.0289883 0.0406115 0.0263537 0.00551629 0.077455 
0.689138 0.0116799 0.0357179 0.0661816 0.0139915 0.00386981 0.179421 
0.623142 0.013757 0.032256 0.0952377 0.0199601 0.00533027 0.210316 
0.74293 0.0137038 0.0229954 0.0921166 0.0153489 0.00364241 0.109263 
0.77215 0.0151186 0.0209762 0.0713008 0.0237705 0.00456563 0.0921182 
0.684703 0.0151586 0.0221402 0.174744 0.0192738 0.00262528 0.0813548 
0.722271 0.0178699 0.0198858 0.137345 0.0239685 0.00337908 0.0752804 
0.708028 0.010933 0.0236842 0.120618 0.0365134 0.00349734 0.0967259 
0.656568 0.00960279 0.0298923 0.16073 0.0156132 0.00226738 0.125326 
0.669945 0.0111947 0.0339631 0.0810219 0.0220455 0.00398944 0.177841 
0.729995 0.0105237 0.0267012 0.0772732 0.0310043 0.00334067 0.121161 
0.770708 0.0117272 0.0249523 0.0624565 0.0299495 0.00256068 0.0976461 
0.72607 0.0150888 0.0211339 0.124615 0.0285594 0.00415333 0.0803798 
0.679661 0.0132361 0.0234253 0.138669 0.0234522 0.00311427 0.118442 
0.725961 0.0096805 0.030143 0.0661744 0.0278159 0.00354703 0.136678 
0.689138 0.0116799 0.0357179 0.0661816 0.0139915 0.00386981 0.179421 
0.623142 0.013757 0.032256 0.0952377 0.0199601 0.00533027 0.210316 
0.74293 0.0137038 0.0229954 0.0921166 0.0153489 0.00364241 0.109263 
0.77215 0.0151186 0.0209762 0.0713008 0.0237705 0.00456563 0.0921182 
0.684703 0.0151586 0.0221402 0.174744 0.0192738 0.00262528 0.0813548 
0.722271 0.0178699 0.0198858 0.137345 0.0239685 0.00337908 0.0752804 
0.708028 0.010933 0.0236842 0.120618 0.0365134 0.00349734 0.0967259 
0.656568 0.00960279 0.0298923 0.16073 0.0156132 0.00226738 0.125326 
0.669945 0.0111947 0.0339631 0.0810219 0.0220455 0.00398944 0.177841 
0.729995 0.0105237 0.0267012 0.0772732 0.0310043 0.00334067 0.121161 
0.770708 0.0117272 0.0249523 0.0624565 0.0299495 0.00256068 0.0976461 
0.72607 0.0150888 0.0211339 0.124615 0.0285594 0.00415333 0.0803798 
0.679661 0.0132361 0.0234253 0.138669 0.0234522 0.00311427 0.118442 
0.725961 0.0096805 0.030143 0.0661744 0.0278159 0.00354703 0.136678 
0.794345 0.0318279 0.0232645 0.0796826 0.0203496 0.00436988 0.0461606 
0.808984 0.027786 0.0201459 0.0757169 0.0282224 0.00631301 0.0328314 
0.838559 0.0256846 0.0255975 0.0288054 0.0117268 0.00839383 0.061233 
0.805215 0.0261744 0.030982 0.0340894 0.00879702 0.0102364 0.0845057 
0.825015 0.0353417 0.0262356 0.0283098 0.00617049 0.0147964 0.0641309 
0.794769 0.0215588 0.0376919 0.0771821 0.00390268 0.00977489 0.0551209 
0.768436 0.0252543 0.0352916 0.0580642 0.00589484 0.0158265 0.0912322 
0.819699 0.0342641 0.0254635 0.0411078 0.005868 0.016712 0.0568851 
0.788096 0.019615 0.0336821 0.0533112 0.0119388 0.010054 0.0833028 
0.812188 0.0236648 0.0322405 0.0209749 0.0083277 0.0136416 0.088962 
0.816848 0.0256337 0.0270263 0.0277269 0.0191915 0.0116318 0.0719416 
0.801267 0.0253945 0.0294307 0.0400985 0.0120516 0.0171711 0.0745866 
0.779623 0.0223429 0.0291552 0.0526422 0.0223018 0.0144104 0.0795241 
0.727414 0.0238217 0.0292976 0.0760555 0.0225721 0.0112705 0.109569 
0.818841 0.0263653 0.0248365 0.0414003 0.0168874 0.00782904 0.0638403 
0.689138 0.0116799 0.0357179 0.0661816 0.0139915 0.00386981 0.179421 
0.623142 0.013757 0.032256 0.0952377 0.0199601 0.00533027 0.210316 
0.74293 0.0137038 0.0229954 0.0921166 0.0153489 0.00364241 0.109263 
0.77215 0.0151186 0.0209762 0.0713008 0.0237705 0.00456563 0.0921182 
0.684703 0.0151586 0.0221402 0.174744 0.0192738 0.00262528 0.0813548 
0.722271 0.0178699 0.0198858 0.137345 0.0239685 0.00337908 0.0752804 
0.708028 0.010933 0.0236842 0.120618 0.0365134 0.00349734 0.0967259 
0.656568 0.00960279 0.0298923 0.16073 0.0156132 0.00226738 0.125326 
0.669945 0.0111947 0.0339631 0.0810219 0.0220455 0.00398944 0.177841 
0.729995 0.0105237 0.0267012 0.0772732 0.0310043 0.00334067 0.121161 
0.770708 0.0117272 0.0249523 0.0624565 0.0299495 0.00256068 0.0976461 
0.72607 0.0150888 0.0211339 0.124615 0.0285594 0.00415333 0.0803798 
0.679661 0.0132361 0.0234253 0.138669 0.0234522 0.00311427 0.118442 
0.725961 0.0096805 0.030143 0.0661744 0.0278159 0.00354703 0.136678 
0.753577 0.0242726 0.0228931 0.0879944 0.0264838 0.00697262 0.0778063 
0.736538 0.0206556 0.0271456 0.0938672 0.0238804 0.00711398 0.0907991 
0.73136 0.0190728 0.0209594 0.119604 0.0397727 0.00615983 0.0630718 
0.748919 0.0197014 0.0202583 0.0962693 0.0609666 0.00456461 0.0493203 
0.668436 0.0223336 0.0209144 0.14866 0.0762418 0.00623773 0.0571762 
0.708918 0.0192342 0.0181043 0.149904 0.0393272 0.00462823 0.0598842 
0.757586 0.0370202 0.0150513 0.137311 0.0151084 0.00539886 0.032524 
0.754995 0.0265314 0.0150582 0.114796 0.044203 0.0058636 0.0385527 
0.731928 0.0196459 0.0167969 0.121723 0.0586191 0.0056549 0.0456322 
0.770707 0.0210423 0.0187816 0.0913754 0.0268641 0.00494964 0.0662799 
0.74697 0.0263597 0.0185987 0.0978775 0.0469756 0.00662264 0.0565963 
0.677427 0.0350105 0.0189393 0.0380952 0.151699 0.0129325 0.0658964 
0.760983 0.038793 0.0230349 0.0236498 0.0432192 0.0101289 0.100191 
0.784624 0.0472826 0.0162038 0.0482416 0.0485965 0.00727293 0.0477786 
0.82559 0.0282374 0.0172331 0.0528689 0.026271 0.00420828 0.0455915 
0.794095 0.0251514 0.0158925 0.0733869 0.0493468 0.0048726 0.0372545 
0.740421 0.0397088 0.0179613 0.0993476 0.0632818 0.00703706 0.0322431 
0.768035 0.023649 0.0216507 0.0572844 0.0412577 0.00698027 0.081143 
0.740659 0.0233138 0.0169494 0.108458 0.0579162 0.00587962 0.0468237 
0.718219 0.0227562 0.0147821 0.147954 0.0624222 0.00465135 0.0292159 
0.755709 0.0318767 0.0211219 0.104281 0.0148299 0.00452812 0.0676527 
0.731629 0.0434752 0.0176997 0.0940849 0.0604228 0.00960463 0.043084 
0.773024 0.0428497 0.0172813 0.0874341 0.0287031 0.00919287 0.0415145 
0.700973 0.0353451 0.017 0.08784 0.111847 0.010011 0.0369844 
0.673645 0.0297805 0.0211039 0.171912 0.0388415 0.00792153 0.0567958 
0.720451 0.0302665 0.0181546 0.121913 0.0506912 0.00755019 0.0509736 
0.662541 0.0287353 0.0157226 0.209529 0.0409727 0.0068462 0.0356527 
0.666066 0.0213218 0.01777 0.185629 0.0611607 0.00675785 0.041295 
0.689138 0.0116799 0.0357179 0.0661816 0.0139915 0.00386981 0.179421 
0.623142 0.013757 0.032256 0.0952377 0.0199601 0.00533027 0.210316 
0.74293 0.0137038 0.0229954 0.0921166 0.0153489 0.00364241 0.109263 
0.77215 0.0151186 0.0209762 0.0713008 0.0237705 0.00456563 0.0921182 
0.684703 0.0151586 0.0221402 0.174744 0.0192738 0.00262528 0.0813548 
0.722271 0.0178699 0.0198858 0.137345 0.0239685 0.00337908 0.0752804 
0.708028 0.010933 0.0236842 0.120618 0.0365134 0.00349734 0.0967259 
0.656568 0.00960279 0.0298923 0.16073 0.0156132 0.00226738 0.125326 
0.669945 0.0111947 0.0339631 0.0810219 0.0220455 0.00398944 0.177841 
0.729995 0.0105237 0.0267012 0.0772732 0.0310043 0.00334067 0.121161 
0.770708 0.0117272 0.0249523 0.0624565 0.0299495 0.00256068 0.0976461 
0.72607 0.0150888 0.0211339 0.124615 0.0285594 0.00415333 0.0803798 
0.679661 0.0132361 0.0234253 0.138669 0.0234522 0.00311427 0.118442 
0.725961 0.0096805 0.030143 0.0661744 0.0278159 0.00354703 0.136678 
0.835666 0.0214568 0.0202333 0.0539033 0.0244162 0.00352073 0.0408036 
0.779258 0.0264841 0.0262796 0.0533241 0.0414296 0.00566931 0.0675555 
0.756378 0.0270092 0.020677 0.112422 0.0318599 0.00770558 0.043949 
0.755683 0.0223476 0.0213325 0.125277 0.0201739 0.00591841 0.0492681 
0.762878 0.0260203 0.0264669 0.115857 0.0155857 0.010758 0.0424332 
0.767953 0.0215455 0.0292837 0.0787175 0.0184059 0.011007 0.0730875 
0.821911 0.0206095 0.0266935 0.0419929 0.0151995 0.00850273 0.0650908 
0.858365 0.0184812 0.0263243 0.0369633 0.00690192 0.00360006 0.0493643 
0.817168 0.015554 0.0265951 0.035828 0.021154 0.00514652 0.0785542 
0.817834 0.0211484 0.0237419 0.0649613 0.0185145 0.00589862 0.0479009 
0.82838 0.0189718 0.0254692 0.0579519 0.0110837 0.00834064 0.049803 
0.783657 0.0183038 0.0331756 0.0747121 0.0105127 0.00727906 0.0723593 
0.814575 0.0234374 0.024797 0.0657549 0.00928069 0.00736321 0.054792 
0.800981 0.026478 0.0249366 0.0685114 0.00788761 0.00511543 0.0660896 
