0.840882 0.0324775 0.011844 0.052473 0.0285318 0.00685778 0.0269344 
0.829183 0.0361756 0.0111934 0.0686276 0.0252899 0.00950223 0.0200279 
0.854911 0.0298504 0.0138233 0.0556587 0.0108858 0.00957232 0.0252982 
0.860729 0.0309227 0.0124284 0.0386145 0.0133823 0.004798 0.0391256 
0.867829 0.0264458 0.0137055 0.0333835 0.00898816 0.0110293 0.0386188 
0.844502 0.0271321 0.0153439 0.0332033 0.00892258 0.0103507 0.0605458 
0.834333 0.0389197 0.0115426 0.050722 0.0191665 0.00866194 0.0366546 
0.850332 0.0226631 0.0135365 0.0383459 0.0131812 0.0114462 0.0504951 
0.889486 0.0243157 0.0106693 0.0269517 0.011585 0.00797085 0.0290212 
0.872441 0.0311691 0.0117265 0.0187243 0.0140651 0.00849649 0.0433774 
0.884764 0.0198249 0.0133765 0.0394257 0.0076904 0.00480303 0.0301151 
0.873647 0.0239894 0.0133126 0.0283724 0.00853781 0.00684922 0.0452914 
0.869818 0.0267953 0.0124235 0.0454666 0.00955351 0.00351819 0.0324246 
0.869705 0.0197627 0.0151096 0.0333302 0.014316 0.00401418 0.0437623 
0.86791 0.027119 0.0124586 0.0226491 0.0233619 0.00725103 0.0392499 
0.849739 0.0230697 0.0118907 0.0329367 0.0374134 0.00630136 0.0386496 
0.863241 0.0184266 0.0132495 0.031868 0.027912 0.00514383 0.040159 
0.834768 0.015514 0.0149747 0.0568201 0.0202749 0.00428232 0.0533664 
0.863851 0.0197987 0.0130935 0.0349766 0.021288 0.00569156 0.0413004 
0.86618 0.0218512 0.0134934 0.0487333 0.0109052 0.00485345 0.0339835 
0.89057 0.0199983 0.0140742 0.0390651 0.00593714 0.00465039 0.0257047 
0.882756 0.0254325 0.0144809 0.0349131 0.00764191 0.00575669 0.0290191 
0.876181 0.0220603 0.018418 0.0313979 0.00686846 0.00603132 0.0390426 
0.754752 0.0722956 0.0245556 0.00410649 0.013438 0.0121123 0.11874 
0.812596 0.0399145 0.0244461 0.00370075 0.00924735 0.0262107 0.083885 
0.818856 0.0372849 0.0203937 0.0188372 0.0240672 0.022312 0.0582488 
0.847884 0.0374545 0.0200313 0.0073667 0.0147665 0.0133737 0.0591229 
0.866628 0.0418061 0.014514 0.01186 0.0218751 0.00864808 0.0346688 
0.775038 0.0124136 0.0110875 0.137739 0.0277249 0.00266547 0.0333312 
0.781492 0.0195398 0.0104655 0.121451 0.0286952 0.00309776 0.0352582 
0.782586 0.0124058 0.00959766 0.147494 0.023356 0.00177461 0.0227864 
0.650493 0.0144981 0.00995973 0.265409 0.0211515 0.00235454 0.0361339 
0.597716 0.0167997 0.00809935 0.342252 0.0205584 0.00220363 0.0123702 
0.823486 0.0230008 0.00953345 0.0877553 0.0366826 0.0031181 0.0164235 
0.763262 0.0297162 0.00917489 0.156123 0.0253294 0.00278747 0.0136068 
0.762481 0.0198114 0.00932944 0.169331 0.0209294 0.00232594 0.0157915 
0.797417 0.0148857 0.0112601 0.0836596 0.0565701 0.00335547 0.0328525 
0.782194 0.0179171 0.0092169 0.127716 0.0352443 0.0031776 0.0245341 
0.798388 0.0202278 0.00832657 0.110374 0.0405826 0.00401029 0.0180912 
0.768898 0.0161039 0.0101674 0.130422 0.0311552 0.0035493 0.0397036 
0.70959 0.0127535 0.0108047 0.183664 0.0461224 0.00250293 0.0345628 
0.718585 0.0146016 0.0133097 0.134504 0.0680943 0.00487995 0.0460254 
0.694413 0.0143334 0.0104911 0.212777 0.0198516 0.00271231 0.0454218 
0.611399 0.0157225 0.00858526 0.312731 0.0228439 0.00227624 0.0264415 
0.713637 0.0124844 0.015654 0.110983 0.041689 0.0025793 0.102973 
0.567283 0.0149762 0.0107182 0.311262 0.061773 0.00212953 0.0318576 
0.564183 0.0137482 0.00984328 0.345112 0.022153 0.00341113 0.0415494 
0.548484 0.0219306 0.0125051 0.227322 0.0355999 0.0106655 0.143494 
0.615016 0.0232788 0.0235881 0.01864 0.016244 0.026116 0.277117 
0.525656 0.0162314 0.0354183 0.00683038 0.00794935 0.0175815 0.390333 
0.74146 0.0260101 0.0353917 0.00682598 0.0277555 0.00592014 0.156636 
0.492765 0.0121168 0.046496 0.00850452 0.00620523 0.00179542 0.432117 
0.794416 0.0153211 0.0300338 0.0105626 0.00234102 0.00825212 0.139073 
0.55349 0.0177747 0.0370012 0.00401079 0.00401125 0.00426134 0.379451 
0.549434 0.0531576 0.0378861 0.00470094 0.00574675 0.00423765 0.344837 
0.752445 0.0452283 0.026456 0.0035188 0.00790084 0.0068534 0.157598 
0.775038 0.0124136 0.0110875 0.137739 0.0277249 0.00266547 0.0333312 
0.781492 0.0195398 0.0104655 0.121451 0.0286952 0.00309776 0.0352582 
0.782586 0.0124058 0.00959766 0.147494 0.023356 0.00177461 0.0227864 
0.650493 0.0144981 0.00995973 0.265409 0.0211515 0.00235454 0.0361339 
0.597716 0.0167997 0.00809935 0.342252 0.0205584 0.00220363 0.0123702 
0.823486 0.0230008 0.00953345 0.0877553 0.0366826 0.0031181 0.0164235 
0.763262 0.0297162 0.00917489 0.156123 0.0253294 0.00278747 0.0136068 
0.762481 0.0198114 0.00932944 0.169331 0.0209294 0.00232594 0.0157915 
0.797417 0.0148857 0.0112601 0.0836596 0.0565701 0.00335547 0.0328525 
0.782194 0.0179171 0.0092169 0.127716 0.0352443 0.0031776 0.0245341 
0.798388 0.0202278 0.00832657 0.110374 0.0405826 0.00401029 0.0180912 
0.768898 0.0161039 0.0101674 0.130422 0.0311552 0.0035493 0.0397036 
0.70959 0.0127535 0.0108047 0.183664 0.0461224 0.00250293 0.0345628 
0.718585 0.0146016 0.0133097 0.134504 0.0680943 0.00487995 0.0460254 
0.694413 0.0143334 0.0104911 0.212777 0.0198516 0.00271231 0.0454218 
0.611399 0.0157225 0.00858526 0.312731 0.0228439 0.00227624 0.0264415 
0.713637 0.0124844 0.015654 0.110983 0.041689 0.0025793 0.102973 
0.567283 0.0149762 0.0107182 0.311262 0.061773 0.00212953 0.0318576 
0.564183 0.0137482 0.00984328 0.345112 0.022153 0.00341113 0.0415494 
0.548484 0.0219306 0.0125051 0.227322 0.0355999 0.0106655 0.143494 
0.615016 0.0232788 0.0235881 0.01864 0.016244 0.026116 0.277117 
0.525656 0.0162314 0.0354183 0.00683038 0.00794935 0.0175815 0.390333 
0.74146 0.0260101 0.0353917 0.00682598 0.0277555 0.00592014 0.156636 
0.492765 0.0121168 0.046496 0.00850452 0.00620523 0.00179542 0.432117 
0.794416 0.0153211 0.0300338 0.0105626 0.00234102 0.00825212 0.139073 
0.55349 0.0177747 0.0370012 0.00401079 0.00401125 0.00426134 0.379451 
0.549434 0.0531576 0.0378861 0.00470094 0.00574675 0.00423765 0.344837 
0.752445 0.0452283 0.026456 0.0035188 0.00790084 0.0068534 0.157598 
0.757746 0.0348132 0.0082622 0.175717 0.00701668 0.00203899 0.0144063 
0.713857 0.0258645 0.00890019 0.228931 0.005335 0.00225039 0.014862 
0.70896 0.0201229 0.00844994 0.231737 0.0103843 0.00212314 0.0182222 
0.750586 0.0194206 0.00916714 0.190079 0.00889247 0.00156762 0.0202873 
0.660369 0.0296711 0.00850666 0.275112 0.00977834 0.00223953 0.014323 
0.784149 0.0221747 0.00982437 0.161052 0.00749456 0.00169416 0.0136113 
0.749658 0.0217708 0.0121647 0.194445 0.00434018 0.0015697 0.0160524 
0.557622 0.0161875 0.00909397 0.397717 0.00666154 0.001253 0.0114645 
0.621081 0.0242374 0.00960546 0.329979 0.00543338 0.00129776 0.00836568 
0.677814 0.0331403 0.0104628 0.254306 0.0043546 0.00200947 0.0179123 
0.540386 0.0227344 0.00956174 0.412146 0.00501827 0.00104414 0.00910949 
0.675563 0.0218406 0.00829857 0.270557 0.0106807 0.00184834 0.0112124 
0.688487 0.025258 0.00783813 0.241569 0.0203446 0.00195053 0.0145535 
0.688192 0.0268544 0.00821129 0.249212 0.00867889 0.00292272 0.015929 
0.643803 0.037971 0.00922928 0.29145 0.00619548 0.00181882 0.00953218 
0.589653 0.0397989 0.00773337 0.337982 0.0139728 0.0019775 0.00888235 
0.562253 0.0292056 0.00780612 0.382402 0.00911982 0.00132722 0.00788599 
0.6105 0.0399871 0.0102702 0.319347 0.00419972 0.00244466 0.0132514 
0.538371 0.0264492 0.00843104 0.405458 0.00595373 0.00203419 0.013303 
0.744669 0.0281612 0.00882534 0.185044 0.0075914 0.00377657 0.0219331 
0.751566 0.0332498 0.00717058 0.176179 0.0134414 0.0028319 0.0155611 
0.868233 0.0223052 0.0083246 0.0602124 0.0148121 0.00293525 0.0231774 
0.764615 0.0331926 0.00969344 0.163473 0.00619837 0.00203137 0.0207966 
0.843985 0.0202235 0.0103919 0.091107 0.00550684 0.00235793 0.0264276 
0.810109 0.0230705 0.0129018 0.101389 0.00489868 0.00267551 0.0449548 
0.80181 0.0248166 0.0102011 0.135942 0.00480239 0.00212826 0.0202998 
0.599099 0.0412236 0.01119 0.314168 0.00440242 0.00352462 0.0263919 
0.858945 0.0411984 0.0150347 0.00906756 0.002978 0.00772911 0.0650474 
0.883091 0.0226308 0.0231651 0.0112284 0.00442112 0.00359444 0.0518696 
0.775038 0.0124136 0.0110875 0.137739 0.0277249 0.00266547 0.0333312 
0.781492 0.0195398 0.0104655 0.121451 0.0286952 0.00309776 0.0352582 
0.782586 0.0124058 0.00959766 0.147494 0.023356 0.00177461 0.0227864 
0.650493 0.0144981 0.00995973 0.265409 0.0211515 0.00235454 0.0361339 
0.597716 0.0167997 0.00809935 0.342252 0.0205584 0.00220363 0.0123702 
0.823486 0.0230008 0.00953345 0.0877553 0.0366826 0.0031181 0.0164235 
0.763262 0.0297162 0.00917489 0.156123 0.0253294 0.00278747 0.0136068 
0.762481 0.0198114 0.00932944 0.169331 0.0209294 0.00232594 0.0157915 
0.797417 0.0148857 0.0112601 0.0836596 0.0565701 0.00335547 0.0328525 
0.782194 0.0179171 0.0092169 0.127716 0.0352443 0.0031776 0.0245341 
0.798388 0.0202278 0.00832657 0.110374 0.0405826 0.00401029 0.0180912 
0.768898 0.0161039 0.0101674 0.130422 0.0311552 0.0035493 0.0397036 
0.70959 0.0127535 0.0108047 0.183664 0.0461224 0.00250293 0.0345628 
0.718585 0.0146016 0.0133097 0.134504 0.0680943 0.00487995 0.0460254 
0.694413 0.0143334 0.0104911 0.212777 0.0198516 0.00271231 0.0454218 
0.611399 0.0157225 0.00858526 0.312731 0.0228439 0.00227624 0.0264415 
0.713637 0.0124844 0.015654 0.110983 0.041689 0.0025793 0.102973 
0.567283 0.0149762 0.0107182 0.311262 0.061773 0.00212953 0.0318576 
0.564183 0.0137482 0.00984328 0.345112 0.022153 0.00341113 0.0415494 
0.548484 0.0219306 0.0125051 0.227322 0.0355999 0.0106655 0.143494 
0.615016 0.0232788 0.0235881 0.01864 0.016244 0.026116 0.277117 
0.525656 0.0162314 0.0354183 0.00683038 0.00794935 0.0175815 0.390333 
0.74146 0.0260101 0.0353917 0.00682598 0.0277555 0.00592014 0.156636 
0.492765 0.0121168 0.046496 0.00850452 0.00620523 0.00179542 0.432117 
0.794416 0.0153211 0.0300338 0.0105626 0.00234102 0.00825212 0.139073 
0.55349 0.0177747 0.0370012 0.00401079 0.00401125 0.00426134 0.379451 
0.549434 0.0531576 0.0378861 0.00470094 0.00574675 0.00423765 0.344837 
0.752445 0.0452283 0.026456 0.0035188 0.00790084 0.0068534 0.157598 
0.865617 0.0182644 0.0233594 0.0423257 0.00348961 0.00231507 0.0446286 
0.87667 0.0253667 0.0174517 0.038371 0.00533151 0.00214513 0.0346644 
0.845976 0.0136143 0.0215133 0.0572328 0.00597089 0.00227854 0.0534144 
0.830359 0.0199772 0.0213674 0.0333335 0.00692739 0.00334161 0.0846937 
0.788978 0.0210893 0.0229987 0.0310455 0.00794286 0.00310407 0.124842 
0.874095 0.0177098 0.0213101 0.0362099 0.00674778 0.00236975 0.0415576 
0.837929 0.0186925 0.0169099 0.0906013 0.00570289 0.00209697 0.0280677 
0.800453 0.011593 0.0192454 0.123244 0.00864402 0.00220817 0.0346117 
0.826498 0.0112886 0.0251135 0.108255 0.00330522 0.00266724 0.0228726 
0.755918 0.0101294 0.0296019 0.158894 0.00292547 0.00289554 0.0396355 
0.798981 0.0111334 0.0272044 0.121248 0.00283204 0.00314761 0.0354534 
0.76294 0.0129194 0.024488 0.108529 0.00541769 0.00287762 0.0828287 
0.804769 0.0097216 0.0212622 0.130593 0.00506293 0.00134548 0.0272459 
0.824281 0.0112347 0.0268123 0.0840569 0.00395179 0.00194917 0.0477138 
0.667663 0.00965821 0.0231062 0.266723 0.005733 0.00119328 0.0259232 
0.82754 0.011886 0.026004 0.0846624 0.00501668 0.00140688 0.0434837 
0.854119 0.0112253 0.0226886 0.0564382 0.00999365 0.00135629 0.0441787 
0.82333 0.0176164 0.02169 0.0606577 0.00618962 0.00292557 0.0675903 
0.833839 0.0144633 0.0213183 0.0753255 0.00661686 0.00252014 0.0459171 
0.809318 0.0168029 0.0275899 0.0778081 0.00325241 0.0025112 0.0627178 
0.773371 0.0116017 0.0300261 0.137259 0.00395132 0.00119227 0.0425984 
0.792106 0.0143112 0.0176802 0.137408 0.0082032 0.00163578 0.0286557 
0.832238 0.0104177 0.0199488 0.0868286 0.00929331 0.00195507 0.0393181 
0.83674 0.0111754 0.0191435 0.0716333 0.0132206 0.00246272 0.0456244 
0.82807 0.00946782 0.0184202 0.103967 0.00919477 0.00160499 0.0292754 
0.864473 0.00880424 0.0175355 0.0834775 0.0104312 0.00147345 0.0138051 
0.770178 0.0112396 0.0213751 0.132418 0.00780383 0.00210037 0.0548848 
0.690871 0.00922676 0.0174162 0.249629 0.00820053 0.00121643 0.0234402 
0.775038 0.0124136 0.0110875 0.137739 0.0277249 0.00266547 0.0333312 
0.781492 0.0195398 0.0104655 0.121451 0.0286952 0.00309776 0.0352582 
0.782586 0.0124058 0.00959766 0.147494 0.023356 0.00177461 0.0227864 
0.650493 0.0144981 0.00995973 0.265409 0.0211515 0.00235454 0.0361339 
0.597716 0.0167997 0.00809935 0.342252 0.0205584 0.00220363 0.0123702 
0.823486 0.0230008 0.00953345 0.0877553 0.0366826 0.0031181 0.0164235 
0.763262 0.0297162 0.00917489 0.156123 0.0253294 0.00278747 0.0136068 
0.762481 0.0198114 0.00932944 0.169331 0.0209294 0.00232594 0.0157915 
0.797417 0.0148857 0.0112601 0.0836596 0.0565701 0.00335547 0.0328525 
0.782194 0.0179171 0.0092169 0.127716 0.0352443 0.0031776 0.0245341 
0.798388 0.0202278 0.00832657 0.110374 0.0405826 0.00401029 0.0180912 
0.768898 0.0161039 0.0101674 0.130422 0.0311552 0.0035493 0.0397036 
0.70959 0.0127535 0.0108047 0.183664 0.0461224 0.00250293 0.0345628 
0.718585 0.0146016 0.0133097 0.134504 0.0680943 0.00487995 0.0460254 
0.694413 0.0143334 0.0104911 0.212777 0.0198516 0.00271231 0.0454218 
0.611399 0.0157225 0.00858526 0.312731 0.0228439 0.00227624 0.0264415 
0.713637 0.0124844 0.015654 0.110983 0.041689 0.0025793 0.102973 
0.567283 0.0149762 0.0107182 0.311262 0.061773 0.00212953 0.0318576 
0.564183 0.0137482 0.00984328 0.345112 0.022153 0.00341113 0.0415494 
0.548484 0.0219306 0.0125051 0.227322 0.0355999 0.0106655 0.143494 
0.615016 0.0232788 0.0235881 0.01864 0.016244 0.026116 0.277117 
0.525656 0.0162314 0.0354183 0.00683038 0.00794935 0.0175815 0.390333 
0.74146 0.0260101 0.0353917 0.00682598 0.0277555 0.00592014 0.156636 
0.492765 0.0121168 0.046496 0.00850452 0.00620523 0.00179542 0.432117 
0.794416 0.0153211 0.0300338 0.0105626 0.00234102 0.00825212 0.139073 
0.55349 0.0177747 0.0370012 0.00401079 0.00401125 0.00426134 0.379451 
0.549434 0.0531576 0.0378861 0.00470094 0.00574675 0.00423765 0.344837 
0.752445 0.0452283 0.026456 0.0035188 0.00790084 0.0068534 0.157598 
0.0968871 0.281767 0.01566 0.289661 0.241731 0.051065 0.0232301 
0.0800112 0.22365 0.0161723 0.274761 0.346588 0.0340023 0.0248158 
0.0810355 0.426277 0.0151821 0.209991 0.21295 0.0313145 0.0232498 
0.0670453 0.664548 0.0040165 0.148469 0.0952267 0.0134275 0.00726696 
0.0628114 0.23891 0.0144484 0.239905 0.39631 0.025751 0.0218635 
0.0502951 0.116114 0.00939521 0.27012 0.523278 0.0164577 0.01434 
0.0965713 0.190083 0.0143813 0.387385 0.263437 0.0256212 0.0225217 
0.0953301 0.140552 0.0106611 0.245285 0.473171 0.0179023 0.0170979 
0.179254 0.286843 0.00914928 0.347173 0.138072 0.0202443 0.0192652 
0.131449 0.321865 0.00689655 0.43274 0.0781661 0.0149601 0.0139232 
0.190938 0.408727 0.00612058 0.303553 0.0662716 0.00979111 0.0145985 
0.300883 0.349883 0.00506361 0.258875 0.063076 0.0075392 0.0146792 
0.346472 0.375287 0.00320124 0.180619 0.0740998 0.0076561 0.0126649 
0.500446 0.237221 0.00610775 0.214374 0.0159849 0.0087647 0.0171014 
0.371864 0.123704 0.0093227 0.447206 0.0237676 0.0094082 0.0147278 
0.750329 0.153747 0.00708725 0.0305054 0.0117051 0.0225582 0.0240672 
0.674707 0.0890474 0.0075902 0.182145 0.0238713 0.0061722 0.0164673 
0.621946 0.248066 0.00639267 0.0710999 0.0261921 0.0070952 0.0192081 
0.735321 0.179747 0.0108387 0.0374733 0.0068009 0.00876783 0.0210511 
0.793892 0.113086 0.00838398 0.040107 0.00738983 0.00644791 0.0306934 
0.864728 0.0476409 0.0135397 0.0342667 0.00324126 0.00269141 0.033892 
0.854058 0.0746934 0.00902638 0.0158298 0.0108999 0.00337369 0.0321189 
0.815729 0.0457666 0.00907673 0.107568 0.00540408 0.00377046 0.0126847 
0.836079 0.0525279 0.00867037 0.0806787 0.00748686 0.00579933 0.00875744 
0.815304 0.104905 0.010797 0.0444933 0.00550602 0.00525807 0.0137372 
0.591847 0.117721 0.010798 0.24824 0.00788458 0.00846023 0.0150489 
0.556504 0.0921791 0.0137216 0.311413 0.00393956 0.00613033 0.0161127 
0.574103 0.103177 0.0100633 0.28034 0.0113023 0.00622805 0.0147865 
0.606764 0.0129905 0.0152892 0.245689 0.0458612 0.00681486 0.0665911 
0.823682 0.0195599 0.0113788 0.065932 0.0341423 0.00572811 0.0395771 
0.765317 0.0249546 0.0204467 0.0216245 0.0128461 0.00786794 0.146943 
0.655781 0.0346412 0.0281384 0.0105962 0.0215884 0.0144244 0.23483 
0.608587 0.0269732 0.0375893 0.0106195 0.0323208 0.0106016 0.273309 
0.456935 0.0288197 0.0451682 0.0121265 0.0415318 0.0176775 0.397741 
0.494397 0.0238757 0.0414466 0.0160613 0.0280304 0.0165906 0.379598 
0.667668 0.0215728 0.0326254 0.021488 0.0139043 0.00826891 0.234472 
0.643941 0.017043 0.0348687 0.0428165 0.0238005 0.00869244 0.228838 
0.578138 0.020818 0.0370693 0.0197988 0.014698 0.0120917 0.317386 
0.668918 0.0185183 0.0337998 0.0395196 0.0295472 0.00794526 0.201751 
0.733845 0.0151028 0.0239467 0.0987638 0.0268769 0.00511069 0.0963544 
0.767297 0.0162327 0.0235179 0.0650759 0.0210233 0.0042664 0.102587 
0.674643 0.015056 0.0312946 0.0386698 0.0170831 0.00769846 0.215555 
0.615855 0.0168665 0.0287507 0.0468527 0.0265586 0.00632537 0.258791 
0.634714 0.0154932 0.0270828 0.0924273 0.011654 0.003923 0.214706 
0.704555 0.0148066 0.0265351 0.0261993 0.0216404 0.00519803 0.201065 
0.691916 0.014736 0.0287599 0.0308218 0.0247204 0.00356598 0.20548 
0.723398 0.0193414 0.0259537 0.0213072 0.0373997 0.00409125 0.168509 
0.560567 0.0164462 0.0405292 0.0122898 0.0137991 0.00326012 0.353108 
0.555274 0.0108431 0.0383547 0.0711505 0.0256331 0.00467274 0.294072 
0.575637 0.0121413 0.035543 0.0902782 0.0334235 0.00620547 0.246772 
0.648276 0.01185 0.0321968 0.0649383 0.0377798 0.00630236 0.198657 
0.551512 0.011107 0.0375863 0.145777 0.0174869 0.00842184 0.228108 
0.469726 0.0115638 0.0496153 0.109725 0.0305919 0.0102427 0.318535 
0.327431 0.0230035 0.0675345 0.0242961 0.0749465 0.0285657 0.454223 
0.530744 0.0225063 0.0502983 0.0134386 0.044762 0.017716 0.320535 
0.664728 0.0130482 0.032259 0.0398599 0.0159234 0.00721059 0.226971 
0.793297 0.0434957 0.0215058 0.0125645 0.0122218 0.00918641 0.107729 
0.818256 0.0261082 0.0246337 0.0249624 0.0124312 0.00439585 0.0892123 
0.807757 0.0233378 0.023707 0.0577442 0.0140417 0.00529021 0.068122 
0.809562 0.0205099 0.0269667 0.0375548 0.0120051 0.00408282 0.0893191 
0.831794 0.0295647 0.0213275 0.0406207 0.011634 0.00335645 0.0617028 
0.813623 0.0166789 0.0228122 0.0442844 0.0193635 0.00434102 0.0788972 
0.817003 0.0144141 0.0253085 0.0485618 0.0221396 0.00307603 0.0694974 
0.765402 0.0171509 0.0291603 0.0422057 0.0107646 0.00518694 0.13013 
0.738148 0.0178211 0.0323012 0.0423071 0.0175845 0.0040106 0.147828 
0.775914 0.0196729 0.0287812 0.0618298 0.0140153 0.00479972 0.094987 
0.800009 0.0199569 0.0247847 0.042063 0.0267982 0.00468641 0.0817021 
0.754021 0.0195428 0.0327091 0.0469439 0.0115366 0.00419694 0.131049 
0.786955 0.0219519 0.0257267 0.0498484 0.0100229 0.0054836 0.100011 
0.769828 0.0183635 0.0331545 0.0461405 0.00574579 0.00736217 0.119406 
0.726617 0.0174378 0.0325394 0.0775592 0.0177836 0.00692079 0.121142 
0.635597 0.0160964 0.038484 0.0452703 0.0189534 0.00630306 0.239296 
0.765958 0.0181824 0.0301324 0.0358128 0.0190364 0.00524741 0.125631 
0.764838 0.0174199 0.0321996 0.0225809 0.00842446 0.00990098 0.144636 
0.846804 0.0231957 0.0234422 0.0323456 0.00584347 0.00599273 0.0623765 
0.729657 0.023177 0.0312856 0.0276892 0.00865673 0.00835546 0.171179 
0.740527 0.0178685 0.031398 0.0500628 0.00903609 0.00941316 0.141694 
0.759116 0.0171896 0.0297634 0.0380345 0.0220519 0.00940559 0.124439 
0.776321 0.0229092 0.0241507 0.0640372 0.0202811 0.00628205 0.0860192 
0.755798 0.0261479 0.0290772 0.0373307 0.0164302 0.00882937 0.126386 
0.720659 0.0203992 0.0345983 0.0639362 0.0165791 0.00710684 0.136721 
0.787129 0.0234415 0.0250449 0.0690353 0.00799148 0.00496006 0.082398 
0.747358 0.028847 0.0270396 0.057105 0.015416 0.00521112 0.119023 
0.770761 0.020611 0.0280356 0.0699333 0.0125833 0.00502645 0.0930493 
0.758681 0.0231884 0.0250029 0.106948 0.0206778 0.00611608 0.0593852 
0.783782 0.0604123 0.0232301 0.012527 0.0459933 0.013048 0.0610074 
0.813533 0.035146 0.025385 0.0236638 0.0361169 0.00899397 0.0571616 
0.798009 0.0389737 0.0243731 0.0323238 0.044462 0.00952472 0.052334 
0.755287 0.0282068 0.0246729 0.0462495 0.0813179 0.0100007 0.0542653 
0.794101 0.0328818 0.0185383 0.0487456 0.0503059 0.00606967 0.0493581 
0.80823 0.0416621 0.0189874 0.0357821 0.041626 0.00758943 0.0461229 
0.792198 0.0269469 0.02507 0.0267057 0.0315705 0.00702941 0.0904795 
0.80159 0.0249038 0.0229159 0.0377468 0.0226727 0.0063064 0.0838639 
0.795372 0.0300926 0.021605 0.0426426 0.0457228 0.00475082 0.0598139 
0.762826 0.030905 0.0264981 0.0464675 0.0345217 0.00497073 0.0938106 
0.782178 0.0374555 0.0190237 0.0760154 0.0336306 0.00518217 0.0465142 
0.708286 0.0271113 0.0218645 0.119851 0.0637574 0.00571837 0.0534118 
0.757575 0.0316578 0.0267456 0.0525816 0.0553086 0.00570433 0.0704275 
0.780854 0.0443833 0.0218408 0.0268405 0.0231327 0.00438468 0.0985643 
0.823916 0.0417345 0.0221547 0.0238701 0.0138305 0.00651348 0.0679803 
0.805727 0.0510516 0.0191972 0.0558594 0.0153201 0.00949578 0.0433492 
0.83101 0.0340782 0.0191259 0.0469313 0.0199086 0.0043653 0.0445807 
0.777784 0.0272311 0.0184351 0.0626442 0.0611959 0.00475629 0.0479531 
0.795293 0.0486072 0.019945 0.0299781 0.0464591 0.00585211 0.0538654 
0.793497 0.0329571 0.0185148 0.0587913 0.0400512 0.00707083 0.0491179 
0.794399 0.0389165 0.0183509 0.0496175 0.0503981 0.00703961 0.0412779 
0.800183 0.0254415 0.0259937 0.0308426 0.0291966 0.0063931 0.0819499 
0.775116 0.0344272 0.0260473 0.0270823 0.0446773 0.00756181 0.0850882 
0.755198 0.0359455 0.02768 0.0263964 0.0376786 0.0105351 0.106567 
0.809205 0.0431264 0.0203918 0.0291521 0.0250014 0.00786035 0.0652626 
0.810556 0.0493398 0.0224496 0.023418 0.0250912 0.0106019 0.0585436 
0.814507 0.0502528 0.0203812 0.021583 0.0350015 0.00761921 0.0506558 
0.805191 0.0558961 0.0216972 0.019444 0.0166051 0.00849256 0.0726742 
0.723341 0.0227558 0.0329486 0.0737393 0.0406829 0.00947171 0.0970603 
0.740301 0.0188908 0.0328001 0.0458851 0.041973 0.00875614 0.111394 
0.715427 0.0181686 0.0303206 0.0594825 0.0352317 0.00821775 0.133152 
0.612204 0.0135662 0.0439453 0.0689027 0.0461383 0.00859652 0.206647 
0.585348 0.0146576 0.0415877 0.0968564 0.0572766 0.00799508 0.196279 
0.636175 0.015343 0.0331158 0.110065 0.0277333 0.0092878 0.16828 
0.656925 0.0125337 0.0329849 0.122034 0.0307648 0.00575223 0.139005 
0.657695 0.0135774 0.0311632 0.127441 0.0259034 0.00655241 0.137668 
0.608476 0.0144352 0.0279878 0.20548 0.0293289 0.00718557 0.107107 
0.728275 0.020477 0.0330252 0.0741698 0.0363877 0.00932006 0.0983455 
0.697142 0.016993 0.0317873 0.113637 0.0313764 0.00606533 0.102999 
0.618436 0.0194972 0.0332987 0.150353 0.0165776 0.00724438 0.154593 
0.653682 0.0194809 0.0333996 0.123209 0.0261653 0.0101123 0.133951 
0.636575 0.0175694 0.0412993 0.0937944 0.0465673 0.0123569 0.151838 
0.708054 0.017563 0.0288695 0.0858819 0.0417426 0.0105197 0.107369 
0.735056 0.0219898 0.0366694 0.084375 0.0436452 0.0169199 0.0613446 
0.712068 0.0294304 0.0844259 0.0244861 0.026391 0.0774856 0.0457132 
0.581128 0.0320978 0.0818668 0.00790421 0.0301122 0.170278 0.0966126 
0.658416 0.0392685 0.0539106 0.0067658 0.0292239 0.0829259 0.129489 
0.754831 0.0315039 0.0525514 0.0049884 0.0201636 0.0336936 0.102269 
0.78222 0.0226113 0.0583795 0.00908415 0.0203634 0.0253535 0.0819878 
0.807914 0.0230481 0.0419605 0.0196716 0.0262272 0.0246867 0.0564921 
0.848899 0.0249283 0.0453045 0.00929755 0.00512422 0.0155415 0.0509055 
0.827658 0.0303612 0.0296485 0.0255631 0.00700652 0.0261133 0.0536493 
0.720296 0.0761965 0.0210151 0.0301879 0.0110813 0.0807279 0.0604948 
0.752352 0.0869182 0.0182705 0.0456963 0.00986304 0.0569924 0.0299074 
0.661924 0.12961 0.0128259 0.127218 0.0139496 0.0321927 0.0222808 
0.686124 0.0757911 0.013363 0.165842 0.0233463 0.0204963 0.0150376 
0.541313 0.184535 0.0130194 0.185955 0.0457422 0.016085 0.0133499 
0.421498 0.117917 0.00921522 0.31395 0.113329 0.0117403 0.0123508 
0.599272 0.227416 0.00936104 0.104843 0.0183316 0.0135337 0.0272425 
0.586324 0.148306 0.00710226 0.16769 0.0625885 0.00993199 0.0180574 
0.433393 0.160453 0.00605429 0.30818 0.0712363 0.00688426 0.0137982 
0.694051 0.0860107 0.00641067 0.145944 0.048144 0.00703319 0.0124058 
0.687035 0.103385 0.0103922 0.165919 0.0154786 0.00622724 0.0115627 
0.701394 0.0583484 0.0117907 0.193228 0.0123407 0.004086 0.0188122 
0.762848 0.0841684 0.012606 0.106282 0.0176935 0.00357072 0.0128304 
0.72042 0.0310608 0.0141754 0.194575 0.024126 0.00390757 0.0117346 
0.691051 0.0495392 0.0119289 0.192069 0.0377487 0.00535387 0.0123086 
0.826116 0.0713808 0.0176454 0.037296 0.00979842 0.00923252 0.0285305 
0.738901 0.126533 0.0171661 0.0720069 0.0110241 0.0105172 0.023851 
0.807789 0.0895014 0.0152598 0.0395148 0.0081353 0.00988376 0.0299165 
0.723341 0.0227558 0.0329486 0.0737393 0.0406829 0.00947171 0.0970603 
0.740301 0.0188908 0.0328001 0.0458851 0.041973 0.00875614 0.111394 
0.715427 0.0181686 0.0303206 0.0594825 0.0352317 0.00821775 0.133152 
0.612204 0.0135662 0.0439453 0.0689027 0.0461383 0.00859652 0.206647 
0.585348 0.0146576 0.0415877 0.0968564 0.0572766 0.00799508 0.196279 
0.636175 0.015343 0.0331158 0.110065 0.0277333 0.0092878 0.16828 
0.656925 0.0125337 0.0329849 0.122034 0.0307648 0.00575223 0.139005 
0.657695 0.0135774 0.0311632 0.127441 0.0259034 0.00655241 0.137668 
0.608476 0.0144352 0.0279878 0.20548 0.0293289 0.00718557 0.107107 
0.728275 0.020477 0.0330252 0.0741698 0.0363877 0.00932006 0.0983455 
0.697142 0.016993 0.0317873 0.113637 0.0313764 0.00606533 0.102999 
0.618436 0.0194972 0.0332987 0.150353 0.0165776 0.00724438 0.154593 
0.653682 0.0194809 0.0333996 0.123209 0.0261653 0.0101123 0.133951 
0.636575 0.0175694 0.0412993 0.0937944 0.0465673 0.0123569 0.151838 
0.708054 0.017563 0.0288695 0.0858819 0.0417426 0.0105197 0.107369 
0.735056 0.0219898 0.0366694 0.084375 0.0436452 0.0169199 0.0613446 
0.712068 0.0294304 0.0844259 0.0244861 0.026391 0.0774856 0.0457132 
0.581128 0.0320978 0.0818668 0.00790421 0.0301122 0.170278 0.0966126 
0.658416 0.0392685 0.0539106 0.0067658 0.0292239 0.0829259 0.129489 
0.754831 0.0315039 0.0525514 0.0049884 0.0201636 0.0336936 0.102269 
0.78222 0.0226113 0.0583795 0.00908415 0.0203634 0.0253535 0.0819878 
0.807914 0.0230481 0.0419605 0.0196716 0.0262272 0.0246867 0.0564921 
0.848899 0.0249283 0.0453045 0.00929755 0.00512422 0.0155415 0.0509055 
0.827658 0.0303612 0.0296485 0.0255631 0.00700652 0.0261133 0.0536493 
0.720296 0.0761965 0.0210151 0.0301879 0.0110813 0.0807279 0.0604948 
0.752352 0.0869182 0.0182705 0.0456963 0.00986304 0.0569924 0.0299074 
0.661924 0.12961 0.0128259 0.127218 0.0139496 0.0321927 0.0222808 
0.686124 0.0757911 0.013363 0.165842 0.0233463 0.0204963 0.0150376 
0.541313 0.184535 0.0130194 0.185955 0.0457422 0.016085 0.0133499 
0.421498 0.117917 0.00921522 0.31395 0.113329 0.0117403 0.0123508 
0.599272 0.227416 0.00936104 0.104843 0.0183316 0.0135337 0.0272425 
0.586324 0.148306 0.00710226 0.16769 0.0625885 0.00993199 0.0180574 
0.433393 0.160453 0.00605429 0.30818 0.0712363 0.00688426 0.0137982 
0.694051 0.0860107 0.00641067 0.145944 0.048144 0.00703319 0.0124058 
0.687035 0.103385 0.0103922 0.165919 0.0154786 0.00622724 0.0115627 
0.701394 0.0583484 0.0117907 0.193228 0.0123407 0.004086 0.0188122 
0.762848 0.0841684 0.012606 0.106282 0.0176935 0.00357072 0.0128304 
0.72042 0.0310608 0.0141754 0.194575 0.024126 0.00390757 0.0117346 
0.691051 0.0495392 0.0119289 0.192069 0.0377487 0.00535387 0.0123086 
0.826116 0.0713808 0.0176454 0.037296 0.00979842 0.00923252 0.0285305 
0.738901 0.126533 0.0171661 0.0720069 0.0110241 0.0105172 0.023851 
0.807789 0.0895014 0.0152598 0.0395148 0.0081353 0.00988376 0.0299165 
0.776865 0.0293134 0.0210109 0.122408 0.0233593 0.00396432 0.0230796 
0.645846 0.0333085 0.0169597 0.256419 0.0243191 0.00296129 0.0201861 
0.7204 0.0216575 0.0200818 0.154809 0.0545608 0.00298913 0.0255016 
0.703558 0.056265 0.0190527 0.159473 0.0325854 0.00491727 0.0241482 
0.686182 0.0224878 0.0195299 0.206915 0.0417832 0.00370792 0.0193937 
0.696722 0.0397578 0.0180994 0.193288 0.0260698 0.00441146 0.021651 
0.685061 0.0296938 0.0197955 0.201849 0.0371805 0.00434289 0.0220775 
0.750803 0.0241419 0.0189224 0.136352 0.0420017 0.00404545 0.0237328 
0.783524 0.0201827 0.0213809 0.122968 0.0200714 0.0041035 0.0277686 
0.8123 0.0205623 0.0220497 0.0730912 0.0329142 0.00492695 0.034156 
0.82174 0.024781 0.0233842 0.0669654 0.0189233 0.00695986 0.0372466 
0.816938 0.0244769 0.0231019 0.0658683 0.0228921 0.00606808 0.0406544 
0.770497 0.0241307 0.0263185 0.097096 0.0216685 0.00968895 0.0506002 
0.782801 0.0273693 0.0235437 0.106584 0.0177931 0.00606085 0.0358474 
