0.811884 0.0170589 0.0136665 0.0793882 0.0389709 0.00555486 0.0334763 
0.851469 0.0301717 0.0120472 0.0593346 0.0195138 0.00459146 0.0228721 
0.862461 0.0226701 0.0124944 0.0610487 0.0116064 0.00583728 0.0238816 
0.798607 0.0392733 0.0107638 0.0800755 0.0374231 0.00692873 0.0269286 
0.833376 0.0335152 0.0133928 0.0480873 0.0279017 0.00720432 0.0365232 
0.833287 0.0479902 0.0118894 0.039176 0.0277561 0.0108119 0.0290892 
0.798284 0.0362101 0.0113655 0.0462818 0.0654594 0.00900938 0.0333895 
0.817693 0.0330269 0.0112413 0.0885992 0.0206888 0.00648903 0.022262 
0.840091 0.0174384 0.0130325 0.0590947 0.0224989 0.00609576 0.0417483 
0.723782 0.0243643 0.0111706 0.183548 0.0326841 0.0052218 0.0192289 
0.791859 0.0170509 0.0152249 0.123763 0.0153494 0.00691331 0.0298393 
0.65151 0.0185736 0.0126619 0.279877 0.0120516 0.00633506 0.0189905 
0.630172 0.0177468 0.0123891 0.268685 0.0278258 0.0112957 0.0318855 
0.71909 0.0333815 0.0104076 0.166021 0.0289494 0.0119659 0.030185 
0.715771 0.0395368 0.0108542 0.184503 0.0126649 0.0106277 0.0260421 
0.714525 0.0232137 0.0123802 0.205464 0.00879118 0.00519571 0.0304295 
0.694012 0.0196638 0.0120698 0.237818 0.00838792 0.00526016 0.0227887 
0.75605 0.0235069 0.0130161 0.171574 0.00636915 0.0089633 0.020521 
0.701042 0.0251026 0.0132117 0.226426 0.00563203 0.00650295 0.0220828 
0.725109 0.0187621 0.0123588 0.204701 0.00940304 0.00751462 0.022152 
0.591271 0.0190376 0.0102513 0.343164 0.0162808 0.00488699 0.0151085 
0.588351 0.02303 0.0124179 0.329215 0.0118641 0.00579039 0.0293313 
0.682948 0.0193233 0.0128906 0.232888 0.0105793 0.00571928 0.0356522 
0.627051 0.0164399 0.0112266 0.29836 0.0108329 0.00391582 0.0321745 
0.471908 0.0221192 0.00829637 0.468011 0.0113803 0.00442329 0.0138625 
0.517114 0.0150795 0.0091054 0.432553 0.0104547 0.00379602 0.0118965 
0.617062 0.0179354 0.0134159 0.328767 0.00540981 0.00278611 0.0146241 
0.597431 0.0202471 0.00877315 0.343774 0.0145939 0.00432387 0.0108573 
0.474274 0.029831 0.00970828 0.451399 0.0176541 0.00399132 0.0131416 
0.829747 0.0212052 0.0117945 0.0729209 0.0215847 0.00846575 0.0342824 
0.767638 0.0233842 0.0131982 0.118205 0.0238546 0.010109 0.0436111 
0.828873 0.0320782 0.013368 0.055186 0.0178583 0.0115138 0.0411223 
0.825684 0.0315202 0.0157254 0.0567998 0.00914565 0.01385 0.0472752 
0.820552 0.0360107 0.0135876 0.0298455 0.0338845 0.0185458 0.0475734 
0.740865 0.0485983 0.0136403 0.0221637 0.116273 0.0278634 0.0305957 
0.279777 0.0930848 0.00843958 0.0123057 0.579903 0.0169138 0.00957611 
0.0707551 0.140274 0.00194146 0.00461272 0.76731 0.0130005 0.00210672 
0.0505497 0.556678 0.00134689 0.00439187 0.372406 0.0133016 0.00132525 
0.0488218 0.756488 6.50721E-4 0.00398416 0.178656 0.0104711 9.28262E-4 
0.0407161 0.879259 4.42429E-4 0.00357292 0.0688339 0.00671646 4.59195E-4 
0.0289073 0.937477 2.85877E-4 0.00229581 0.0256965 0.00502674 3.10842E-4 
0.0356499 0.935087 2.96334E-4 0.00306138 0.0193928 0.00616139 3.50792E-4 
0.0419611 0.900956 3.65561E-4 0.00405325 0.0447224 0.00744897 4.92965E-4 
0.034567 0.939832 3.2384E-4 0.00489556 0.015083 0.00489111 4.07122E-4 
0.0153212 0.969071 1.57587E-4 0.00126626 0.0115203 0.00240453 2.58785E-4 
0.0214124 0.951298 1.73137E-4 0.00153931 0.021527 0.00373 3.19775E-4 
0.10471 0.869277 9.61825E-4 0.00469905 0.0123184 0.00684107 0.00119273 
0.289427 0.611846 0.00330911 0.0163239 0.0642917 0.0112885 0.00351433 
0.256122 0.458057 0.0039851 0.0204823 0.243145 0.0138494 0.00435885 
0.280907 0.245388 0.00766988 0.0186547 0.417307 0.0222459 0.0078276 
0.275662 0.196185 0.00969626 0.0209174 0.470612 0.0176295 0.00929803 
0.210991 0.134878 0.0128621 0.0124234 0.598908 0.0197733 0.0101634 
0.227601 0.0932539 0.0106952 0.0163263 0.628162 0.0156225 0.00833873 
0.34937 0.129969 0.0125043 0.0215228 0.459797 0.0163186 0.0105187 
0.262928 0.158332 0.00989451 0.0199286 0.520231 0.019027 0.00965893 
0.239873 0.10465 0.00701394 0.022493 0.605634 0.0133083 0.00702724 
0.253977 0.0810179 0.00807139 0.0154477 0.620651 0.0131628 0.00767275 
0.515296 0.189921 0.0131029 0.0174152 0.233111 0.0135331 0.0176215 
0.47593 0.120156 0.0103476 0.0214496 0.350577 0.0110827 0.0104571 
0.609485 0.082553 0.0105607 0.023152 0.25525 0.00897705 0.0100224 
0.721577 0.0369453 0.0137644 0.0294082 0.178464 0.0055298 0.0143114 
0.716687 0.0241201 0.0141393 0.0304219 0.198297 0.00363825 0.012696 
0.793544 0.0242939 0.0174616 0.0442481 0.101778 0.00578341 0.0128912 
0.823833 0.0243203 0.019774 0.0350279 0.0705808 0.00682988 0.0196337 
0.726081 0.0196047 0.0175901 0.0537703 0.158683 0.00615784 0.0181122 
0.797491 0.0179038 0.0272158 0.0581368 0.071756 0.00447228 0.0230244 
0.735851 0.0230715 0.0161157 0.0648597 0.141031 0.00399944 0.0150718 
0.78239 0.0291162 0.0179829 0.0380249 0.103963 0.00763851 0.020884 
0.745625 0.0406222 0.0233408 0.0178026 0.135365 0.0131906 0.0240532 
0.706313 0.0318685 0.0215604 0.0218387 0.182871 0.011586 0.0239621 
0.635837 0.0186286 0.0128037 0.0328541 0.278452 0.00359359 0.0178308 
0.788535 0.0117252 0.0200424 0.0819417 0.0754876 0.00378915 0.0184785 
0.817608 0.0333492 0.0173686 0.00781478 0.0976023 0.00573638 0.0205204 
0.745119 0.032983 0.015059 0.0175558 0.160469 0.0064185 0.0223957 
0.817893 0.0402146 0.0179389 0.0452705 0.0539987 0.00770943 0.0169753 
0.812315 0.026226 0.026917 0.0173179 0.0823209 0.00975546 0.0251479 
0.52625 0.0264664 0.0144402 0.265954 0.148315 0.00802469 0.0105495 
0.775409 0.0445995 0.0219158 0.022726 0.10224 0.00939845 0.0237116 
0.835277 0.0320487 0.0244038 0.0124409 0.0625996 0.00679566 0.0264347 
0.739882 0.0608142 0.0135375 0.0544674 0.104629 0.00916712 0.0175026 
0.704227 0.0829821 0.0218295 0.00733098 0.13115 0.0282391 0.0242415 
0.788328 0.0530561 0.0189 0.0138739 0.0781883 0.0141179 0.0335361 
0.871184 0.0299671 0.0212944 0.0121399 0.0209264 0.00684658 0.0376419 
0.822129 0.0280268 0.0244052 0.0186367 0.0614149 0.00962671 0.0357611 
0.863994 0.0207557 0.0145583 0.0702558 0.0161907 0.00332019 0.0109256 
0.777022 0.0188672 0.0152974 0.116486 0.0502427 0.00689254 0.0151924 
0.825743 0.0214117 0.021249 0.0470594 0.0409848 0.00943836 0.0341132 
0.850008 0.0248396 0.0161696 0.0450216 0.0381856 0.00829764 0.017478 
0.816191 0.0221423 0.0145389 0.0605159 0.0648705 0.00682134 0.0149197 
0.749419 0.0266612 0.0165554 0.117448 0.0619128 0.010756 0.0172474 
0.80819 0.0264335 0.0181457 0.0684918 0.0482375 0.00954748 0.0209541 
0.811803 0.0302141 0.0141517 0.0486816 0.0740284 0.00718483 0.0139368 
0.781564 0.0290854 0.0150183 0.0592811 0.0881736 0.00711339 0.0197644 
0.794922 0.0242084 0.0180779 0.0542248 0.071968 0.00701708 0.0295818 
0.833047 0.0216598 0.0193807 0.0431898 0.0423182 0.0104566 0.0299476 
0.818357 0.0223445 0.0158161 0.0688663 0.0472814 0.00793102 0.0194036 
0.741153 0.0334873 0.0118017 0.0354121 0.155804 0.00828153 0.0140611 
0.828982 0.0380358 0.016669 0.0188184 0.0647127 0.0108592 0.0219227 
0.854534 0.0338928 0.0172669 0.0213257 0.043547 0.0082255 0.0212083 
0.83902 0.0474403 0.017161 0.0223438 0.0412286 0.00927834 0.023528 
0.829309 0.0287191 0.0175234 0.0330215 0.0627606 0.00976511 0.0189017 
0.845742 0.0504074 0.0179226 0.0132255 0.0370622 0.0126121 0.023028 
0.805319 0.0515904 0.0216854 0.00748958 0.0559655 0.0128282 0.0451218 
0.788033 0.044772 0.0119028 0.0265979 0.104181 0.00834608 0.0161671 
0.727163 0.0317208 0.0176382 0.109465 0.0765164 0.0166307 0.0208662 
0.811884 0.0170589 0.0136665 0.0793882 0.0389709 0.00555486 0.0334763 
0.851469 0.0301717 0.0120472 0.0593346 0.0195138 0.00459146 0.0228721 
0.862461 0.0226701 0.0124944 0.0610487 0.0116064 0.00583728 0.0238816 
0.798607 0.0392733 0.0107638 0.0800755 0.0374231 0.00692873 0.0269286 
0.833376 0.0335152 0.0133928 0.0480873 0.0279017 0.00720432 0.0365232 
0.833287 0.0479902 0.0118894 0.039176 0.0277561 0.0108119 0.0290892 
0.798284 0.0362101 0.0113655 0.0462818 0.0654594 0.00900938 0.0333895 
0.817693 0.0330269 0.0112413 0.0885992 0.0206888 0.00648903 0.022262 
0.840091 0.0174384 0.0130325 0.0590947 0.0224989 0.00609576 0.0417483 
0.723782 0.0243643 0.0111706 0.183548 0.0326841 0.0052218 0.0192289 
0.791859 0.0170509 0.0152249 0.123763 0.0153494 0.00691331 0.0298393 
0.65151 0.0185736 0.0126619 0.279877 0.0120516 0.00633506 0.0189905 
0.630172 0.0177468 0.0123891 0.268685 0.0278258 0.0112957 0.0318855 
0.71909 0.0333815 0.0104076 0.166021 0.0289494 0.0119659 0.030185 
0.715771 0.0395368 0.0108542 0.184503 0.0126649 0.0106277 0.0260421 
0.714525 0.0232137 0.0123802 0.205464 0.00879118 0.00519571 0.0304295 
0.694012 0.0196638 0.0120698 0.237818 0.00838792 0.00526016 0.0227887 
0.75605 0.0235069 0.0130161 0.171574 0.00636915 0.0089633 0.020521 
0.701042 0.0251026 0.0132117 0.226426 0.00563203 0.00650295 0.0220828 
0.725109 0.0187621 0.0123588 0.204701 0.00940304 0.00751462 0.022152 
0.591271 0.0190376 0.0102513 0.343164 0.0162808 0.00488699 0.0151085 
0.588351 0.02303 0.0124179 0.329215 0.0118641 0.00579039 0.0293313 
0.682948 0.0193233 0.0128906 0.232888 0.0105793 0.00571928 0.0356522 
0.627051 0.0164399 0.0112266 0.29836 0.0108329 0.00391582 0.0321745 
0.471908 0.0221192 0.00829637 0.468011 0.0113803 0.00442329 0.0138625 
0.517114 0.0150795 0.0091054 0.432553 0.0104547 0.00379602 0.0118965 
0.617062 0.0179354 0.0134159 0.328767 0.00540981 0.00278611 0.0146241 
0.597431 0.0202471 0.00877315 0.343774 0.0145939 0.00432387 0.0108573 
0.474274 0.029831 0.00970828 0.451399 0.0176541 0.00399132 0.0131416 
0.829747 0.0212052 0.0117945 0.0729209 0.0215847 0.00846575 0.0342824 
0.767638 0.0233842 0.0131982 0.118205 0.0238546 0.010109 0.0436111 
0.828873 0.0320782 0.013368 0.055186 0.0178583 0.0115138 0.0411223 
0.825684 0.0315202 0.0157254 0.0567998 0.00914565 0.01385 0.0472752 
0.820552 0.0360107 0.0135876 0.0298455 0.0338845 0.0185458 0.0475734 
0.740865 0.0485983 0.0136403 0.0221637 0.116273 0.0278634 0.0305957 
0.279777 0.0930848 0.00843958 0.0123057 0.579903 0.0169138 0.00957611 
0.0707551 0.140274 0.00194146 0.00461272 0.76731 0.0130005 0.00210672 
0.0505497 0.556678 0.00134689 0.00439187 0.372406 0.0133016 0.00132525 
0.0488218 0.756488 6.50721E-4 0.00398416 0.178656 0.0104711 9.28262E-4 
0.0407161 0.879259 4.42429E-4 0.00357292 0.0688339 0.00671646 4.59195E-4 
0.0289073 0.937477 2.85877E-4 0.00229581 0.0256965 0.00502674 3.10842E-4 
0.0356499 0.935087 2.96334E-4 0.00306138 0.0193928 0.00616139 3.50792E-4 
0.0419611 0.900956 3.65561E-4 0.00405325 0.0447224 0.00744897 4.92965E-4 
0.034567 0.939832 3.2384E-4 0.00489556 0.015083 0.00489111 4.07122E-4 
0.0153212 0.969071 1.57587E-4 0.00126626 0.0115203 0.00240453 2.58785E-4 
0.0214124 0.951298 1.73137E-4 0.00153931 0.021527 0.00373 3.19775E-4 
0.10471 0.869277 9.61825E-4 0.00469905 0.0123184 0.00684107 0.00119273 
0.289427 0.611846 0.00330911 0.0163239 0.0642917 0.0112885 0.00351433 
0.256122 0.458057 0.0039851 0.0204823 0.243145 0.0138494 0.00435885 
0.280907 0.245388 0.00766988 0.0186547 0.417307 0.0222459 0.0078276 
0.275662 0.196185 0.00969626 0.0209174 0.470612 0.0176295 0.00929803 
0.210991 0.134878 0.0128621 0.0124234 0.598908 0.0197733 0.0101634 
0.227601 0.0932539 0.0106952 0.0163263 0.628162 0.0156225 0.00833873 
0.34937 0.129969 0.0125043 0.0215228 0.459797 0.0163186 0.0105187 
0.262928 0.158332 0.00989451 0.0199286 0.520231 0.019027 0.00965893 
0.239873 0.10465 0.00701394 0.022493 0.605634 0.0133083 0.00702724 
0.253977 0.0810179 0.00807139 0.0154477 0.620651 0.0131628 0.00767275 
0.515296 0.189921 0.0131029 0.0174152 0.233111 0.0135331 0.0176215 
0.47593 0.120156 0.0103476 0.0214496 0.350577 0.0110827 0.0104571 
0.609485 0.082553 0.0105607 0.023152 0.25525 0.00897705 0.0100224 
0.721577 0.0369453 0.0137644 0.0294082 0.178464 0.0055298 0.0143114 
0.716687 0.0241201 0.0141393 0.0304219 0.198297 0.00363825 0.012696 
0.793544 0.0242939 0.0174616 0.0442481 0.101778 0.00578341 0.0128912 
0.823833 0.0243203 0.019774 0.0350279 0.0705808 0.00682988 0.0196337 
0.726081 0.0196047 0.0175901 0.0537703 0.158683 0.00615784 0.0181122 
0.797491 0.0179038 0.0272158 0.0581368 0.071756 0.00447228 0.0230244 
0.735851 0.0230715 0.0161157 0.0648597 0.141031 0.00399944 0.0150718 
0.78239 0.0291162 0.0179829 0.0380249 0.103963 0.00763851 0.020884 
0.745625 0.0406222 0.0233408 0.0178026 0.135365 0.0131906 0.0240532 
0.706313 0.0318685 0.0215604 0.0218387 0.182871 0.011586 0.0239621 
0.635837 0.0186286 0.0128037 0.0328541 0.278452 0.00359359 0.0178308 
0.788535 0.0117252 0.0200424 0.0819417 0.0754876 0.00378915 0.0184785 
0.817608 0.0333492 0.0173686 0.00781478 0.0976023 0.00573638 0.0205204 
0.745119 0.032983 0.015059 0.0175558 0.160469 0.0064185 0.0223957 
0.817893 0.0402146 0.0179389 0.0452705 0.0539987 0.00770943 0.0169753 
0.812315 0.026226 0.026917 0.0173179 0.0823209 0.00975546 0.0251479 
0.52625 0.0264664 0.0144402 0.265954 0.148315 0.00802469 0.0105495 
0.775409 0.0445995 0.0219158 0.022726 0.10224 0.00939845 0.0237116 
0.835277 0.0320487 0.0244038 0.0124409 0.0625996 0.00679566 0.0264347 
0.739882 0.0608142 0.0135375 0.0544674 0.104629 0.00916712 0.0175026 
0.704227 0.0829821 0.0218295 0.00733098 0.13115 0.0282391 0.0242415 
0.788328 0.0530561 0.0189 0.0138739 0.0781883 0.0141179 0.0335361 
0.871184 0.0299671 0.0212944 0.0121399 0.0209264 0.00684658 0.0376419 
0.822129 0.0280268 0.0244052 0.0186367 0.0614149 0.00962671 0.0357611 
0.863994 0.0207557 0.0145583 0.0702558 0.0161907 0.00332019 0.0109256 
0.777022 0.0188672 0.0152974 0.116486 0.0502427 0.00689254 0.0151924 
0.825743 0.0214117 0.021249 0.0470594 0.0409848 0.00943836 0.0341132 
0.850008 0.0248396 0.0161696 0.0450216 0.0381856 0.00829764 0.017478 
0.816191 0.0221423 0.0145389 0.0605159 0.0648705 0.00682134 0.0149197 
0.749419 0.0266612 0.0165554 0.117448 0.0619128 0.010756 0.0172474 
0.80819 0.0264335 0.0181457 0.0684918 0.0482375 0.00954748 0.0209541 
0.811803 0.0302141 0.0141517 0.0486816 0.0740284 0.00718483 0.0139368 
0.781564 0.0290854 0.0150183 0.0592811 0.0881736 0.00711339 0.0197644 
0.794922 0.0242084 0.0180779 0.0542248 0.071968 0.00701708 0.0295818 
0.833047 0.0216598 0.0193807 0.0431898 0.0423182 0.0104566 0.0299476 
0.818357 0.0223445 0.0158161 0.0688663 0.0472814 0.00793102 0.0194036 
0.741153 0.0334873 0.0118017 0.0354121 0.155804 0.00828153 0.0140611 
0.828982 0.0380358 0.016669 0.0188184 0.0647127 0.0108592 0.0219227 
0.854534 0.0338928 0.0172669 0.0213257 0.043547 0.0082255 0.0212083 
0.876872 0.0324208 0.0139814 0.029173 0.0147529 0.00324268 0.0295573 
0.861928 0.0263614 0.0145949 0.0659419 0.0068332 0.00377946 0.0205608 
0.854618 0.0189619 0.0157027 0.0603333 0.00887975 0.00372499 0.0377794 
0.894436 0.0171089 0.0132945 0.044564 0.0120504 0.00233053 0.016216 
0.888355 0.013757 0.0152266 0.0373918 0.0122167 0.00374932 0.0293031 
0.884467 0.0199045 0.0131185 0.0412807 0.012156 0.00276103 0.0263122 
0.899894 0.0168563 0.0145967 0.0320392 0.0107237 0.00334205 0.0225484 
0.854799 0.0204144 0.0165788 0.0494048 0.0102182 0.0039424 0.0446423 
0.880134 0.0177678 0.016619 0.0366682 0.00477403 0.00349545 0.040541 
0.869643 0.0223879 0.0144777 0.0289394 0.0169842 0.00342134 0.0441467 
0.883683 0.0250821 0.0130235 0.037047 0.00671298 0.00391254 0.0305386 
0.860142 0.023558 0.014157 0.0363845 0.0167281 0.00455247 0.0444783 
0.886718 0.0259165 0.0113092 0.045213 0.00940805 0.00339244 0.0180427 
0.878899 0.0227883 0.0119245 0.0482452 0.0133918 0.00304314 0.0217076 
0.849319 0.0187743 0.0121948 0.040707 0.037385 0.00312316 0.038497 
0.887053 0.0188028 0.0151295 0.0277818 0.0133546 0.00247377 0.0354044 
0.854512 0.0161696 0.0179197 0.034439 0.013462 0.00366652 0.0598316 
0.859257 0.0192542 0.016118 0.0596999 0.0133712 0.00300611 0.0292938 
0.833657 0.0215338 0.016616 0.0676843 0.00795163 0.00419181 0.0483652 
0.84863 0.024852 0.0156251 0.0352829 0.0180211 0.00413941 0.0534497 
0.860736 0.0193193 0.0153794 0.0482403 0.0135326 0.00279383 0.0399981 
0.84917 0.0212982 0.0172918 0.0503508 0.0086691 0.00292847 0.050292 
0.819123 0.0257453 0.0151253 0.0677869 0.010817 0.00331969 0.058083 
0.816582 0.0226088 0.0185471 0.045935 0.0156858 0.00308959 0.0775521 
0.821804 0.0244668 0.0173587 0.0530227 0.00930177 0.00365542 0.0703903 
0.840386 0.0234275 0.014797 0.0585557 0.0114796 0.00276156 0.0485931 
0.87063 0.0197046 0.0158205 0.0433872 0.00900769 0.00325653 0.0381931 
0.844463 0.0183136 0.0163888 0.0350903 0.0161748 0.00355369 0.0660162 
0.878909 0.0199042 0.0165604 0.0220706 0.0108995 0.00316658 0.0484901 
0.878818 0.0255635 0.0156405 0.0340148 0.00939164 0.00286415 0.0337075 
0.864174 0.0166855 0.0171592 0.0578353 0.00367958 0.00365595 0.0368105 
0.837026 0.0192256 0.0157109 0.0569472 0.0147111 0.00336427 0.0530148 
0.824905 0.0225962 0.0144277 0.0591825 0.0221664 0.00480228 0.0519201 
0.81813 0.019174 0.0135938 0.0982256 0.0115349 0.00251071 0.0368305 
0.801535 0.0210545 0.0138585 0.111581 0.0168669 0.0037046 0.0313991 
0.842623 0.0260118 0.0127178 0.0693446 0.0116475 0.00409327 0.0335617 
0.852936 0.0217115 0.0113203 0.0588022 0.0243221 0.00413375 0.0267741 
0.880518 0.0251408 0.0117449 0.044443 0.0104428 0.00437537 0.0233352 
0.863974 0.0308865 0.0113839 0.038267 0.0195006 0.00457848 0.0314093 
0.849143 0.029112 0.0120072 0.0619599 0.0104733 0.00414285 0.0331613 
0.857697 0.029761 0.0111852 0.0368852 0.0290399 0.00557182 0.02986 
0.829616 0.0334692 0.0109075 0.0852496 0.0115161 0.00291822 0.0263236 
0.847837 0.0205027 0.0109096 0.0776865 0.0192413 0.00345446 0.0203685 
0.876872 0.0324208 0.0139814 0.029173 0.0147529 0.00324268 0.0295573 
0.861928 0.0263614 0.0145949 0.0659419 0.0068332 0.00377946 0.0205608 
0.854618 0.0189619 0.0157027 0.0603333 0.00887975 0.00372499 0.0377794 
0.894436 0.0171089 0.0132945 0.044564 0.0120504 0.00233053 0.016216 
0.888355 0.013757 0.0152266 0.0373918 0.0122167 0.00374932 0.0293031 
0.884467 0.0199045 0.0131185 0.0412807 0.012156 0.00276103 0.0263122 
0.899894 0.0168563 0.0145967 0.0320392 0.0107237 0.00334205 0.0225484 
0.854799 0.0204144 0.0165788 0.0494048 0.0102182 0.0039424 0.0446423 
0.880134 0.0177678 0.016619 0.0366682 0.00477403 0.00349545 0.040541 
0.869643 0.0223879 0.0144777 0.0289394 0.0169842 0.00342134 0.0441467 
0.883683 0.0250821 0.0130235 0.037047 0.00671298 0.00391254 0.0305386 
0.860142 0.023558 0.014157 0.0363845 0.0167281 0.00455247 0.0444783 
0.886718 0.0259165 0.0113092 0.045213 0.00940805 0.00339244 0.0180427 
0.878899 0.0227883 0.0119245 0.0482452 0.0133918 0.00304314 0.0217076 
0.849319 0.0187743 0.0121948 0.040707 0.037385 0.00312316 0.038497 
0.887053 0.0188028 0.0151295 0.0277818 0.0133546 0.00247377 0.0354044 
0.854512 0.0161696 0.0179197 0.034439 0.013462 0.00366652 0.0598316 
0.859257 0.0192542 0.016118 0.0596999 0.0133712 0.00300611 0.0292938 
0.833657 0.0215338 0.016616 0.0676843 0.00795163 0.00419181 0.0483652 
0.84863 0.024852 0.0156251 0.0352829 0.0180211 0.00413941 0.0534497 
0.860736 0.0193193 0.0153794 0.0482403 0.0135326 0.00279383 0.0399981 
0.84917 0.0212982 0.0172918 0.0503508 0.0086691 0.00292847 0.050292 
0.819123 0.0257453 0.0151253 0.0677869 0.010817 0.00331969 0.058083 
0.816582 0.0226088 0.0185471 0.045935 0.0156858 0.00308959 0.0775521 
0.821804 0.0244668 0.0173587 0.0530227 0.00930177 0.00365542 0.0703903 
0.840386 0.0234275 0.014797 0.0585557 0.0114796 0.00276156 0.0485931 
0.87063 0.0197046 0.0158205 0.0433872 0.00900769 0.00325653 0.0381931 
0.844463 0.0183136 0.0163888 0.0350903 0.0161748 0.00355369 0.0660162 
0.878909 0.0199042 0.0165604 0.0220706 0.0108995 0.00316658 0.0484901 
0.878818 0.0255635 0.0156405 0.0340148 0.00939164 0.00286415 0.0337075 
0.864174 0.0166855 0.0171592 0.0578353 0.00367958 0.00365595 0.0368105 
0.837026 0.0192256 0.0157109 0.0569472 0.0147111 0.00336427 0.0530148 
0.824905 0.0225962 0.0144277 0.0591825 0.0221664 0.00480228 0.0519201 
0.81813 0.019174 0.0135938 0.0982256 0.0115349 0.00251071 0.0368305 
0.801535 0.0210545 0.0138585 0.111581 0.0168669 0.0037046 0.0313991 
0.842623 0.0260118 0.0127178 0.0693446 0.0116475 0.00409327 0.0335617 
0.852936 0.0217115 0.0113203 0.0588022 0.0243221 0.00413375 0.0267741 
0.880518 0.0251408 0.0117449 0.044443 0.0104428 0.00437537 0.0233352 
0.863974 0.0308865 0.0113839 0.038267 0.0195006 0.00457848 0.0314093 
0.849143 0.029112 0.0120072 0.0619599 0.0104733 0.00414285 0.0331613 
0.857697 0.029761 0.0111852 0.0368852 0.0290399 0.00557182 0.02986 
0.829616 0.0334692 0.0109075 0.0852496 0.0115161 0.00291822 0.0263236 
0.847837 0.0205027 0.0109096 0.0776865 0.0192413 0.00345446 0.0203685 
0.707175 0.0361484 0.0122302 0.225335 0.00267377 0.00204395 0.0143937 
0.695244 0.0270649 0.00926342 0.23181 0.00866819 0.00221047 0.0257399 
0.792389 0.021694 0.0133271 0.0951586 0.00487806 0.0036023 0.068951 
0.781946 0.0290972 0.00987105 0.141619 0.00551984 0.00245936 0.0294876 
0.728301 0.0314668 0.00903262 0.207243 0.00644674 0.00227286 0.015237 
0.655576 0.0200285 0.0134175 0.292992 0.00299109 0.00109457 0.0138999 
0.649595 0.019543 0.0110303 0.298953 0.00379938 0.00135311 0.0157269 
0.598932 0.0291614 0.0169827 0.335334 0.0016434 0.00143069 0.0165156 
0.66984 0.035806 0.00973084 0.263796 0.00608662 0.00144429 0.0132963 
0.834524 0.0280055 0.00778812 0.10473 0.0123882 0.00187655 0.0106881 
0.714915 0.031909 0.00845922 0.229605 0.00647868 0.00144539 0.00718787 
0.752961 0.0319065 0.00975679 0.181945 0.00533909 0.00191057 0.0161807 
0.839485 0.0305121 0.00969743 0.0937867 0.00966298 0.00158867 0.0152673 
0.795166 0.0292634 0.00844365 0.136806 0.010065 0.00274057 0.0175153 
0.633226 0.0245385 0.00918819 0.314696 0.00552782 0.00190841 0.0109147 
0.758138 0.0247709 0.0106489 0.185058 0.00387681 0.0025052 0.0150024 
0.712217 0.0246598 0.014119 0.233631 0.00226252 0.00172356 0.0113866 
0.876108 0.0341021 0.00952214 0.0466871 0.00395673 0.00836179 0.0212624 
0.862255 0.0314501 0.0104892 0.0761402 0.00291483 0.00406302 0.0126874 
0.776792 0.0577308 0.0114862 0.128347 0.00334998 0.00563917 0.0166544 
0.800035 0.0448427 0.0104512 0.120622 0.00503742 0.00343598 0.0155754 
0.735484 0.0248616 0.0111935 0.2167 0.00384793 0.00127217 0.0066412 
0.621175 0.0393913 0.00850818 0.315305 0.00800517 0.00118734 0.00642863 
0.590412 0.0274534 0.00759927 0.35286 0.0129672 0.00152622 0.00718216 
0.621901 0.0282371 0.0082196 0.320413 0.0121438 0.00107368 0.00801186 
0.626064 0.0252498 0.00876249 0.317925 0.00750648 0.00146208 0.0130302 
0.805379 0.0270403 0.0105832 0.135416 0.00446178 0.0016124 0.0155072 
0.745696 0.025002 0.00810093 0.193879 0.00826516 0.00196508 0.0170919 
0.774143 0.019138 0.00752427 0.144019 0.0277559 0.00296995 0.0244504 
0.876872 0.0324208 0.0139814 0.029173 0.0147529 0.00324268 0.0295573 
0.861928 0.0263614 0.0145949 0.0659419 0.0068332 0.00377946 0.0205608 
0.854618 0.0189619 0.0157027 0.0603333 0.00887975 0.00372499 0.0377794 
0.894436 0.0171089 0.0132945 0.044564 0.0120504 0.00233053 0.016216 
0.888355 0.013757 0.0152266 0.0373918 0.0122167 0.00374932 0.0293031 
0.884467 0.0199045 0.0131185 0.0412807 0.012156 0.00276103 0.0263122 
0.899894 0.0168563 0.0145967 0.0320392 0.0107237 0.00334205 0.0225484 
0.854799 0.0204144 0.0165788 0.0494048 0.0102182 0.0039424 0.0446423 
0.880134 0.0177678 0.016619 0.0366682 0.00477403 0.00349545 0.040541 
0.869643 0.0223879 0.0144777 0.0289394 0.0169842 0.00342134 0.0441467 
0.883683 0.0250821 0.0130235 0.037047 0.00671298 0.00391254 0.0305386 
0.860142 0.023558 0.014157 0.0363845 0.0167281 0.00455247 0.0444783 
0.886718 0.0259165 0.0113092 0.045213 0.00940805 0.00339244 0.0180427 
0.878899 0.0227883 0.0119245 0.0482452 0.0133918 0.00304314 0.0217076 
0.849319 0.0187743 0.0121948 0.040707 0.037385 0.00312316 0.038497 
0.887053 0.0188028 0.0151295 0.0277818 0.0133546 0.00247377 0.0354044 
0.854512 0.0161696 0.0179197 0.034439 0.013462 0.00366652 0.0598316 
0.859257 0.0192542 0.016118 0.0596999 0.0133712 0.00300611 0.0292938 
0.833657 0.0215338 0.016616 0.0676843 0.00795163 0.00419181 0.0483652 
0.84863 0.024852 0.0156251 0.0352829 0.0180211 0.00413941 0.0534497 
0.860736 0.0193193 0.0153794 0.0482403 0.0135326 0.00279383 0.0399981 
0.84917 0.0212982 0.0172918 0.0503508 0.0086691 0.00292847 0.050292 
0.819123 0.0257453 0.0151253 0.0677869 0.010817 0.00331969 0.058083 
0.816582 0.0226088 0.0185471 0.045935 0.0156858 0.00308959 0.0775521 
0.821804 0.0244668 0.0173587 0.0530227 0.00930177 0.00365542 0.0703903 
0.840386 0.0234275 0.014797 0.0585557 0.0114796 0.00276156 0.0485931 
0.87063 0.0197046 0.0158205 0.0433872 0.00900769 0.00325653 0.0381931 
0.844463 0.0183136 0.0163888 0.0350903 0.0161748 0.00355369 0.0660162 
0.878909 0.0199042 0.0165604 0.0220706 0.0108995 0.00316658 0.0484901 
0.878818 0.0255635 0.0156405 0.0340148 0.00939164 0.00286415 0.0337075 
0.864174 0.0166855 0.0171592 0.0578353 0.00367958 0.00365595 0.0368105 
0.837026 0.0192256 0.0157109 0.0569472 0.0147111 0.00336427 0.0530148 
0.824905 0.0225962 0.0144277 0.0591825 0.0221664 0.00480228 0.0519201 
0.81813 0.019174 0.0135938 0.0982256 0.0115349 0.00251071 0.0368305 
0.801535 0.0210545 0.0138585 0.111581 0.0168669 0.0037046 0.0313991 
0.842623 0.0260118 0.0127178 0.0693446 0.0116475 0.00409327 0.0335617 
0.852936 0.0217115 0.0113203 0.0588022 0.0243221 0.00413375 0.0267741 
0.880518 0.0251408 0.0117449 0.044443 0.0104428 0.00437537 0.0233352 
0.863974 0.0308865 0.0113839 0.038267 0.0195006 0.00457848 0.0314093 
0.849143 0.029112 0.0120072 0.0619599 0.0104733 0.00414285 0.0331613 
0.857697 0.029761 0.0111852 0.0368852 0.0290399 0.00557182 0.02986 
0.829616 0.0334692 0.0109075 0.0852496 0.0115161 0.00291822 0.0263236 
0.847837 0.0205027 0.0109096 0.0776865 0.0192413 0.00345446 0.0203685 
0.830218 0.0220667 0.00898147 0.105048 0.0119121 0.00301047 0.0187637 
0.587446 0.0272937 0.00911776 0.349682 0.00980567 0.0039912 0.0126634 
0.621972 0.0261208 0.0111152 0.315629 0.00513447 0.00352018 0.0165086 
0.767084 0.0268891 0.0107663 0.170933 0.00666375 0.00369326 0.0139713 
0.675566 0.0143562 0.0127427 0.28307 0.00471642 0.00152458 0.00802415 
0.802854 0.018069 0.0103102 0.141556 0.00854278 0.00259021 0.0160772 
0.842371 0.0207139 0.0096914 0.0978775 0.00826313 0.00477592 0.0163076 
0.782423 0.0163894 0.0100993 0.162905 0.0109792 0.00230836 0.0148961 
0.792891 0.0262086 0.00924 0.136948 0.0191349 0.00260878 0.0129684 
0.839041 0.0220235 0.0089553 0.0974966 0.0149277 0.00241186 0.0151441 
0.888426 0.030627 0.0154332 0.0196917 0.0150546 0.00279362 0.0279737 
0.872046 0.0107991 0.0798204 0.00282263 0.00108155 0.0153139 0.018117 
0.858396 0.0208789 0.055953 0.00222867 0.00345752 0.0113141 0.0477721 
0.865206 0.0130042 0.0340451 0.00348268 0.00555499 0.0075827 0.0711246 
0.896075 0.0136921 0.030539 0.008607 0.00503467 0.0126788 0.0333733 
0.678872 0.0113103 0.0274524 0.232025 0.0100196 0.00772317 0.0325972 
0.684468 0.0090864 0.0458859 0.202406 0.0056353 0.00546296 0.0470557 
0.72669 0.0190485 0.0223561 0.16876 0.019168 0.00943239 0.0345443 
0.598223 0.0193247 0.0215305 0.303296 0.00827351 0.0130294 0.0363227 
0.833729 0.0134258 0.0212069 0.0867728 0.00924381 0.00637257 0.0292492 
0.786307 0.0117199 0.0212712 0.133367 0.0101448 0.00533917 0.0318503 
0.838027 0.0161788 0.0167646 0.0792045 0.0104294 0.0054227 0.033973 
0.735608 0.0157308 0.01782 0.162358 0.0074844 0.00929196 0.0517073 
0.787764 0.0137117 0.017291 0.107816 0.0131832 0.0106687 0.049566 
0.814121 0.0140914 0.0157454 0.107106 0.00930867 0.00842881 0.0311988 
0.741178 0.0177735 0.0125807 0.189008 0.0166073 0.00522561 0.0176272 
0.650075 0.0140804 0.013655 0.290057 0.0112184 0.0052304 0.0156838 
0.555137 0.0115979 0.0151297 0.391198 0.00660211 0.00380389 0.0165317 
0.468089 0.0124148 0.0115899 0.488489 0.00745722 0.00327525 0.00868488 
0.696969 0.0175097 0.0155042 0.235751 0.00630496 0.00829353 0.0196674 
0.488692 0.0112919 0.0154333 0.464529 0.0045178 0.00416178 0.0113737 
0.610206 0.018907 0.0119609 0.329773 0.0111085 0.00382731 0.0142168 
0.820871 0.0201539 0.0166418 0.108962 0.00732574 0.00310102 0.0229441 
0.857817 0.0246404 0.0210974 0.0695977 0.00286146 0.00230995 0.0216764 
0.818301 0.0268653 0.0198931 0.110577 0.00322003 0.0018747 0.0192684 
0.844208 0.0235755 0.0169299 0.0893754 0.00628188 0.00193127 0.0176981 
0.73878 0.01859 0.0163638 0.206435 0.00573598 0.00170287 0.0123928 
0.869799 0.0244503 0.0171044 0.0615861 0.00447641 0.00298088 0.0196027 
0.882184 0.0235045 0.0157489 0.0149484 0.00643308 0.015606 0.0415753 
0.864823 0.0195782 0.0195691 0.0236632 0.00541564 0.00614057 0.06081 
0.887031 0.0235969 0.0163229 0.0405502 0.00665633 0.00301778 0.0228251 
0.852598 0.0244784 0.0201506 0.0733609 0.0042671 0.00237282 0.0227723 
0.837902 0.0223227 0.0168527 0.0938837 0.0055951 0.0028411 0.0206023 
0.744252 0.0227502 0.017736 0.19861 0.00458662 0.00149587 0.0105693 
0.851419 0.0206553 0.016414 0.0854959 0.00439554 0.00252967 0.0190905 
0.872951 0.0240887 0.0131077 0.0647311 0.00683963 0.0028305 0.0154513 
0.878458 0.0142776 0.0155708 0.0654031 0.00500352 0.00325651 0.0180306 
0.834383 0.0181658 0.0131092 0.0943703 0.00712819 0.00595607 0.0268869 
0.801497 0.0165258 0.013949 0.132727 0.00727204 0.00402509 0.0240042 
0.818663 0.0127651 0.0169938 0.103706 0.00744492 0.00433142 0.0360956 
0.833239 0.0112104 0.0175813 0.104377 0.00754998 0.0023568 0.0236851 
0.797709 0.00876091 0.0191232 0.139701 0.00912373 0.00149774 0.0240845 
0.820684 0.0145681 0.0183593 0.0542523 0.0169252 0.00388572 0.0713256 
0.881637 0.016274 0.0140765 0.0458724 0.0131425 0.0034258 0.0255723 
0.848784 0.0142491 0.021781 0.0539249 0.00612795 0.00301941 0.0521132 
0.860484 0.01153 0.0164709 0.0763492 0.0111363 0.00202498 0.0220052 
0.856831 0.0190654 0.0131109 0.07427 0.0121437 0.00233007 0.022249 
0.780314 0.0198795 0.0225036 0.104276 0.00682487 0.0179176 0.0482841 
0.750499 0.0136216 0.0277856 0.139867 0.00778174 0.0107646 0.0496803 
0.647315 0.0135579 0.044633 0.152126 0.008047 0.0203239 0.113997 
0.565528 0.0132176 0.0391188 0.299602 0.00514614 0.0123543 0.0650337 
0.736773 0.0135551 0.0313134 0.141938 0.00873932 0.0115429 0.0561381 
0.745787 0.0139653 0.0235599 0.126553 0.0121979 0.0168852 0.0610519 
0.806178 0.0143897 0.0260151 0.0630971 0.00681443 0.0242328 0.0592728 
0.828473 0.013771 0.0284695 0.0686502 0.00458686 0.0143406 0.0417091 
0.777377 0.0133294 0.0257635 0.104644 0.00974504 0.0142842 0.054856 
0.686814 0.00905438 0.0254381 0.215127 0.0179388 0.00798642 0.0376405 
0.706834 0.00860222 0.0393746 0.14755 0.0122559 0.0111931 0.0741899 
0.59395 0.00905114 0.045083 0.249213 0.00920532 0.0105986 0.0828993 
0.731026 0.0162933 0.0403373 0.0162932 0.0127526 0.0278581 0.15544 
0.743245 0.0179441 0.0333889 0.0125701 0.0193557 0.031368 0.142128 
0.749913 0.0152248 0.0321211 0.019216 0.0152114 0.0243458 0.143968 
0.73653 0.0104493 0.0362198 0.0674373 0.0171999 0.015717 0.116447 
0.833441 0.0126471 0.0280537 0.0412476 0.0059632 0.0133707 0.0652763 
0.774565 0.01412 0.0313155 0.0678507 0.00679682 0.0188011 0.0865504 
0.694515 0.0143816 0.0277514 0.181949 0.00688391 0.0105131 0.0640057 
0.730713 0.016582 0.0214238 0.191911 0.00671706 0.00543698 0.0272158 
0.67705 0.0175738 0.0204635 0.22927 0.00880488 0.00970986 0.0371279 
0.678374 0.0125588 0.0155526 0.241775 0.0189688 0.00886067 0.0239095 
0.687966 0.0124755 0.0198992 0.20291 0.0158724 0.0118333 0.0490436 
0.816215 0.0118051 0.0313637 0.0512509 0.0104511 0.00841999 0.0704945 
0.742408 0.0107329 0.0575469 0.00319359 0.00174575 0.0177701 0.166603 
0.662328 0.0475599 0.0355467 0.00387107 0.0197963 0.017994 0.212904 
0.868153 0.0419431 0.0181765 0.0151774 0.00859607 0.0126254 0.0353288 
0.778403 0.0721009 0.0125616 0.0469553 0.060205 0.008936 0.0208384 
0.551139 0.184741 0.00897102 0.183151 0.0568555 0.00571438 0.00942722 
0.708169 0.206637 0.0078206 0.0276445 0.0274376 0.00877406 0.0135163 
0.663473 0.222676 0.00781677 0.0370423 0.0249385 0.0285072 0.0155469 
0.594189 0.120919 0.00614945 0.162263 0.0943174 0.0118703 0.0102926 
0.672236 0.195069 0.00597031 0.0443325 0.051171 0.0107108 0.0205097 
0.664428 0.206299 0.0056116 0.0924555 0.0110551 0.0127202 0.0074307 
0.696904 0.143379 0.0047635 0.119047 0.019474 0.00962539 0.00680779 
0.823186 0.0796899 0.0095056 0.0297837 0.00862445 0.0368272 0.012383 
0.821192 0.0647032 0.0114812 0.036434 0.0200874 0.0247276 0.0213749 
0.642429 0.105659 0.00668081 0.174134 0.0528714 0.0100055 0.00821984 
0.480331 0.0551639 0.00693917 0.411774 0.0351486 0.00361023 0.00703394 
0.492371 0.0987545 0.0132943 0.367739 0.00865981 0.00794441 0.0112365 
0.66498 0.134153 0.0102812 0.135492 0.0328517 0.00387009 0.0183722 
0.697573 0.0806485 0.00964141 0.161107 0.0358775 0.00328293 0.0118696 
0.749637 0.0534148 0.0113785 0.162453 0.0117206 0.00329572 0.00810043 
0.815842 0.0636624 0.0160051 0.0900997 0.00377388 0.00251041 0.00810702 
0.596153 0.0818587 0.00998903 0.289421 0.0106105 0.00493932 0.00702797 
0.570081 0.0852592 0.0106712 0.313044 0.00905264 0.00315542 0.00873642 
0.475259 0.0849455 0.0097919 0.392793 0.0204552 0.00513793 0.0116183 
0.575638 0.13061 0.00963166 0.239057 0.02571 0.00737922 0.0119738 
0.758878 0.0215502 0.0120866 0.139012 0.0361516 0.011368 0.0209537 
0.764905 0.0218605 0.0111159 0.155188 0.0257697 0.00664187 0.0145187 
0.757815 0.0388932 0.0092304 0.149517 0.0262238 0.00681262 0.0115072 
0.81582 0.0374834 0.0102124 0.0855726 0.0189177 0.0134928 0.018501 
0.784549 0.0366408 0.00976861 0.131734 0.012976 0.011448 0.0128835 
0.688886 0.0258053 0.00882543 0.221292 0.0335402 0.00910331 0.0125477 
0.78142 0.0222358 0.0121016 0.136132 0.0137207 0.0107253 0.0236653 
0.823498 0.0285148 0.0118747 0.0936126 0.0197905 0.00831313 0.0143959 
0.760039 0.0168684 0.0115446 0.177337 0.018149 0.00536181 0.0107006 
0.806927 0.029693 0.0110841 0.112934 0.0215724 0.00566634 0.0121237 
0.770808 0.0160061 0.0169599 0.131908 0.0421906 0.00985664 0.0122703 
0.760899 0.012729 0.076436 0.00454081 0.00439505 0.0808113 0.0601883 
0.737149 0.00518611 0.0997774 0.00161162 0.00214478 0.00594186 0.148189 
0.857177 0.00807398 0.0664766 0.00252901 0.00371688 0.0102014 0.0518248 
0.795107 0.0190291 0.0971207 0.00185549 0.00561855 0.0204505 0.0608183 
0.844671 0.00724506 0.0767595 0.0048497 0.00858698 0.0193004 0.0385877 
0.832671 0.00541445 0.0937272 0.00350193 0.00724293 0.0235455 0.033897 
0.780958 0.00779364 0.120932 0.00292503 0.00349422 0.0314284 0.0524685 
0.7964 0.012413 0.128466 0.00218077 0.0059917 0.0208222 0.0337263 
0.722402 0.0115933 0.147521 0.00341665 0.00685493 0.0567059 0.0515064 
0.72586 0.0117897 0.128233 0.00392547 0.00308363 0.0865293 0.040578 
0.763329 0.0210347 0.0977698 0.00337819 0.00849617 0.0730263 0.0329654 
0.762775 0.026416 0.0845164 0.00402077 0.00788657 0.0906489 0.0237363 
0.793492 0.015594 0.075228 0.00410439 0.00841625 0.0746378 0.0285276 
0.815916 0.0133746 0.0862051 0.00319926 0.00679663 0.0430619 0.0314468 
0.858896 0.00980167 0.0596014 0.00452914 0.00586311 0.0236895 0.0376193 
0.879825 0.0115148 0.0496797 0.00671 0.00600007 0.0194102 0.0268606 
0.844421 0.00980367 0.0481378 0.043712 0.00740044 0.0170803 0.0294449 
0.885288 0.0123266 0.0370846 0.0302614 0.00662502 0.011592 0.0168222 
0.880993 0.0183218 0.0304374 0.0267801 0.0135692 0.0100533 0.0198452 
0.867497 0.0198266 0.0274809 0.0441067 0.0166228 0.00652182 0.0179446 
0.888265 0.0201755 0.0269638 0.0211315 0.00573353 0.00750657 0.0302243 
0.881581 0.0250555 0.0277195 0.0106032 0.00981491 0.0149858 0.0302404 
0.904865 0.0192768 0.0217845 0.0149481 0.00888924 0.00729026 0.022946 
0.888857 0.0254842 0.0220992 0.026227 0.0102885 0.00613534 0.0209091 
0.859999 0.0324556 0.0168728 0.0437637 0.0209318 0.0107338 0.0152433 
0.83076 0.0178656 0.0221407 0.081094 0.0156583 0.0145166 0.0179643 
0.882082 0.0153876 0.0223504 0.0325513 0.0106409 0.013 0.0239876 
0.843207 0.015449 0.0240188 0.0633952 0.00892341 0.016559 0.0284472 
0.881973 0.0164107 0.0211218 0.0474084 0.00502492 0.0101705 0.0178912 
0.877501 0.0255842 0.0160662 0.0387404 0.0169297 0.010572 0.0146066 
0.869449 0.025245 0.0139338 0.0463393 0.020604 0.0114404 0.0129883 
0.835872 0.017937 0.0175672 0.0701442 0.0151958 0.0180203 0.0252639 
0.856357 0.0198237 0.0225708 0.0319581 0.0189793 0.0180869 0.0322244 
0.828664 0.0206768 0.0247867 0.0282083 0.0166333 0.0238675 0.0571629 
0.693144 0.0216076 0.0220393 0.17508 0.0133323 0.0260968 0.0487001 
0.791989 0.0226243 0.0168942 0.116598 0.0178809 0.0141316 0.0198827 
0.778024 0.0310433 0.0126035 0.13403 0.0196989 0.00825852 0.0163411 
0.86594 0.0428678 0.0146694 0.0357308 0.011851 0.00699291 0.0219484 
0.877936 0.0397158 0.0172365 0.0231505 0.00856279 0.00567623 0.0277221 
0.881726 0.0427228 0.016967 0.0186181 0.00987329 0.00518296 0.0249095 
0.865538 0.0378809 0.0184264 0.014945 0.0140794 0.0110995 0.0380308 
0.874284 0.0312533 0.0163128 0.0312394 0.0160831 0.00573995 0.0250879 
0.871009 0.0247795 0.0183056 0.0292444 0.0184919 0.00768535 0.0304843 
0.858538 0.021378 0.0227426 0.0247467 0.0141959 0.0118609 0.0465374 
0.86618 0.0271611 0.0227399 0.0178255 0.00840053 0.01378 0.0439126 
0.806068 0.0264056 0.024699 0.0195687 0.012029 0.0171558 0.0940736 
0.861098 0.0211833 0.0227805 0.0392126 0.00600776 0.00874828 0.0409693 
0.888364 0.0322844 0.0163008 0.0272041 0.00882058 0.00636309 0.0206626 
0.869935 0.0463628 0.0147147 0.0223193 0.0183305 0.00804953 0.020288 
0.88295 0.0327355 0.0179939 0.0154701 0.00975625 0.00889017 0.0322045 
0.879792 0.0371159 0.0148706 0.0238059 0.0178512 0.00795026 0.0186146 
0.891753 0.0295434 0.0162442 0.0182512 0.0176747 0.00647406 0.0200589 
0.903076 0.0214752 0.0187232 0.0139347 0.00698858 0.00980414 0.0259983 
0.887615 0.0296769 0.0185397 0.0200422 0.00854201 0.00959127 0.0259928 
0.890004 0.0292296 0.0178114 0.0159572 0.009637 0.0109514 0.0264095 
0.891499 0.0216329 0.0210715 0.0170984 0.00947253 0.0132893 0.025936 
0.86824 0.0192367 0.0236512 0.0125856 0.0181501 0.0131715 0.0449651 
0.847478 0.0184032 0.0220197 0.033523 0.0287976 0.0138905 0.0358881 
0.867114 0.019445 0.0201627 0.0255311 0.0270544 0.0110126 0.0296805 
0.857478 0.0198696 0.0247537 0.0253367 0.0164965 0.0131136 0.0429515 
0.795557 0.023146 0.0127759 0.0790335 0.02589 0.00459043 0.0590069 
0.831256 0.0154329 0.0138582 0.0819506 0.0154463 0.00292379 0.0391324 
0.796952 0.0121428 0.0144151 0.126861 0.0128844 0.00350159 0.0332437 
0.811371 0.0144824 0.0141591 0.10943 0.00980834 0.00329099 0.0374585 
0.716304 0.0167631 0.0116572 0.202355 0.0180734 0.00382445 0.0310229 
0.712819 0.0174573 0.00959085 0.21336 0.0255486 0.00450806 0.0167162 
0.85683 0.0271251 0.0106598 0.0523277 0.00928824 0.00818914 0.0355795 
0.839528 0.0463757 0.00950193 0.05645 0.0163956 0.00712276 0.0246258 
0.7819 0.023684 0.00947772 0.119488 0.0395611 0.00461298 0.0212763 
0.723604 0.0153726 0.0114245 0.201003 0.0177198 0.00378578 0.0270907 
0.705633 0.0191962 0.00980812 0.213028 0.0237488 0.00327194 0.0253147 
0.745479 0.022574 0.0105046 0.173728 0.0234411 0.00456662 0.0197076 
0.812807 0.033425 0.00940918 0.101698 0.0206092 0.00468225 0.0173699 
0.734063 0.0306631 0.00946546 0.187085 0.0153408 0.00327231 0.020111 
0.685962 0.0219785 0.0102037 0.244331 0.0119997 0.0040497 0.0214756 
0.638477 0.0250157 0.0099006 0.273144 0.0231438 0.0036588 0.0266607 
0.655038 0.0219249 0.0105496 0.280277 0.0115832 0.00310706 0.0175207 
0.701729 0.0216865 0.0119037 0.214528 0.013362 0.00357461 0.0332168 
0.672868 0.0212294 0.00990879 0.253834 0.0175048 0.00281515 0.0218398 
0.704347 0.0201664 0.011605 0.206438 0.019815 0.00256147 0.0350671 
0.757492 0.02647 0.0119317 0.158196 0.0140348 0.00295317 0.0289222 
0.636105 0.0285689 0.0107875 0.302175 0.00805803 0.00224676 0.0120595 
0.688127 0.0249398 0.0106551 0.247787 0.0123992 0.00180424 0.0142871 
0.75711 0.0262372 0.00891022 0.173445 0.0186669 0.00425188 0.0113789 
0.856543 0.0236096 0.00914748 0.0611119 0.0280765 0.00460241 0.0169091 
0.835121 0.0174155 0.0108287 0.0823477 0.0171409 0.00417556 0.032971 
0.685597 0.0141839 0.00982374 0.249191 0.0231724 0.00327985 0.014752 
0.710116 0.0149613 0.0117475 0.241367 0.00708786 0.00249318 0.0122269 
0.761319 0.0213493 0.0114581 0.181506 0.00814154 0.00217594 0.0140496 
0.664691 0.0194946 0.0118111 0.26933 0.0107971 0.00174563 0.0221306 
0.693733 0.0282704 0.0105431 0.224842 0.0145958 0.002546 0.0254695 
0.677192 0.0254476 0.00980363 0.236785 0.0195488 0.00501462 0.0262081 
0.771064 0.0296523 0.0107446 0.128707 0.014816 0.00455259 0.0404645 
0.852363 0.0261658 0.0086508 0.0804372 0.00998303 0.00546269 0.0169375 
0.821314 0.0279682 0.00997738 0.0945043 0.0172298 0.00413673 0.0248697 
0.812236 0.0253543 0.0123238 0.102153 0.0119629 0.00469973 0.0312704 
0.723758 0.0209082 0.0103471 0.196884 0.0195758 0.00409142 0.0244355 
0.674077 0.0140054 0.0103454 0.246963 0.0241382 0.00358136 0.0268896 
0.766789 0.015002 0.0114108 0.158795 0.0177771 0.00336253 0.0268641 
0.832603 0.0132057 0.0123437 0.0813865 0.021174 0.00327788 0.036009 
0.817596 0.0203616 0.0122768 0.0959796 0.0160161 0.00254714 0.0352223 
0.823009 0.0193832 0.0130058 0.0792449 0.0137215 0.00298678 0.0486486 
0.761089 0.0162455 0.0125591 0.136511 0.0160163 0.00431324 0.0532661 
0.718126 0.0278554 0.0233749 0.0437832 0.0238085 0.0226717 0.14038 
0.695048 0.0204347 0.0208554 0.0676475 0.0277101 0.0129682 0.155336 
0.639997 0.0253208 0.0302591 0.0532004 0.025649 0.0190349 0.206539 
0.751256 0.0231068 0.0221687 0.0912072 0.0151819 0.00915554 0.0879239 
0.621364 0.0160774 0.0347347 0.0354757 0.0223504 0.0153725 0.254625 
0.699737 0.0169552 0.0217266 0.149282 0.0203862 0.00893554 0.0829778 
0.680164 0.0181515 0.0256911 0.100289 0.0208711 0.00902491 0.145808 
0.644716 0.0192959 0.0332905 0.0753289 0.0217489 0.0159535 0.189666 
0.531964 0.0147162 0.036529 0.0820287 0.0208242 0.013557 0.300381 
0.517715 0.0165581 0.0379522 0.0656668 0.0269385 0.0154159 0.319754 
0.540352 0.0140963 0.04249 0.0349176 0.0264609 0.0119696 0.329713 
0.592786 0.0122096 0.0353138 0.107517 0.0330873 0.00654276 0.212543 
0.558523 0.0106809 0.0405107 0.104791 0.0248292 0.00772091 0.252944 
0.457285 0.0100373 0.0461373 0.0665166 0.0193953 0.00618921 0.394439 
0.566091 0.0113044 0.0459664 0.062704 0.0199355 0.00628787 0.287711 
0.529616 0.0117484 0.0413911 0.0662066 0.0136317 0.00418672 0.333219 
0.604738 0.0165991 0.0321077 0.0526285 0.0114173 0.00812446 0.274385 
0.615942 0.0124494 0.0373836 0.0678965 0.0133396 0.00925157 0.243737 
0.489996 0.0172589 0.0353513 0.0954096 0.0115698 0.0124308 0.337983 
0.6332 0.0167321 0.0285703 0.115468 0.0280555 0.00787012 0.170104 
0.710086 0.0200537 0.0217112 0.0713049 0.0348559 0.0103688 0.13162 
0.720818 0.0173916 0.0207627 0.0984931 0.0437821 0.00776163 0.0909909 
0.762906 0.0325363 0.0195143 0.109135 0.0139708 0.00766693 0.0542702 
0.780819 0.0245121 0.0207127 0.0789748 0.018867 0.00692368 0.0691902 
0.717098 0.0183842 0.0177734 0.170229 0.0197278 0.00633614 0.0504514 
0.696997 0.0166231 0.0206243 0.148949 0.0253701 0.00701182 0.0844252 
0.469314 0.0118528 0.0243971 0.356346 0.0218005 0.00657678 0.109713 
0.64525 0.0158404 0.0290825 0.157046 0.0162893 0.0124227 0.124069 
0.74341 0.0191692 0.020743 0.123241 0.0282453 0.00850463 0.0566874 
0.804343 0.0255251 0.0255077 0.0467575 0.0129856 0.00554425 0.079337 
0.807404 0.0202314 0.0205638 0.0959356 0.0151118 0.00312606 0.0376269 
0.820879 0.0216255 0.0226721 0.056133 0.0194847 0.00378172 0.0554237 
0.802172 0.0189695 0.0222102 0.0734411 0.0268417 0.00424785 0.0521175 
0.827993 0.0268674 0.0238816 0.0389968 0.0220439 0.00420993 0.0560072 
0.808617 0.0237737 0.0195738 0.0687444 0.0433399 0.00381477 0.0321363 
0.814514 0.0262177 0.0199939 0.0716868 0.0239431 0.00388369 0.0397604 
0.84869 0.030158 0.019517 0.0450423 0.0126136 0.0046949 0.0392845 
0.825259 0.0210805 0.0267954 0.042029 0.0244103 0.00430848 0.0561177 
0.784426 0.017351 0.0289541 0.0603491 0.0250816 0.00394473 0.0798938 
0.816775 0.0267911 0.0250169 0.0389222 0.027337 0.00502821 0.0601291 
0.818536 0.0305242 0.0219134 0.0345072 0.0364209 0.00564917 0.0524494 
0.821001 0.0239574 0.0197347 0.0420057 0.047223 0.00502874 0.0410492 
0.792848 0.0296503 0.0208317 0.0636065 0.0377373 0.00369119 0.0516348 
0.811065 0.0305824 0.0243252 0.0383448 0.0323651 0.010662 0.052655 
0.816834 0.0308683 0.0269701 0.0339816 0.0187763 0.0123648 0.0602047 
0.813919 0.0299393 0.0234416 0.0468539 0.0239011 0.00559285 0.0563522 
0.81603 0.0407774 0.02115 0.0224794 0.0285185 0.00740769 0.0636368 
0.771441 0.019571 0.0240471 0.0452406 0.0137352 0.00682241 0.119143 
0.796561 0.0215928 0.023841 0.0511364 0.0189474 0.0071195 0.080802 
0.802394 0.0359553 0.0216016 0.0480748 0.0183703 0.00556074 0.0680436 
0.798697 0.033763 0.0182215 0.0360229 0.0561728 0.00757084 0.0495522 
0.817842 0.047696 0.0173971 0.0301146 0.0255112 0.00743733 0.0540017 
0.810809 0.0289367 0.0172233 0.0566586 0.0376788 0.00490306 0.0437904 
0.812329 0.0408393 0.016161 0.0481993 0.0456478 0.00470686 0.032117 
0.783229 0.0475035 0.0189401 0.0422432 0.05036 0.00986563 0.0478584 
0.797156 0.0399663 0.0207283 0.037483 0.0309215 0.00825721 0.065488 
0.761539 0.0257744 0.0180668 0.0836788 0.0543289 0.00682897 0.0497834 
0.804276 0.0364227 0.0181682 0.043202 0.0298226 0.00585471 0.0622537 
0.730587 0.0410932 0.0183025 0.064015 0.0957191 0.00734784 0.0429353 
0.800212 0.0419326 0.0185157 0.0569088 0.0271566 0.00790028 0.0473739 
0.782405 0.0245644 0.0232548 0.0285934 0.0324938 0.00592336 0.102765 
0.816244 0.0312625 0.0219576 0.0246115 0.0203932 0.00738164 0.0781492 
0.822566 0.0294332 0.0198085 0.0502534 0.0154563 0.00526529 0.0572176 
0.778632 0.0262082 0.022769 0.0526023 0.048025 0.00817744 0.0635857 
0.797959 0.044187 0.0205444 0.0348016 0.0446983 0.00684908 0.0509607 
0.79168 0.0452506 0.016748 0.0830367 0.0186124 0.00751129 0.0371607 
0.833024 0.0383352 0.0181111 0.0502473 0.010078 0.00679503 0.0434094 
0.797637 0.0425908 0.0176746 0.0521246 0.0334395 0.00857086 0.0479622 
0.819128 0.0521799 0.0169188 0.0370995 0.0190965 0.00527906 0.0502979 
0.818287 0.0418959 0.0181337 0.0354724 0.0352163 0.00579639 0.0451979 
0.785486 0.0439396 0.015348 0.0892265 0.02434 0.00476943 0.0368908 
0.808036 0.0388369 0.015535 0.0784052 0.0230059 0.00723264 0.0289487 
0.803229 0.0203819 0.029299 0.035446 0.0270239 0.00768142 0.0769386 
0.733901 0.0223254 0.034353 0.0982664 0.0204426 0.0138396 0.0768723 
0.766489 0.0261691 0.0295233 0.0704947 0.0172447 0.0109893 0.0790895 
0.763967 0.0173815 0.0278103 0.0894785 0.0288734 0.00880747 0.0636816 
0.76359 0.0157876 0.0305335 0.0919005 0.0182977 0.00757538 0.0723155 
0.742107 0.015902 0.0274706 0.111988 0.0335686 0.00991375 0.0590502 
0.736782 0.0200168 0.0364096 0.0630329 0.0203365 0.0121651 0.111257 
0.766704 0.0171898 0.036559 0.0562215 0.0233921 0.00911356 0.0908205 
0.766386 0.0233256 0.0296677 0.082277 0.0243043 0.0119695 0.0620703 
0.810283 0.0272053 0.024411 0.0472917 0.0308339 0.00691296 0.0530625 
0.783378 0.0224629 0.0256643 0.0719156 0.0387188 0.00799805 0.0498626 
0.760823 0.0237492 0.0256283 0.062173 0.0697989 0.00739151 0.0504361 
0.720942 0.0184283 0.0340658 0.104845 0.048559 0.0062237 0.0669361 
0.719241 0.0193782 0.0455643 0.0880724 0.0215124 0.0109737 0.0952584 
0.665326 0.0201138 0.0346981 0.141409 0.073065 0.00936525 0.0560231 
0.708553 0.0238038 0.0312228 0.120953 0.0299491 0.00964719 0.0758705 
0.739982 0.0230839 0.0296766 0.0992374 0.0312455 0.00583929 0.0709356 
0.713278 0.0195556 0.0253289 0.142997 0.0371938 0.00564482 0.0560017 
0.745475 0.02295 0.0322201 0.071551 0.0298847 0.00706525 0.0908534 
0.720959 0.0193199 0.025741 0.131989 0.0496865 0.0043477 0.0479565 
0.770209 0.019637 0.026709 0.108109 0.019794 0.00446214 0.0510794 
0.771675 0.0261179 0.0252571 0.0974975 0.0296772 0.0045371 0.0452381 
0.778066 0.021563 0.0310081 0.068656 0.0426102 0.00573203 0.0523648 
0.76495 0.0167082 0.0261562 0.0833879 0.0538896 0.00386449 0.0510436 
0.709964 0.0201514 0.0313912 0.106102 0.0642992 0.00591457 0.062178 
0.738975 0.029781 0.0211729 0.13009 0.029013 0.00533756 0.0456307 
0.808084 0.0299446 0.0258844 0.0393069 0.0452719 0.00829005 0.0432181 
0.760523 0.0441443 0.0260611 0.0257296 0.0836308 0.0118339 0.0480768 
0.803372 0.0472415 0.0235345 0.0358615 0.0390898 0.00722603 0.0436745 
0.80553 0.028038 0.0336203 0.0380252 0.0234425 0.00673817 0.064606 
0.819679 0.0384245 0.0271895 0.0410549 0.01973 0.00817161 0.0457505 
0.779877 0.022534 0.0296865 0.0798088 0.0279173 0.00595792 0.0542187 
0.752023 0.0196654 0.0278527 0.0875946 0.0533734 0.00598596 0.053505 
0.714635 0.0188598 0.0289834 0.107815 0.0604506 0.00588782 0.0633676 
0.662305 0.0172345 0.0296394 0.136658 0.0844971 0.00653962 0.063126 
0.706589 0.0181779 0.0355723 0.0921726 0.0636725 0.00830579 0.0755097 
0.7392 0.0209867 0.0297784 0.0644463 0.0441839 0.00801163 0.0933933 
0.790707 0.0203813 0.0233836 0.0707576 0.0304755 0.0075934 0.0567018 
0.787615 0.0215093 0.0287214 0.0511983 0.0295703 0.00919027 0.0721954 
0.81663 0.0258692 0.0214721 0.0518744 0.021393 0.00963577 0.0531253 
0.792767 0.0249045 0.0289266 0.0466426 0.0337229 0.0145439 0.0584925 
0.779901 0.0319908 0.028207 0.0492113 0.0203449 0.0150622 0.0752824 
0.790484 0.0264129 0.0248748 0.0713329 0.0296086 0.00775214 0.0495345 
0.792942 0.02594 0.0254561 0.0509718 0.0409015 0.00870036 0.0550886 
0.810801 0.0351473 0.0239101 0.0338762 0.0399715 0.00592545 0.0503689 
0.788978 0.0325493 0.0305441 0.0390861 0.0239699 0.00866706 0.0762056 
0.794665 0.0230528 0.0253962 0.0662599 0.0267007 0.00869064 0.0552351 
0.781197 0.0276895 0.0253966 0.0759938 0.0385382 0.00640547 0.0447794 
0.809643 0.0284046 0.0226336 0.0653303 0.0264359 0.00644064 0.0411122 
0.823556 0.024696 0.0203061 0.0651411 0.0258743 0.0047298 0.0356964 
0.774126 0.0175098 0.0248525 0.0794709 0.0461 0.00756606 0.0503744 
0.798703 0.0300683 0.017587 0.0821946 0.0377282 0.00791459 0.0258047 
0.817098 0.0287734 0.0215868 0.0693708 0.0141608 0.00975528 0.0392547 
0.807672 0.0339013 0.0242414 0.0516903 0.0174394 0.0115002 0.0535553 
0.72387 0.0502901 0.0200657 0.138651 0.028521 0.0077089 0.0308935 
0.782482 0.0300288 0.0198326 0.105889 0.0212812 0.00503188 0.0354543 
0.7736 0.0383563 0.0216958 0.0676004 0.0511404 0.0110785 0.0365282 
0.782999 0.0250586 0.0208644 0.105355 0.021294 0.00792107 0.0365082 
0.752229 0.0256676 0.0215443 0.125915 0.0233514 0.00730682 0.0439854 
0.774773 0.0268855 0.0231947 0.0859825 0.0214062 0.00796216 0.0597958 
0.816128 0.0490257 0.0198415 0.0416068 0.0213111 0.00751586 0.0445707 
0.790263 0.0300318 0.024807 0.0470148 0.0346445 0.00784783 0.0653908 
0.80934 0.0282906 0.0230309 0.0644043 0.0272605 0.00478249 0.0428907 
0.783562 0.0289627 0.0238536 0.0863774 0.0331258 0.00380969 0.0403083 
0.751119 0.0328092 0.0184258 0.12309 0.0492463 0.00433424 0.0209752 
0.683782 0.0160035 0.0235602 0.185235 0.05381 0.00330842 0.0343016 
0.805261 0.022248 0.0202307 0.0840524 0.0299541 0.00279855 0.0354555 
0.812583 0.0297807 0.0278154 0.0441901 0.0235662 0.00569611 0.0563685 
0.719334 0.0307224 0.0192866 0.178241 0.027383 0.00417677 0.0208563 
0.772222 0.0353029 0.0212015 0.0944395 0.0416222 0.00547365 0.0297387 
0.746462 0.0220417 0.0230432 0.119835 0.0411853 0.00502618 0.0424071 
0.753469 0.026593 0.0236211 0.115516 0.0357907 0.00455566 0.0404549 
